West Coast/WCOA-7/CTD_Data/RB2102_CTD_038_01.ros
* Sea-Bird SBE 9 Data File:
* FileName = C:\Users\scs.user.rb\CTD\RB2102\Data\RB2102_CTD_038_01.hex
* Software Version Seasave V 7.26.7.107
* Temperature SN = 6202
* Conductivity SN = 4907
* Number of Bytes Per Scan = 41
* Number of Voltage Words = 4
* Number of Scans Averaged by the Deck Unit = 1
* NMEA Latitude = 47 06.99 N
* NMEA Longitude = 125 03.13 W
* NMEA UTC (Time) = Jul 02 2021  10:33:13
* NMEA baud rate = 4800
# nquan = 30
# nvalues = 1127                                  
# units = specified
# name 0 = scan: Scan Count
# name 1 = timeS: Time, Elapsed [seconds]
# name 2 = depSM: Depth [salt water, m]
# name 3 = prDM: Pressure, Digiquartz [db]
# name 4 = t090C: Temperature [ITS-90, deg C]
# name 5 = t190C: Temperature, 2 [ITS-90, deg C]
# name 6 = c0mS/cm: Conductivity [mS/cm]
# name 7 = c1mS/cm: Conductivity, 2 [mS/cm]
# name 8 = potemp090C: Potential Temperature [ITS-90, deg C]
# name 9 = potemp190C: Potential Temperature, 2 [ITS-90, deg C]
# name 10 = sal00: Salinity, Practical [PSU]
# name 11 = sal11: Salinity, Practical, 2 [PSU]
# name 12 = sigma-é00: Density [sigma-theta, kg/m^3]
# name 13 = sigma-é11: Density, 2 [sigma-theta, kg/m^3]
# name 14 = sbeox0Mg/L: Oxygen, SBE 43 [mg/l]
# name 15 = sbeox1Mg/L: Oxygen, SBE 43, 2 [mg/l]
# name 16 = sbox0Mm/Kg: Oxygen, SBE 43 [umol/kg]
# name 17 = sbox1Mm/Kg: Oxygen, SBE 43, 2 [umol/kg]
# name 18 = sbeox0V: Oxygen raw, SBE 43 [V]
# name 19 = sbeox1V: Oxygen raw, SBE 43, 2 [V]
# name 20 = v4: Voltage 4
# name 21 = flECO-AFL: Fluorescence, WET Labs ECO-AFL/FL [mg/m^3]
# name 22 = v3: Voltage 3
# name 23 = v6: Voltage 6
# name 24 = v7: Voltage 7
# name 25 = longitude: Longitude [deg]
# name 26 = latitude: Latitude [deg]
# name 27 = altM: Altimeter [m]
# name 28 = nbf: Bottles Fired
# name 29 = flag:  0.000e+00
# interval = seconds: 0.0416667
# start_time = Jul 02 2021 10:33:13 [NMEA time, header]
# bad_flag = -9.990e-29
*END*
[from data line 871]
     127177   5299.000     30.510     30.768     9.5081     9.5010  35.125264  35.121015     9.5048     9.4977    32.4093    32.4113    25.0103    25.0131     5.8276     6.0004    177.670    182.938     1.7949     1.7399     0.0647     0.5928     3.2918     1.3455     0.0000 -125.05718   47.11428      99.37         18  0.000e+00
     127178   5299.042     30.510     30.768     9.5080     9.5015  35.124508  35.121581     9.5047     9.4982    32.4087    32.4115    25.0099    25.0131     5.8276     6.0003    177.672    182.936     1.7949     1.7399     0.0647     0.5928     3.2918     1.3455     0.0000 -125.05718   47.11428      99.37         18  0.000e+00
     127179   5299.083     30.563     30.821     9.5081     9.5020  35.123753  35.122714     9.5048     9.4987    32.4077    32.4122    25.0091    25.0136     5.8277     6.0121    177.674    183.296     1.7949     1.7424     0.0659     0.6234     3.2906     1.3455     0.0000 -125.05718   47.11428      99.37         18  0.000e+00
     127180   5299.125     30.510     30.768     9.5071     9.5030  35.122493  35.123028     9.5038     9.4997    32.4073    32.4116    25.0090    25.0130     5.8278     6.0060    177.677    183.110     1.7949     1.7411     0.0659     0.6234     3.2906     1.3455     0.0000 -125.05718   47.11428      99.37         18  0.000e+00
     127181   5299.167     30.556     30.815     9.5047     9.5042  35.121612  35.123721     9.5014     9.5009    32.4086    32.4113    25.0104    25.0125     5.8335     6.0059    177.852    183.107     1.7961     1.7411     0.0659     0.6234     3.2906     1.3455     0.0000 -125.05718   47.11428      99.37         18  0.000e+00
     127182   5299.208     30.556     30.815     9.5028     9.5048  35.120668  35.124161     9.4994     9.5015    32.4094    32.4111    25.0113    25.0123     5.8283     6.0117    177.693    183.285     1.7949     1.7424     0.0659     0.6234     3.2906     1.3455     0.0000 -125.05718   47.11428      99.37         18  0.000e+00
     127183   5299.250     30.563     30.821     9.5013     9.5059  35.120794  35.124727     9.4980     9.5026    32.4109    32.4107    25.0127    25.0118     5.8339     6.0057    177.864    183.100     1.7961     1.7411     0.0659     0.6234     3.2918     1.3455     0.0000 -125.05718   47.11428      99.37         18  0.000e+00
     127184   5299.292     30.556     30.815     9.5017     9.5065  35.121738  35.125105     9.4984     9.5031    32.4115    32.4106    25.0131    25.0116     5.8284     6.0115    177.695    183.278     1.7949     1.7424     0.0647     0.5928     3.2918     1.3455     0.0000 -125.05718   47.11428      99.37         18  0.000e+00
     127185   5299.333     30.556     30.815     9.5023     9.5069  35.122053  35.125419     9.4989     9.5036    32.4113    32.4105    25.0128    25.0115     5.8338     5.9996    177.859    182.915     1.7961     1.7399     0.0647     0.5928     3.2918     1.3455     0.0000 -125.05718   47.11428      99.37         18  0.000e+00
     127186   5299.375     30.563     30.821     9.5024     9.5074  35.121864  35.125042     9.4991     9.5041    32.4109    32.4096    25.0125    25.0107     5.8338     6.0114    177.859    183.275     1.7961     1.7424     0.0647     0.5928     3.2906     1.3455     0.0000 -125.05718   47.11428      99.37         18  0.000e+00
     127187   5299.417     30.556     30.815     9.5026     9.5076  35.121738  35.124664     9.4993     9.5043    32.4107    32.4091    25.0123    25.0103     5.8337     6.0114    177.858    183.275     1.7961     1.7424     0.0647     0.5928     3.2906     1.3455     0.0000 -125.05718   47.11428      99.37         18  0.000e+00
     131360   5473.292     15.206     15.334    12.9768    12.9933  37.680662  37.694147    12.9747    12.9913    31.8998    31.8986    23.9972    23.9931     9.5217     9.7511    290.585    297.586     2.7924     2.6789     0.1001     1.4781     3.2747     0.8840     0.0000 -125.05712   47.11428      99.80         19  0.000e+00
     131361   5473.333     15.166     15.294    12.9773    12.9940  37.680403  37.694470    12.9753    12.9920    31.8992    31.8983    23.9966    23.9927     9.5216     9.7564    290.582    297.748     2.7924     2.6801     0.1001     1.4781     3.2747     0.8840     0.0000 -125.05712   47.11428      99.80         19  0.000e+00
     131362   5473.375     15.206     15.334    12.9768    12.9938  37.679691  37.693888    12.9748    12.9918    31.8989    31.8979    23.9965    23.9924     9.5167     9.7565    290.433    297.751     2.7912     2.6801     0.1001     1.4781     3.2747     0.8840     0.0000 -125.05712   47.11428      99.80         19  0.000e+00
     131363   5473.417     15.252     15.381    12.9760    12.9933  37.679109  37.693112    12.9739    12.9913    31.8990    31.8976    23.9968    23.9923     9.5170     9.7567    290.440    297.757     2.7912     2.6801     0.1001     1.4781     3.2747     0.8840     0.0000 -125.05712   47.11428      99.80         19  0.000e+00
     131364   5473.458     15.166     15.294    12.9754    12.9932  37.678396  37.693500    12.9734    12.9911    31.8989    31.8981    23.9967    23.9927     9.5170     9.7566    290.440    297.754     2.7912     2.6801     0.1001     1.4781     3.2747     0.8840     0.0000 -125.05712   47.11428      99.80         19  0.000e+00
     131365   5473.500     15.153     15.281    12.9751    12.9928  37.678461  37.694859    12.9731    12.9908    31.8992    31.8997    23.9970    23.9940     9.5170     9.7566    290.441    297.752     2.7912     2.6801     0.1013     1.5086     3.2747     0.8840     0.0000 -125.05712   47.11428      99.83         19  0.000e+00
     131366   5473.542     15.153     15.281    12.9751    12.9933  37.678073  37.696088    12.9731    12.9913    31.8988    31.9005    23.9967    23.9945     9.5170     9.7564    290.442    297.748     2.7912     2.6801     0.1026     1.5391     3.2747     0.8840     0.0000 -125.05712   47.11428      99.80         19  0.000e+00
     131367   5473.583     15.213     15.341    12.9750    12.9940  37.677685  37.696994    12.9729    12.9920    31.8985    31.9007    23.9966    23.9945     9.5121     9.7563    290.292    297.745     2.7900     2.6801     0.1026     1.5391     3.2747     0.8840     0.0000 -125.05712   47.11428      99.80         19  0.000e+00
     131368   5473.625     15.153     15.281    12.9749    12.9952  37.678591  37.697059    12.9729    12.9931    31.8995    31.8998    23.9973    23.9936     9.5120     9.7560    290.288    297.737     2.7900     2.6801     0.1026     1.5391     3.2747     0.8840     0.0000 -125.05712   47.11428      99.80         19  0.000e+00
     131369   5473.667     15.206     15.334    12.9761    12.9964  37.680468  37.697706    12.9741    12.9943    31.9002    31.8994    23.9976    23.9931     9.5118     9.7559    290.281    297.732     2.7900     2.6801     0.1026     1.5391     3.2747     0.8840     0.0000 -125.05712   47.11428      99.80         19  0.000e+00
     131370   5473.708     15.166     15.294    12.9778    12.9967  37.684158  37.697447    12.9758    12.9946    31.9023    31.8989    23.9989    23.9926     9.5113     9.7558    290.265    297.729     2.7900     2.6801     0.1026     1.5391     3.2747     0.8840     0.0000 -125.05712   47.11428      99.80         19  0.000e+00
     131371   5473.750     15.206     15.334    12.9813    12.9972  37.687978  37.697770    12.9792    12.9952    31.9029    31.8987    23.9988    23.9924     9.5106     9.7557    290.244    297.728     2.7900     2.6801     0.1026     1.5391     3.2735     0.8840     0.0000 -125.05712   47.11428      99.80         19  0.000e+00
     131372   5473.792     15.153     15.281    12.9854    12.9979  37.690827  37.699647    12.9834    12.9958    31.9021    31.9000    23.9973    23.9932     9.5047     9.7554    290.064    297.719     2.7888     2.6801     0.1026     1.5391     3.2747     0.8840     0.0000 -125.05712   47.11428      99.80         19  0.000e+00
     131373   5473.833     15.114     15.241    12.9889    13.0002  37.692769  37.702947    12.9869    12.9982    31.9010    31.9011    23.9958    23.9936     9.5040     9.7548    290.043    297.699     2.7888     2.6801     0.1026     1.5391     3.2747     0.8840     0.0000 -125.05712   47.11428      99.80         19  0.000e+00
     131374   5473.875     15.206     15.334    12.9906    13.0037  37.691215  37.705859    12.9886    13.0016    31.8981    31.9009    23.9932    23.9928     9.5039     9.7542    290.042    297.681     2.7888     2.6801     0.1026     1.5391     3.2747     0.8828     0.0000 -125.05712   47.11428      99.83         19  0.000e+00
     131375   5473.917     15.107     15.234    12.9896    13.0067  37.689013  37.707024    12.9876    13.0047    31.8969    31.8995    23.9925    23.9911     9.5041     9.7535    290.047    297.660     2.7888     2.6801     0.1026     1.5391     3.2747     0.8828     0.0000 -125.05712   47.11428      99.80         19  0.000e+00
     131376   5473.958     15.213     15.341    12.9883    13.0086  37.687783  37.705729    12.9863    13.0066    31.8968    31.8966    23.9927    23.9886     9.4994     9.7589    289.905    297.824     2.7875     2.6813     0.1026     1.5391     3.2747     0.8828     0.0000 -125.05712   47.11428      99.80         19  0.000e+00
     131377   5474.000     15.107     15.234    12.9854    13.0085  37.685258  37.704499    12.9834    13.0065    31.8969    31.8956    23.9933    23.9878     9.4999     9.7533    289.919    297.656     2.7875     2.6801     0.1026     1.5391     3.2747     0.8828     0.0000 -125.05712   47.11428      99.80         19  0.000e+00
     131378   5474.042     15.153     15.281    12.9818    13.0081  37.682539  37.704694    12.9798    13.0061    31.8974    31.8961    23.9944    23.9882     9.5006     9.7589    289.942    297.826     2.7875     2.6813     0.1026     1.5391     3.2747     0.8828     0.0000 -125.05712   47.11428      99.80         19  0.000e+00
     131379   5474.083     15.167     15.294    12.9789    13.0077  37.680662  37.704629    12.9769    13.0057    31.8980    31.8963    23.9954    23.9885     9.5012     9.7590    289.959    297.829     2.7875     2.6813     0.1026     1.5391     3.2747     0.8828     0.0000 -125.05712   47.11428      99.80         19  0.000e+00
     131380   5474.125     15.154     15.281    12.9772    13.0071  37.679044  37.703788    12.9752    13.0051    31.8979    31.8961    23.9957    23.9884     9.4965     9.7591    289.815    297.833     2.7863     2.6813     0.1026     1.5391     3.2747     0.8828     0.0000 -125.05712   47.11428      99.80         19  0.000e+00
     131381   5474.167     15.107     15.234    12.9756    13.0055  37.677296  37.702817    12.9736    13.0035    31.8977    31.8966    23.9958    23.9891     9.4968     9.7594    289.824    297.841     2.7863     2.6813     0.1026     1.5391     3.2747     0.8828     0.0000 -125.05712   47.11428      99.80         19  0.000e+00
     131382   5474.208     15.213     15.341    12.9741    13.0035  37.675937  37.700811    12.9721    13.0015    31.8976    31.8963    23.9960    23.9892     9.4972     9.7600    289.837    297.858     2.7863     2.6813     0.1026     1.5391     3.2747     0.8828     0.0000 -125.05712   47.11428      99.80         19  0.000e+00
     131383   5474.250     15.107     15.234    12.9728    13.0011  37.675613  37.698740    12.9708    12.9990    31.8985    31.8964    23.9969    23.9899     9.4973     9.7604    289.839    297.870     2.7863     2.6813     0.1026     1.5391     3.2747     0.8828     0.0000 -125.05712   47.11428      99.80         19  0.000e+00
     131384   5474.292     15.154     15.281    12.9727    12.9985  37.676325  37.697511    12.9707    12.9965    31.8992    31.8974    23.9975    23.9911     9.4973     9.7609    289.840    297.887     2.7863     2.6813     0.1026     1.5391     3.2747     0.8828     0.0000 -125.05712   47.11428      99.80         19  0.000e+00
     131385   5474.333     15.154     15.281    12.9730    12.9975  37.677102  37.698029    12.9709    12.9955    31.8997    31.8987    23.9979    23.9923     9.4922     9.7611    289.684    297.891     2.7851     2.6813     0.1026     1.5391     3.2747     0.8828     0.0000 -125.05712   47.11428      99.80         19  0.000e+00
     131386   5474.375     15.114     15.241    12.9744    12.9977  37.681245  37.699711    12.9724    12.9957    31.9024    31.9002    23.9996    23.9934     9.4917     9.7609    289.668    297.885     2.7851     2.6813     0.1026     1.5391     3.2747     0.8828     0.0000 -125.05712   47.11428      99.80         19  0.000e+00
     131387   5474.417     15.154     15.281    12.9806    12.9987  37.688302  37.701006    12.9786    12.9967    31.9038    31.9005    23.9996    23.9935     9.4904     9.7607    289.628    297.879     2.7851     2.6813     0.1026     1.5391     3.2747     0.8828     0.0000 -125.05712   47.11428      99.80         19  0.000e+00
     131388   5474.458     15.207     15.335    12.9871    12.9994  37.694194  37.702041    12.9851    12.9973    31.9039    31.9009    23.9983    23.9937     9.4942     9.7606    289.744    297.876     2.7863     2.6813     0.1026     1.5391     3.2747     0.8828     0.0000 -125.05712   47.11428      99.80         19  0.000e+00
     131389   5474.500     15.068     15.195    12.9923    13.0008  37.696977  37.703723    12.9902    12.9988    31.9022    31.9013    23.9960    23.9937     9.4880     9.7601    289.557    297.860     2.7851     2.6813     0.1026     1.5391     3.2747     0.8828     0.0000 -125.05712   47.11428      99.80         19  0.000e+00
     131390   5474.542     15.154     15.281    12.9941    13.0022  37.695682  37.705989    12.9921    13.0002    31.8994    31.9023    23.9935    23.9942     9.4879     9.7598    289.555    297.852     2.7851     2.6813     0.1026     1.5391     3.2747     0.8828     0.0000 -125.05712   47.11428      99.80         19  0.000e+00
     131391   5474.583     15.154     15.281    12.9941    13.0039  37.693675  37.707801    12.9921    13.0019    31.8975    31.9026    23.9921    23.9941     9.4880     9.7594    289.559    297.841     2.7851     2.6813     0.1026     1.5391     3.2747     0.8828     0.0000 -125.05712   47.11428      99.80         19  0.000e+00
     131392   5474.625     15.167     15.295    12.9920    13.0056  37.690178  37.708966    12.9899    13.0035    31.8960    31.9022    23.9913    23.9935     9.4886     9.7591    289.575    297.831     2.7851     2.6813     0.1026     1.5391     3.2747     0.8828     0.0000 -125.05712   47.11428      99.80         19  0.000e+00
     131393   5474.667     15.154     15.281    12.9884    13.0070  37.687200  37.708706    12.9864    13.0050    31.8962    31.9008    23.9921    23.9921     9.4842     9.7589    289.442    297.824     2.7839     2.6813     0.1026     1.5391     3.2747     0.8828     0.0000 -125.05712   47.11428      99.80         19  0.000e+00
     131394   5474.708     15.154     15.281    12.9858    13.0073  37.684740  37.706571    12.9837    13.0052    31.8961    31.8986    23.9926    23.9903     9.4898     9.7590    289.613    297.827     2.7851     2.6813     0.1026     1.5391     3.2747     0.8828     0.0000 -125.05712   47.11428      99.80         19  0.000e+00
     131395   5474.750     15.114     15.241    12.9831    13.0069  37.682668  37.705341    12.9811    13.0049    31.8964    31.8977    23.9934    23.9897     9.4903     9.7590    289.627    297.829     2.7851     2.6813     0.1026     1.5391     3.2747     0.8828     0.0000 -125.05712   47.11428      99.80         19  0.000e+00
