West Coast/WCOA-7/CTD_Data/RB2102_CTD_018_01.ros
* Sea-Bird SBE 9 Data File:
* FileName = C:\Users\scs.user.rb\CTD\RB2102\Data\RB2102_CTD_018_01.hex
* Software Version Seasave V 7.26.7.107
* Temperature SN = 6202
* Conductivity SN = 4907
* Number of Bytes Per Scan = 41
* Number of Voltage Words = 4
* Number of Scans Averaged by the Deck Unit = 1
* NMEA Latitude = 48 22.15 N
* NMEA Longitude = 124 56.94 W
* NMEA UTC (Time) = Jun 28 2021  18:40:48
* NMEA baud rate = 4800
# nquan = 30
# nvalues = 686                                   
# units = specified
# name 0 = scan: Scan Count
# name 1 = timeS: Time, Elapsed [seconds]
# name 2 = depSM: Depth [salt water, m]
# name 3 = prDM: Pressure, Digiquartz [db]
# name 4 = t090C: Temperature [ITS-90, deg C]
# name 5 = t190C: Temperature, 2 [ITS-90, deg C]
# name 6 = c0mS/cm: Conductivity [mS/cm]
# name 7 = c1mS/cm: Conductivity, 2 [mS/cm]
# name 8 = potemp090C: Potential Temperature [ITS-90, deg C]
# name 9 = potemp190C: Potential Temperature, 2 [ITS-90, deg C]
# name 10 = sal00: Salinity, Practical [PSU]
# name 11 = sal11: Salinity, Practical, 2 [PSU]
# name 12 = sigma-é00: Density [sigma-theta, kg/m^3]
# name 13 = sigma-é11: Density, 2 [sigma-theta, kg/m^3]
# name 14 = sbeox0Mg/L: Oxygen, SBE 43 [mg/l]
# name 15 = sbeox1Mg/L: Oxygen, SBE 43, 2 [mg/l]
# name 16 = sbox0Mm/Kg: Oxygen, SBE 43 [umol/kg]
# name 17 = sbox1Mm/Kg: Oxygen, SBE 43, 2 [umol/kg]
# name 18 = sbeox0V: Oxygen raw, SBE 43 [V]
# name 19 = sbeox1V: Oxygen raw, SBE 43, 2 [V]
# name 20 = v4: Voltage 4
# name 21 = flECO-AFL: Fluorescence, WET Labs ECO-AFL/FL [mg/m^3]
# name 22 = v3: Voltage 3
# name 23 = v6: Voltage 6
# name 24 = v7: Voltage 7
# name 25 = longitude: Longitude [deg]
# name 26 = latitude: Latitude [deg]
# name 27 = altM: Altimeter [m]
# name 28 = nbf: Bottles Fired
# name 29 = flag:  0.000e+00
# interval = seconds: 0.0416667
# start_time = Jun 28 2021 18:40:48 [NMEA time, header]
# bad_flag = -9.990e-29
*END*
[from data line 242]
      27100   1129.125     59.499     60.014     7.4079     7.4184  34.177271  34.176308     7.4023     7.4128    33.3559    33.3447    26.0683    26.0581     3.6407     3.6685    110.882    111.730     1.2662     1.2234     0.0415     0.0129     3.3077     1.6422     0.1197 -124.94962   48.36980      59.27          5  0.000e+00
      27101   1129.167     59.480     59.994     7.4077     7.4174  34.177147  34.176495     7.4021     7.4118    33.3559    33.3459    26.0684    26.0592     3.6350     3.6685    110.709    111.732     1.2650     1.2234     0.0415     0.0129     3.3101     1.6422     0.1197 -124.94962   48.36980      59.34          5  0.000e+00
      27102   1129.208     59.552     60.067     7.4074     7.4173  34.177147  34.176059     7.4018     7.4117    33.3562    33.3455    26.0687    26.0589     3.6293     3.6624    110.537    111.544     1.2637     1.2222     0.0415     0.0129     3.3101     1.6422     0.1197 -124.94962   48.36980      59.34          5  0.000e+00
      29976   1248.958     49.640     50.068     7.7361     7.7360  34.144996  34.144245     7.7313     7.7312    33.0124    33.0116    25.7518    25.7512     4.4140     4.3595    134.477    132.817     1.4383     1.3651     0.0415     0.0129     3.3053     1.5836     0.1197 -124.94970   48.36986      69.13          6  0.000e+00
      29977   1249.000     49.713     50.141     7.7361     7.7360  34.144996  34.144058     7.7313     7.7312    33.0124    33.0114    25.7518    25.7511     4.4140     4.3596    134.478    132.819     1.4383     1.3651     0.0427     0.0434     3.3053     1.5836     0.1197 -124.94970   48.36986      69.11          6  0.000e+00
      29978   1249.042     49.660     50.088     7.7361     7.7360  34.145120  34.144431     7.7313     7.7312    33.0125    33.0118    25.7519    25.7514     4.4140     4.3596    134.477    132.818     1.4383     1.3651     0.0427     0.0434     3.3065     1.5836     0.1197 -124.94970   48.36986      69.13          6  0.000e+00
      29979   1249.083     49.759     50.188     7.7361     7.7360  34.145121  34.143996     7.7313     7.7312    33.0125    33.0113    25.7519    25.7510     4.4141     4.3596    134.479    132.820     1.4383     1.3651     0.0427     0.0434     3.3065     1.5836     0.1197 -124.94970   48.36986      69.11          6  0.000e+00
      29980   1249.125     49.693     50.121     7.7361     7.7360  34.144871  34.143934     7.7313     7.7312    33.0122    33.0113    25.7517    25.7510     4.4140     4.3596    134.478    132.819     1.4383     1.3651     0.0427     0.0434     3.3053     1.5836     0.1197 -124.94970   48.36986      69.11          6  0.000e+00
      29981   1249.167     49.713     50.141     7.7361     7.7362  34.145245  34.143996     7.7313     7.7314    33.0126    33.0112    25.7520    25.7509     4.4140     4.3596    134.478    132.819     1.4383     1.3651     0.0427     0.0434     3.3053     1.5836     0.1197 -124.94970   48.36986      69.08          6  0.000e+00
      29982   1249.208     49.660     50.088     7.7361     7.7362  34.144933  34.144307     7.7313     7.7314    33.0123    33.0115    25.7518    25.7512     4.4140     4.3595    134.477    132.817     1.4383     1.3651     0.0427     0.0434     3.3053     1.5836     0.1197 -124.94970   48.36986      69.08          6  0.000e+00
      29983   1249.250     49.713     50.141     7.7357     7.7362  34.144996  34.144058     7.7309     7.7314    33.0127    33.0113    25.7521    25.7509     4.4141     4.3596    134.479    132.819     1.4383     1.3651     0.0427     0.0434     3.3053     1.5836     0.1197 -124.94970   48.36986      69.08          6  0.000e+00
      29984   1249.292     49.759     50.188     7.7361     7.7362  34.144871  34.144183     7.7313     7.7314    33.0122    33.0114    25.7517    25.7510     4.4141     4.3596    134.479    132.819     1.4383     1.3651     0.0427     0.0434     3.3053     1.5836     0.1197 -124.94970   48.36986      69.08          6  0.000e+00
      29985   1249.333     49.693     50.121     7.7359     7.7362  34.144996  34.143934     7.7311     7.7314    33.0125    33.0111    25.7519    25.7508     4.4084     4.3596    134.305    132.818     1.4371     1.3651     0.0427     0.0434     3.3053     1.5836     0.1197 -124.94970   48.36986      69.08          6  0.000e+00
      29986   1249.375     49.713     50.141     7.7361     7.7362  34.145120  34.143934     7.7313     7.7314    33.0125    33.0111    25.7519    25.7508     4.4140     4.3596    134.478    132.819     1.4383     1.3651     0.0427     0.0434     3.3065     1.5836     0.1197 -124.94970   48.36986      69.13          6  0.000e+00
      29987   1249.417     49.713     50.141     7.7361     7.7362  34.145307  34.144183     7.7313     7.7314    33.0127    33.0114    25.7521    25.7510     4.4140     4.3596    134.478    132.818     1.4383     1.3651     0.0427     0.0434     3.3065     1.5836     0.1197 -124.94970   48.36986      69.16          6  0.000e+00
      29988   1249.458     49.759     50.188     7.7359     7.7363  34.145245  34.144121     7.7311     7.7316    33.0127    33.0111    25.7521    25.7508     4.4141     4.3596    134.479    132.819     1.4383     1.3651     0.0427     0.0434     3.3053     1.5836     0.1197 -124.94970   48.36986      69.16          6  0.000e+00
      29989   1249.500     49.693     50.121     7.7361     7.7362  34.145120  34.144494     7.7313     7.7314    33.0125    33.0117    25.7519    25.7513     4.4140     4.3596    134.477    132.818     1.4383     1.3651     0.0427     0.0434     3.3065     1.5836     0.1197 -124.94970   48.36986      69.16          6  0.000e+00
      29990   1249.542     49.713     50.141     7.7362     7.7363  34.144871  34.144369     7.7314     7.7316    33.0121    33.0114    25.7516    25.7510     4.4140     4.3596    134.478    132.818     1.4383     1.3651     0.0427     0.0434     3.3053     1.5836     0.1197 -124.94970   48.36986      69.16          6  0.000e+00
      29991   1249.583     49.759     50.188     7.7361     7.7362  34.144996  34.144370     7.7313     7.7314    33.0123    33.0116    25.7518    25.7512     4.4084     4.3596    134.306    132.819     1.4371     1.3651     0.0427     0.0434     3.3053     1.5836     0.1197 -124.94970   48.36986      69.16          6  0.000e+00
      29992   1249.625     49.713     50.141     7.7359     7.7362  34.144871  34.143871     7.7311     7.7314    33.0124    33.0111    25.7518    25.7508     4.4141     4.3596    134.478    132.819     1.4383     1.3651     0.0427     0.0434     3.3065     1.5836     0.1197 -124.94970   48.36986      69.21          6  0.000e+00
      29993   1249.667     49.739     50.168     7.7359     7.7360  34.144809  34.143934     7.7311     7.7312    33.0123    33.0112    25.7518    25.7509     4.4141     4.3596    134.479    132.820     1.4383     1.3651     0.0427     0.0434     3.3065     1.5836     0.1197 -124.94970   48.36986      69.23          6  0.000e+00
      29994   1249.708     49.713     50.142     7.7359     7.7362  34.144996  34.144307     7.7311     7.7314    33.0125    33.0115    25.7519    25.7511     4.4141     4.3596    134.478    132.818     1.4383     1.3651     0.0427     0.0434     3.3065     1.5836     0.1197 -124.94970   48.36986      69.26          6  0.000e+00
      29995   1249.750     49.759     50.188     7.7361     7.7362  34.145307  34.144307     7.7313     7.7314    33.0127    33.0115    25.7521    25.7511     4.4141     4.3596    134.478    132.819     1.4383     1.3651     0.0427     0.0434     3.3065     1.5836     0.1197 -124.94970   48.36986      69.23          6  0.000e+00
      29996   1249.792     49.759     50.188     7.7361     7.7360  34.145432  34.144058     7.7313     7.7312    33.0128    33.0114    25.7522    25.7510     4.4141     4.3596    134.478    132.820     1.4383     1.3651     0.0427     0.0434     3.3053     1.5836     0.1197 -124.94970   48.36986      69.23          6  0.000e+00
      29997   1249.833     49.740     50.168     7.7360     7.7362  34.145245  34.144058     7.7312     7.7314    33.0127    33.0112    25.7521    25.7509     4.4084     4.3596    134.306    132.819     1.4371     1.3651     0.0427     0.0434     3.3053     1.5836     0.1197 -124.94970   48.36986      69.23          6  0.000e+00
      29998   1249.875     49.713     50.142     7.7359     7.7362  34.145370  34.143996     7.7311     7.7314    33.0129    33.0112    25.7522    25.7509     4.4140     4.3596    134.478    132.819     1.4383     1.3651     0.0415     0.0129     3.3065     1.5836     0.1197 -124.94970   48.36986      69.11          6  0.000e+00
      29999   1249.917     49.806     50.235     7.7361     7.7362  34.145183  34.144183     7.7313     7.7314    33.0125    33.0113    25.7519    25.7510     4.4141     4.3596    134.479    132.820     1.4383     1.3651     0.0415     0.0129     3.3065     1.5836     0.1197 -124.94970   48.36986      68.99          6  0.000e+00
      30000   1249.958     49.759     50.188     7.7362     7.7363  34.144871  34.144369     7.7314     7.7316    33.0121    33.0114    25.7516    25.7510     4.4141     4.3596    134.478    132.819     1.4383     1.3651     0.0415     0.0129     3.3065     1.5836     0.1197 -124.94970   48.36986      68.99          6  0.000e+00
      30001   1250.000     49.793     50.222     7.7361     7.7362  34.144996  34.144058     7.7313     7.7314    33.0123    33.0112    25.7518    25.7509     4.4084     4.3596    134.307    132.820     1.4371     1.3651     0.0415     0.0129     3.3053     1.5836     0.1197 -124.94970   48.36986      68.99          6  0.000e+00
      30002   1250.042     49.759     50.188     7.7362     7.7363  34.145121  34.144183     7.7314     7.7316    33.0123    33.0112    25.7518    25.7508     4.4084     4.3596    134.306    132.819     1.4371     1.3651     0.0415     0.0129     3.3053     1.5836     0.1197 -124.94970   48.36986      68.99          6  0.000e+00
      30003   1250.083     49.759     50.188     7.7361     7.7363  34.145307  34.144369     7.7313     7.7316    33.0127    33.0114    25.7521    25.7510     4.4084     4.3596    134.306    132.819     1.4371     1.3651     0.0415     0.0129     3.3053     1.5836     0.1197 -124.94970   48.36986      68.99          6  0.000e+00
      30004   1250.125     49.806     50.235     7.7364     7.7363  34.145183  34.144307     7.7316     7.7315    33.0122    33.0113    25.7516    25.7510     4.4084     4.3596    134.306    132.820     1.4371     1.3651     0.0415     0.0129     3.3077     1.5836     0.1197 -124.94970   48.36986      69.01          6  0.000e+00
      30005   1250.167     49.793     50.222     7.7364     7.7363  34.145307  34.144370     7.7316     7.7316    33.0123    33.0114    25.7517    25.7510     4.4084     4.3596    134.306    132.819     1.4371     1.3651     0.0415     0.0129     3.3053     1.5836     0.1197 -124.94970   48.36986      69.01          6  0.000e+00
      30006   1250.208     49.759     50.188     7.7362     7.7362  34.145432  34.144307     7.7314     7.7314    33.0127    33.0115    25.7520    25.7511     4.4084     4.3596    134.305    132.819     1.4371     1.3651     0.0415     0.0129     3.3065     1.5836     0.1197 -124.94970   48.36986      69.04          6  0.000e+00
      30007   1250.250     49.806     50.235     7.7364     7.7362  34.144934  34.144058     7.7316     7.7314    33.0119    33.0112    25.7514    25.7509     4.4141     4.3596    134.479    132.820     1.4383     1.3651     0.0415     0.0129     3.3053     1.5836     0.1197 -124.94970   48.36986      69.01          6  0.000e+00
      30008   1250.292     49.806     50.235     7.7365     7.7360  34.145245  34.144307     7.7317     7.7312    33.0121    33.0116    25.7516    25.7512     4.4084     4.3596    134.306    132.820     1.4371     1.3651     0.0415     0.0129     3.3053     1.5836     0.1197 -124.94970   48.36986      69.01          6  0.000e+00
      30009   1250.333     49.839     50.269     7.7362     7.7363  34.145183  34.144308     7.7314     7.7316    33.0124    33.0113    25.7518    25.7509     4.4084     4.3596    134.307    132.820     1.4371     1.3651     0.0415     0.0129     3.3065     1.5836     0.1197 -124.94970   48.36986      69.01          6  0.000e+00
      30010   1250.375     49.806     50.235     7.7364     7.7362  34.145121  34.144494     7.7316     7.7314    33.0121    33.0117    25.7516    25.7513     4.4141     4.3596    134.479    132.820     1.4383     1.3651     0.0415     0.0129     3.3065     1.5836     0.1197 -124.94970   48.36986      68.99          6  0.000e+00
      30011   1250.417     49.806     50.235     7.7364     7.7363  34.145121  34.144432     7.7316     7.7316    33.0121    33.0114    25.7516    25.7510     4.4084     4.3596    134.306    132.819     1.4371     1.3651     0.0415     0.0129     3.3065     1.5836     0.1197 -124.94970   48.36986      68.94          6  0.000e+00
      30012   1250.458     49.859     50.289     7.7364     7.7362  34.145121  34.143872     7.7316     7.7314    33.0121    33.0110    25.7516    25.7507     4.4084     4.3597    134.307    132.821     1.4371     1.3651     0.0415     0.0129     3.3053     1.5836     0.1197 -124.94970   48.36986      68.94          6  0.000e+00
      30013   1250.500     49.793     50.222     7.7361     7.7362  34.145121  34.144121     7.7313     7.7314    33.0125    33.0113    25.7519    25.7510     4.4084     4.3596    134.307    132.820     1.4371     1.3651     0.0415     0.0129     3.3053     1.5836     0.1197 -124.94970   48.36986      68.96          6  0.000e+00
      30014   1250.542     49.859     50.289     7.7362     7.7360  34.145121  34.144121     7.7314     7.7312    33.0123    33.0114    25.7517    25.7511     4.4085     4.3597    134.307    132.821     1.4371     1.3651     0.0415     0.0129     3.3053     1.5836     0.1197 -124.94970   48.36986      68.94          6  0.000e+00
      30015   1250.583     49.859     50.289     7.7361     7.7363  34.145308  34.144494     7.7313     7.7316    33.0126    33.0115    25.7520    25.7511     4.4085     4.3596    134.308    132.820     1.4371     1.3651     0.0415     0.0129     3.3053     1.5836     0.1197 -124.94970   48.36986      68.94          6  0.000e+00
      30016   1250.625     49.806     50.235     7.7361     7.7363  34.145245  34.144121     7.7313     7.7315    33.0126    33.0111    25.7520    25.7508     4.4084     4.3596    134.307    132.820     1.4371     1.3651     0.0415     0.0129     3.3053     1.5836     0.1197 -124.94970   48.36986      69.13          6  0.000e+00
      30017   1250.667     49.885     50.315     7.7359     7.7362  34.145370  34.144557     7.7311     7.7314    33.0128    33.0117    25.7522    25.7513     4.4085     4.3597    134.308    132.821     1.4371     1.3651     0.0415     0.0129     3.3065     1.5836     0.1197 -124.94970   48.36986      69.28          6  0.000e+00
      30018   1250.708     49.859     50.289     7.7361     7.7366  34.145183  34.144370     7.7313     7.7318    33.0125    33.0111    25.7519    25.7507     4.4141     4.3596    134.480    132.820     1.4383     1.3651     0.0415     0.0129     3.3065     1.5836     0.1197 -124.94970   48.36986      69.28          6  0.000e+00
      30019   1250.750     49.859     50.289     7.7361     7.7366  34.144872  34.144308     7.7313     7.7318    33.0122    33.0110    25.7517    25.7507     4.4085     4.3596    134.308    132.820     1.4371     1.3651     0.0415     0.0129     3.3053     1.5836     0.1197 -124.94970   48.36986      69.26          6  0.000e+00
      30020   1250.792     49.859     50.289     7.7361     7.7365  34.144996  34.144370     7.7314     7.7317    33.0122    33.0112    25.7517    25.7508     4.4085     4.3596    134.308    132.820     1.4371     1.3651     0.0415     0.0129     3.3065     1.5836     0.1197 -124.94970   48.36986      69.26          6  0.000e+00
