West Coast/WCOA-7/CTD_Data/RB2102_CTD_030_01.ros
* Sea-Bird SBE 9 Data File:
* FileName = C:\Users\scs.user.rb\CTD\RB2102\Data\RB2102_CTD_030_01.hex
* Software Version Seasave V 7.26.7.107
* Temperature SN = 6202
* Conductivity SN = 4907
* Number of Bytes Per Scan = 41
* Number of Voltage Words = 4
* Number of Scans Averaged by the Deck Unit = 1
* NMEA Latitude = 46 07.89 N
* NMEA Longitude = 124 01.88 W
* NMEA UTC (Time) = Jul 01 2021  00:36:01
* NMEA baud rate = 4800
# nquan = 30
# nvalues = 539                                   
# units = specified
# name 0 = scan: Scan Count
# name 1 = timeS: Time, Elapsed [seconds]
# name 2 = depSM: Depth [salt water, m]
# name 3 = prDM: Pressure, Digiquartz [db]
# name 4 = t090C: Temperature [ITS-90, deg C]
# name 5 = t190C: Temperature, 2 [ITS-90, deg C]
# name 6 = c0mS/cm: Conductivity [mS/cm]
# name 7 = c1mS/cm: Conductivity, 2 [mS/cm]
# name 8 = potemp090C: Potential Temperature [ITS-90, deg C]
# name 9 = potemp190C: Potential Temperature, 2 [ITS-90, deg C]
# name 10 = sal00: Salinity, Practical [PSU]
# name 11 = sal11: Salinity, Practical, 2 [PSU]
# name 12 = sigma-é00: Density [sigma-theta, kg/m^3]
# name 13 = sigma-é11: Density, 2 [sigma-theta, kg/m^3]
# name 14 = sbeox0Mg/L: Oxygen, SBE 43 [mg/l]
# name 15 = sbeox1Mg/L: Oxygen, SBE 43, 2 [mg/l]
# name 16 = sbox0Mm/Kg: Oxygen, SBE 43 [umol/kg]
# name 17 = sbox1Mm/Kg: Oxygen, SBE 43, 2 [umol/kg]
# name 18 = sbeox0V: Oxygen raw, SBE 43 [V]
# name 19 = sbeox1V: Oxygen raw, SBE 43, 2 [V]
# name 20 = v4: Voltage 4
# name 21 = flECO-AFL: Fluorescence, WET Labs ECO-AFL/FL [mg/m^3]
# name 22 = v3: Voltage 3
# name 23 = v6: Voltage 6
# name 24 = v7: Voltage 7
# name 25 = longitude: Longitude [deg]
# name 26 = latitude: Latitude [deg]
# name 27 = altM: Altimeter [m]
# name 28 = nbf: Bottles Fired
# name 29 = flag:  0.000e+00
# interval = seconds: 0.0416667
# start_time = Jul 01 2021 00:36:01 [NMEA time, header]
# bad_flag = -9.990e-29
*END*
[from data line 532]
      26237   1093.167      3.806      3.838    16.5600    16.5652  36.983338  36.979382    16.5594    16.5646    28.5032    28.4961    20.6340    20.6275     9.6380     8.9834    295.102    275.061     2.9512     2.6264     0.0891     1.2033     3.3053     0.4029     0.0000 -124.03074   46.13134      25.10         11  0.000e+00
      26238   1093.208      3.839      3.871    16.5609    16.5651  36.981603  36.979318    16.5603    16.5645    28.5011    28.4961    20.6322    20.6274     9.6380     8.9783    295.103    274.905     2.9512     2.6252     0.0891     1.2033     3.3053     0.4029     0.0000 -124.03074   46.13134      25.08         11  0.000e+00
      26239   1093.250      3.839      3.871    16.5615    16.5655  36.980125  36.979510    16.5609    16.5649    28.4993    28.4960    20.6307    20.6272     9.6332     8.9782    294.956    274.902     2.9499     2.6252     0.0891     1.2033     3.3053     0.4029     0.0000 -124.03074   46.13134      25.08         11  0.000e+00
      26240   1093.292      3.839      3.871    16.5621    16.5655  36.978840  36.979831    16.5615    16.5649    28.4978    28.4962    20.6294    20.6275     9.6332     8.9782    294.956    274.902     2.9499     2.6252     0.0879     1.1728     3.3065     0.4029     0.0000 -124.03074   46.13134      25.08         11  0.000e+00
      26241   1093.333      3.839      3.871    16.5627    16.5649  36.978004  36.980666    16.5621    16.5643    28.4967    28.4974    20.6285    20.6285     9.6331     8.9782    294.955    274.903     2.9499     2.6252     0.0891     1.2033     3.3053     0.4042     0.0000 -124.03074   46.13134      25.08         11  0.000e+00
      26242   1093.375      3.839      3.871    16.5627    16.5641  36.978068  36.980923    16.5622    16.5636    28.4967    28.4982    20.6284    20.6292     9.6283     8.9783    294.808    274.906     2.9487     2.6252     0.0879     1.1728     3.3065     0.4029     0.0000 -124.03074   46.13134      25.08         11  0.000e+00
      26243   1093.417      3.852      3.884    16.5631    16.5641  36.977683  36.980923    16.5625    16.5635    28.4961    28.4982    20.6279    20.6292     9.6235     8.9784    294.662    274.907     2.9475     2.6252     0.0879     1.1728     3.3065     0.4029     0.0000 -124.03074   46.13134      25.08         11  0.000e+00
