West Coast/WCOA-7/CTD_Data/RB2102_CTD_038_01.ros
* Sea-Bird SBE 9 Data File:
* FileName = C:\Users\scs.user.rb\CTD\RB2102\Data\RB2102_CTD_038_01.hex
* Software Version Seasave V 7.26.7.107
* Temperature SN = 6202
* Conductivity SN = 4907
* Number of Bytes Per Scan = 41
* Number of Voltage Words = 4
* Number of Scans Averaged by the Deck Unit = 1
* NMEA Latitude = 47 06.99 N
* NMEA Longitude = 125 03.13 W
* NMEA UTC (Time) = Jul 02 2021  10:33:13
* NMEA baud rate = 4800
# nquan = 30
# nvalues = 1127                                  
# units = specified
# name 0 = scan: Scan Count
# name 1 = timeS: Time, Elapsed [seconds]
# name 2 = depSM: Depth [salt water, m]
# name 3 = prDM: Pressure, Digiquartz [db]
# name 4 = t090C: Temperature [ITS-90, deg C]
# name 5 = t190C: Temperature, 2 [ITS-90, deg C]
# name 6 = c0mS/cm: Conductivity [mS/cm]
# name 7 = c1mS/cm: Conductivity, 2 [mS/cm]
# name 8 = potemp090C: Potential Temperature [ITS-90, deg C]
# name 9 = potemp190C: Potential Temperature, 2 [ITS-90, deg C]
# name 10 = sal00: Salinity, Practical [PSU]
# name 11 = sal11: Salinity, Practical, 2 [PSU]
# name 12 = sigma-é00: Density [sigma-theta, kg/m^3]
# name 13 = sigma-é11: Density, 2 [sigma-theta, kg/m^3]
# name 14 = sbeox0Mg/L: Oxygen, SBE 43 [mg/l]
# name 15 = sbeox1Mg/L: Oxygen, SBE 43, 2 [mg/l]
# name 16 = sbox0Mm/Kg: Oxygen, SBE 43 [umol/kg]
# name 17 = sbox1Mm/Kg: Oxygen, SBE 43, 2 [umol/kg]
# name 18 = sbeox0V: Oxygen raw, SBE 43 [V]
# name 19 = sbeox1V: Oxygen raw, SBE 43, 2 [V]
# name 20 = v4: Voltage 4
# name 21 = flECO-AFL: Fluorescence, WET Labs ECO-AFL/FL [mg/m^3]
# name 22 = v3: Voltage 3
# name 23 = v6: Voltage 6
# name 24 = v7: Voltage 7
# name 25 = longitude: Longitude [deg]
# name 26 = latitude: Latitude [deg]
# name 27 = altM: Altimeter [m]
# name 28 = nbf: Bottles Fired
# name 29 = flag:  0.000e+00
# interval = seconds: 0.0416667
# start_time = Jul 02 2021 10:33:13 [NMEA time, header]
# bad_flag = -9.990e-29
*END*
[from data line 97]
      44399   1849.917   1077.309   1089.185     3.5585     3.5596  32.148030  32.148238     3.4793     3.4804    34.4080    34.4071    27.3674    27.3666     0.3950     0.4333     12.016     13.180     0.5543     0.5714     0.0415     0.0129     3.3248     1.8303     0.0000 -125.05412   47.11566      15.24          2  0.000e+00
      50981   2124.167    989.689   1000.387     3.6859     3.6822  32.203505  32.201782     3.6128     3.6091    34.3858    34.3877    27.3367    27.3385     0.3470     0.3884     10.555     11.813     0.5470     0.5653     0.0403    -0.0177     3.3199     1.8339     0.0000 -125.05446   47.11548     100.00          3  0.000e+00
      50982   2124.208    989.742   1000.441     3.6858     3.6825  32.203566  32.201539     3.6127     3.6094    34.3860    34.3870    27.3368    27.3380     0.3470     0.3884     10.555     11.813     0.5470     0.5653     0.0403    -0.0177     3.3199     1.8339     0.0000 -125.05446   47.11548     100.00          3  0.000e+00
      50983   2124.250    989.695   1000.394     3.6857     3.6827  32.203444  32.201478     3.6127     3.6097    34.3859    34.3867    27.3368    27.3377     0.3470     0.3884     10.555     11.813     0.5470     0.5653     0.0403    -0.0177     3.3211     1.8339     0.0000 -125.05446   47.11548     100.00          3  0.000e+00
      50984   2124.292    989.843   1000.543     3.6856     3.6826  32.203384  32.201478     3.6126     3.6096    34.3859    34.3867    27.3367    27.3377     0.3470     0.3884     10.555     11.813     0.5470     0.5653     0.0403    -0.0177     3.3211     1.8339     0.0000 -125.05446   47.11548     100.00          3  0.000e+00
      50985   2124.333    989.789   1000.489     3.6856     3.6826  32.203384  32.201660     3.6125     3.6096    34.3860    34.3870    27.3368    27.3379     0.3470     0.3884     10.555     11.813     0.5470     0.5653     0.0403    -0.0177     3.3211     1.8352     0.0000 -125.05446   47.11548     100.00          3  0.000e+00
      50986   2124.375    989.789   1000.489     3.6855     3.6826  32.203810  32.201539     3.6124     3.6095    34.3866    34.3869    27.3373    27.3379     0.3470     0.3961     10.555     12.048     0.5470     0.5665     0.0415     0.0129     3.3211     1.8339     0.0000 -125.05446   47.11548     100.00          3  0.000e+00
      50987   2124.417    989.843   1000.543     3.6858     3.6826  32.203506  32.201296     3.6127     3.6096    34.3859    34.3865    27.3367    27.3376     0.3470     0.3884     10.555     11.814     0.5470     0.5653     0.0415     0.0129     3.3199     1.8339     0.0000 -125.05446   47.11548     100.00          3  0.000e+00
      50988   2124.458    989.890   1000.591     3.6854     3.6828  32.203384  32.200931     3.6123     3.6097    34.3861    34.3859    27.3369    27.3370     0.3540     0.3961     10.769     12.048     0.5482     0.5665     0.0415     0.0129     3.3223     1.8339     0.0000 -125.05446   47.11548     100.00          3  0.000e+00
      50989   2124.500    989.850   1000.550     3.6855     3.6826  32.203384  32.200687     3.6124     3.6095    34.3860    34.3859    27.3369    27.3370     0.3540     0.3884     10.769     11.814     0.5482     0.5653     0.0415     0.0129     3.3211     1.8339     0.0000 -125.05446   47.11548     100.00          3  0.000e+00
      50990   2124.542    989.944   1000.645     3.6854     3.6823  32.203141  32.200627     3.6123     3.6093    34.3858    34.3860    27.3367    27.3372     0.3540     0.3884     10.769     11.814     0.5482     0.5653     0.0415     0.0129     3.3211     1.8339     0.0000 -125.05446   47.11548     100.00          3  0.000e+00
      50991   2124.583    989.890   1000.591     3.6852     3.6820  32.203080  32.200809     3.6121     3.6090    34.3860    34.3866    27.3369    27.3376     0.3540     0.3884     10.769     11.814     0.5482     0.5653     0.0415     0.0129     3.3211     1.8339     0.0000 -125.05446   47.11548     100.00          3  0.000e+00
      50992   2124.625    989.944   1000.646     3.6851     3.6820  32.203080  32.200687     3.6120     3.6089    34.3861    34.3865    27.3369    27.3376     0.3470     0.3884     10.555     11.814     0.5470     0.5653     0.0415     0.0129     3.3211     1.8352     0.0000 -125.05446   47.11548     100.00          3  0.000e+00
      50993   2124.667    989.944   1000.646     3.6850     3.6819  32.202836  32.200627     3.6119     3.6088    34.3859    34.3865    27.3368    27.3376     0.3470     0.3884     10.555     11.814     0.5470     0.5653     0.0415     0.0129     3.3199     1.8339     0.0000 -125.05446   47.11548     100.00          3  0.000e+00
      50994   2124.708    989.991   1000.693     3.6848     3.6815  32.203202  32.200627     3.6117     3.6085    34.3865    34.3868    27.3373    27.3379     0.3470     0.3884     10.556     11.814     0.5470     0.5653     0.0415     0.0129     3.3211     1.8339     0.0000 -125.05446   47.11548     100.00          3  0.000e+00
      50995   2124.750    989.998   1000.700     3.6848     3.6816  32.203141  32.200627     3.6117     3.6086    34.3864    34.3867    27.3372    27.3378     0.3540     0.3884     10.770     11.814     0.5482     0.5653     0.0415     0.0129     3.3211     1.8339     0.0000 -125.05446   47.11548     100.00          3  0.000e+00
      50996   2124.792    989.991   1000.693     3.6847     3.6815  32.203506  32.200627     3.6116     3.6085    34.3870    34.3868    27.3377    27.3379     0.3540     0.3884     10.770     11.814     0.5482     0.5653     0.0415     0.0129     3.3211     1.8339     0.0000 -125.05446   47.11548     100.00          3  0.000e+00
      50997   2124.833    990.092   1000.795     3.6851     3.6814  32.203872  32.201053     3.6120     3.6083    34.3869    34.3875    27.3376    27.3384     0.3540     0.3884     10.770     11.814     0.5482     0.5653     0.0415     0.0129     3.3199     1.8339     0.0000 -125.05446   47.11548     100.00          3  0.000e+00
      50998   2124.875    990.045   1000.748     3.6850     3.6816  32.203506  32.201175     3.6119     3.6085    34.3866    34.3874    27.3374    27.3383     0.3540     0.3961     10.770     12.049     0.5482     0.5665     0.0415     0.0129     3.3211     1.8352     0.0000 -125.05446   47.11548     100.00          3  0.000e+00
      50999   2124.917    990.092   1000.795     3.6852     3.6814  32.203141  32.201175     3.6121     3.6083    34.3859    34.3876    27.3368    27.3385     0.3540     0.3884     10.770     11.814     0.5482     0.5653     0.0415     0.0129     3.3211     1.8352     0.0000 -125.05446   47.11548     100.00          3  0.000e+00
      51000   2124.958    990.092   1000.795     3.6852     3.6817  32.203507  32.201418     3.6121     3.6086    34.3864    34.3876    27.3372    27.3385     0.3470     0.3884     10.556     11.814     0.5470     0.5653     0.0415     0.0129     3.3211     1.8352     0.0000 -125.05446   47.11548     100.00          3  0.000e+00
      51001   2125.000    990.099   1000.802     3.6852     3.6816  32.203689  32.201479     3.6121     3.6085    34.3865    34.3877    27.3373    27.3386     0.3470     0.3884     10.556     11.814     0.5470     0.5653     0.0415     0.0129     3.3199     1.8352     0.0000 -125.05446   47.11548     100.00          3  0.000e+00
      51002   2125.042    990.146   1000.850     3.6853     3.6819  32.204298  32.201722     3.6122     3.6088    34.3871    34.3877    27.3378    27.3385     0.3470     0.3884     10.556     11.814     0.5470     0.5653     0.0415     0.0129     3.3199     1.8339     0.0000 -125.05446   47.11548     100.00          3  0.000e+00
      51003   2125.083    990.193   1000.897     3.6857     3.6820  32.204116  32.202209     3.6126     3.6089    34.3865    34.3881    27.3372    27.3388     0.3470     0.3884     10.556     11.814     0.5470     0.5653     0.0415     0.0129     3.3199     1.8352     0.0000 -125.05446   47.11548     100.00          3  0.000e+00
      51004   2125.125    990.146   1000.850     3.6858     3.6823  32.203994  32.201905     3.6127     3.6092    34.3863    34.3875    27.3371    27.3383     0.3470     0.3884     10.556     11.814     0.5470     0.5653     0.0415     0.0129     3.3211     1.8352     0.0000 -125.05446   47.11548     100.00          3  0.000e+00
      51005   2125.167    990.193   1000.898     3.6861     3.6822  32.204177  32.202209     3.6130     3.6091    34.3862    34.3879    27.3369    27.3387     0.3470     0.3884     10.556     11.814     0.5470     0.5653     0.0415     0.0129     3.3211     1.8352     0.0000 -125.05446   47.11548     100.00          3  0.000e+00
      51006   2125.208    990.246   1000.952     3.6863     3.6826  32.204238  32.202757     3.6132     3.6095    34.3860    34.3881    27.3367    27.3388     0.3470     0.3884     10.556     11.814     0.5470     0.5653     0.0415     0.0129     3.3211     1.8352     0.0000 -125.05446   47.11548     100.00          3  0.000e+00
      51007   2125.250    990.253   1000.959     3.6863     3.6829  32.204055  32.203122     3.6132     3.6098    34.3858    34.3882    27.3366    27.3389     0.3540     0.3884     10.770     11.814     0.5482     0.5653     0.0415     0.0129     3.3199     1.8352     0.0000 -125.05446   47.11548     100.00          3  0.000e+00
      51008   2125.292    990.246   1000.952     3.6865     3.6833  32.204177  32.203852     3.6134     3.6102    34.3857    34.3887    27.3365    27.3392     0.3470     0.3961     10.556     12.048     0.5470     0.5665     0.0415     0.0129     3.3211     1.8352     0.0000 -125.05446   47.11548     100.00          3  0.000e+00
      51009   2125.333    990.300   1001.006     3.6864     3.6839  32.204238  32.203913     3.6133     3.6108    34.3858    34.3881    27.3366    27.3387     0.3540     0.3884     10.770     11.814     0.5482     0.5653     0.0415     0.0129     3.3223     1.8352     0.0000 -125.05446   47.11548     100.00          3  0.000e+00
      51010   2125.375    990.246   1000.952     3.6866     3.6842  32.204420  32.204035     3.6135     3.6111    34.3859    34.3880    27.3366    27.3386     0.3470     0.3884     10.555     11.814     0.5470     0.5653     0.0415     0.0129     3.3211     1.8352     0.0000 -125.05446   47.11548     100.00          3  0.000e+00
      51011   2125.417    990.300   1001.007     3.6866     3.6844  32.204177  32.204339     3.6135     3.6113    34.3856    34.3881    27.3364    27.3386     0.3470     0.3884     10.556     11.814     0.5470     0.5653     0.0415     0.0129     3.3199     1.8352     0.0000 -125.05446   47.11548     100.00          3  0.000e+00
      51012   2125.458    990.354   1001.061     3.6865     3.6850  32.204421  32.204157     3.6134     3.6119    34.3860    34.3872    27.3367    27.3378     0.3470     0.3884     10.556     11.813     0.5470     0.5653     0.0415     0.0129     3.3199     1.8352     0.0000 -125.05446   47.11548     100.00          3  0.000e+00
      51013   2125.500    990.300   1001.007     3.6866     3.6854  32.204299  32.204096     3.6135     3.6123    34.3857    34.3867    27.3365    27.3374     0.3470     0.3884     10.556     11.813     0.5470     0.5653     0.0415     0.0129     3.3199     1.8352     0.0000 -125.05446   47.11548     100.00          3  0.000e+00
      51014   2125.542    990.347   1001.054     3.6865     3.6855  32.204421  32.204339     3.6134     3.6124    34.3860    34.3869    27.3367    27.3376     0.3470     0.3884     10.556     11.813     0.5470     0.5653     0.0415     0.0129     3.3199     1.8352     0.0000 -125.05446   47.11548     100.00          3  0.000e+00
      51015   2125.583    990.401   1001.109     3.6866     3.6859  32.204299  32.204400     3.6135     3.6128    34.3857    34.3865    27.3365    27.3372     0.3470     0.3884     10.556     11.813     0.5470     0.5653     0.0415     0.0129     3.3199     1.8352     0.0000 -125.05446   47.11548     100.00          3  0.000e+00
      51016   2125.625    990.347   1001.054     3.6863     3.6860  32.204421  32.204217     3.6132     3.6128    34.3862    34.3863    27.3369    27.3370     0.3470     0.3961     10.556     12.048     0.5470     0.5665     0.0415     0.0129     3.3199     1.8352     0.0000 -125.05446   47.11548     100.00          3  0.000e+00
      51017   2125.667    990.347   1001.054     3.6866     3.6860  32.204299  32.204096     3.6135     3.6128    34.3857    34.3861    27.3365    27.3369     0.3540     0.3884     10.770     11.813     0.5482     0.5653     0.0415     0.0129     3.3211     1.8352     0.0000 -125.05446   47.11548     100.00          3  0.000e+00
      51018   2125.708    990.401   1001.109     3.6864     3.6864  32.204238  32.204096     3.6133     3.6132    34.3858    34.3857    27.3366    27.3365     0.3540     0.3884     10.770     11.813     0.5482     0.5653     0.0415     0.0129     3.3199     1.8352     0.0000 -125.05446   47.11548     100.00          3  0.000e+00
      51019   2125.750    990.448   1001.156     3.6863     3.6862  32.204056  32.204096     3.6132     3.6130    34.3856    34.3859    27.3365    27.3367     0.3541     0.3884     10.770     11.813     0.5482     0.5653     0.0415     0.0129     3.3211     1.8352     0.0000 -125.05446   47.11548     100.00          3  0.000e+00
      51020   2125.792    990.401   1001.109     3.6864     3.6863  32.204177  32.204096     3.6133     3.6132    34.3857    34.3857    27.3365    27.3366     0.3540     0.3884     10.770     11.813     0.5482     0.5653     0.0415     0.0129     3.3211     1.8352     0.0000 -125.05446   47.11548     100.00          3  0.000e+00
      51021   2125.833    990.448   1001.156     3.6863     3.6862  32.204238  32.204096     3.6132     3.6131    34.3859    34.3858    27.3367    27.3366     0.3541     0.3884     10.770     11.813     0.5482     0.5653     0.0415     0.0129     3.3211     1.8352     0.0000 -125.05446   47.11548     100.00          3  0.000e+00
      51022   2125.875    990.448   1001.156     3.6863     3.6860  32.204056  32.203913     3.6132     3.6128    34.3857    34.3859    27.3365    27.3367     0.3541     0.3884     10.770     11.813     0.5482     0.5653     0.0415     0.0129     3.3211     1.8352     0.0000 -125.05446   47.11548     100.00          3  0.000e+00
      51023   2125.917    990.455   1001.163     3.6862     3.6862  32.204177  32.203609     3.6131     3.6130    34.3859    34.3853    27.3367    27.3362     0.3541     0.3961     10.770     12.048     0.5482     0.5665     0.0415     0.0129     3.3199     1.8352     0.0000 -125.05446   47.11548     100.00          3  0.000e+00
      51024   2125.958    990.448   1001.156     3.6864     3.6856  32.204056  32.203974     3.6133     3.6125    34.3855    34.3863    27.3364    27.3371     0.3470     0.3961     10.556     12.048     0.5470     0.5665     0.0415     0.0129     3.3199     1.8352     0.0000 -125.05446   47.11548     100.00          3  0.000e+00
      51025   2126.000    990.448   1001.156     3.6862     3.6857  32.204360  32.203913     3.6131     3.6125    34.3862    34.3862    27.3369    27.3370     0.3470     0.3884     10.556     11.813     0.5470     0.5653     0.0415     0.0129     3.3211     1.8352     0.0000 -125.05446   47.11548     100.00          3  0.000e+00
      51026   2126.042    990.502   1001.211     3.6863     3.6858  32.204299  32.203853     3.6132     3.6127    34.3859    34.3859    27.3367    27.3368     0.3470     0.3884     10.556     11.814     0.5470     0.5653     0.0415     0.0129     3.3211     1.8352     0.0000 -125.05446   47.11548     100.00          3  0.000e+00
      51027   2126.083    990.502   1001.211     3.6864     3.6859  32.204056  32.203853     3.6133     3.6128    34.3855    34.3858    27.3364    27.3367     0.3470     0.3884     10.556     11.814     0.5470     0.5653     0.0415     0.0129     3.3211     1.8352     0.0000 -125.05446   47.11548     100.00          3  0.000e+00
