West Coast/WCOA-7/CTD_Data/RB2102_CTD_055_01.ros
* Sea-Bird SBE 9 Data File:
* FileName = C:\Users\scs.user.rb\CTD\RB2102\Data\RB2102_CTD_055_01.hex
* Software Version Seasave V 7.26.7.107
* Temperature SN = 6202
* Conductivity SN = 4907
* Number of Bytes Per Scan = 41
* Number of Voltage Words = 4
* Number of Scans Averaged by the Deck Unit = 1
* NMEA Latitude = 44 00.03 N
* NMEA Longitude = 124 48.03 W
* NMEA UTC (Time) = Jul 05 2021  03:20:33
* NMEA baud rate = 4800
# nquan = 30
# nvalues = 735                                   
# units = specified
# name 0 = scan: Scan Count
# name 1 = timeS: Time, Elapsed [seconds]
# name 2 = depSM: Depth [salt water, m]
# name 3 = prDM: Pressure, Digiquartz [db]
# name 4 = t090C: Temperature [ITS-90, deg C]
# name 5 = t190C: Temperature, 2 [ITS-90, deg C]
# name 6 = c0mS/cm: Conductivity [mS/cm]
# name 7 = c1mS/cm: Conductivity, 2 [mS/cm]
# name 8 = potemp090C: Potential Temperature [ITS-90, deg C]
# name 9 = potemp190C: Potential Temperature, 2 [ITS-90, deg C]
# name 10 = sal00: Salinity, Practical [PSU]
# name 11 = sal11: Salinity, Practical, 2 [PSU]
# name 12 = sigma-é00: Density [sigma-theta, kg/m^3]
# name 13 = sigma-é11: Density, 2 [sigma-theta, kg/m^3]
# name 14 = sbeox0Mg/L: Oxygen, SBE 43 [mg/l]
# name 15 = sbeox1Mg/L: Oxygen, SBE 43, 2 [mg/l]
# name 16 = sbox0Mm/Kg: Oxygen, SBE 43 [umol/kg]
# name 17 = sbox1Mm/Kg: Oxygen, SBE 43, 2 [umol/kg]
# name 18 = sbeox0V: Oxygen raw, SBE 43 [V]
# name 19 = sbeox1V: Oxygen raw, SBE 43, 2 [V]
# name 20 = v4: Voltage 4
# name 21 = flECO-AFL: Fluorescence, WET Labs ECO-AFL/FL [mg/m^3]
# name 22 = v3: Voltage 3
# name 23 = v6: Voltage 6
# name 24 = v7: Voltage 7
# name 25 = longitude: Longitude [deg]
# name 26 = latitude: Latitude [deg]
# name 27 = altM: Altimeter [m]
# name 28 = nbf: Bottles Fired
# name 29 = flag:  0.000e+00
# interval = seconds: 0.0416667
# start_time = Jul 05 2021 03:20:33 [NMEA time, header]
# bad_flag = -9.990e-29
*END*
[from data line 484]
      42021   1750.833     19.991     20.153     8.1161     8.0975  34.211213  34.234957     8.1142     8.0956    32.7395    32.7821    25.4822    25.5184     6.3925     6.5285    194.805    198.943     1.8803     1.8083     0.0525     0.2876     3.2149     0.0000     0.1197 -124.80152   44.00056      91.45         10  0.000e+00
      42022   1750.875     19.944     20.107     8.1159     8.0977  34.211088  34.235331     8.1139     8.0957    32.7396    32.7824    25.4824    25.5186     6.3925     6.5285    194.805    198.941     1.8803     1.8083     0.0537     0.3181     3.2149     0.0000     0.1197 -124.80152   44.00056      91.50         10  0.000e+00
      42023   1750.917     19.938     20.100     8.1158     8.0975  34.210901  34.235144     8.1139     8.0956    32.7395    32.7823    25.4823    25.5185     6.3981     6.5285    194.976    198.941     1.8816     1.8083     0.0525     0.2876     3.2161     0.0000     0.1197 -124.80152   44.00056      91.62         10  0.000e+00
      42024   1750.958     19.898     20.060     8.1163     8.0974  34.210652  34.235082     8.1144     8.0954    32.7387    32.7824    25.4816    25.5187     6.3925     6.5346    194.803    199.127     1.8803     1.8095     0.0537     0.3181     3.2149     0.0000     0.1197 -124.80152   44.00056      91.67         10  0.000e+00
      42025   1751.000     19.938     20.100     8.1160     8.0972  34.210278  34.235144     8.1140     8.0953    32.7386    32.7826    25.4816    25.5188     6.3981     6.5285    194.976    198.943     1.8816     1.8083     0.0525     0.2876     3.2161     0.0000     0.1197 -124.80152   44.00056      91.67         10  0.000e+00
      42026   1751.042     19.944     20.107     8.1163     8.0972  34.209966  34.235331     8.1144     8.0953    32.7380    32.7828    25.4810    25.5190     6.3925     6.5346    194.805    199.129     1.8803     1.8095     0.0537     0.3181     3.2149     0.0000     0.1197 -124.80152   44.00056      91.65         10  0.000e+00
      44351   1847.917     15.613     15.740     9.3340     9.1735  34.888130  34.785412     9.3324     9.1719    32.3298    32.3693    24.9757    25.0319     7.5119     7.5887    229.029    231.360     2.1685     2.0574     0.0916     1.2644     3.2125     0.0000     0.1624 -124.80162   44.00060      95.60         11  0.000e+00
      44352   1847.958     15.368     15.493     9.3379     9.1769  34.890327  34.788859     9.3363     9.1753    32.3286    32.3699    24.9742    25.0318     7.5110     7.5878    229.003    231.333     2.1685     2.0574     0.0916     1.2644     3.2125     0.0000     0.1612 -124.80162   44.00060      95.65         11  0.000e+00
      44353   1848.000     15.474     15.600     9.3391     9.1766  34.889825  34.791869     9.3375     9.1750    32.3270    32.3732    24.9727    25.0345     7.5110     7.5938    229.002    231.514     2.1685     2.0586     0.0916     1.2644     3.2125     0.0000     0.1612 -124.80162   44.00060      95.65         11  0.000e+00
      44354   1848.042     15.421     15.547     9.3376     9.1785  34.886873  34.794251     9.3360     9.1768    32.3254    32.3740    24.9717    25.0348     7.5058     7.5934    228.845    231.500     2.1673     2.0586     0.0916     1.2644     3.2125     0.0000     0.1612 -124.80162   44.00060      95.65         11  0.000e+00
      44355   1848.083     15.514     15.640     9.3337     9.1855  34.884110  34.798451     9.3321     9.1838    32.3260    32.3720    24.9728    25.0321     7.5120     7.5923    229.034    231.468     2.1685     2.0586     0.0916     1.2644     3.2112     0.0000     0.1612 -124.80162   44.00060      95.65         11  0.000e+00
      44356   1848.125     15.474     15.600     9.3301     9.1937  34.882101  34.805787     9.3285     9.1920    32.3272    32.3721    24.9743    25.0309     7.5125     7.5967    229.050    231.602     2.1685     2.0598     0.0916     1.2644     3.2112     0.0000     0.1624 -124.80162   44.00060      95.65         11  0.000e+00
      44357   1848.167     15.421     15.547     9.3260     9.2018  34.883985  34.812558     9.3244     9.2002    32.3329    32.3717    24.9794    25.0294     7.5129     7.5951    229.060    231.556     2.1685     2.0598     0.0916     1.2644     3.2112     0.0000     0.1624 -124.80162   44.00060      95.70         11  0.000e+00
      44358   1848.208     15.428     15.553     9.3298     9.2115  34.897740  34.815881     9.3282     9.2098    32.3436    32.3664    24.9872    25.0237     7.5118     7.5996    229.023    231.693     2.1685     2.0611     0.0916     1.2644     3.2112     0.0000     0.1624 -124.80162   44.00060      95.73         11  0.000e+00
      44359   1848.250     15.468     15.594     9.3479     9.2201  34.919349  34.817448     9.3463     9.2185    32.3494    32.3602    24.9888    25.0174     7.5083     7.5984    228.919    231.656     2.1685     2.0611     0.0916     1.2644     3.2112     0.0000     0.1624 -124.80162   44.00060      95.73         11  0.000e+00
      44360   1848.292     15.369     15.493     9.3704     9.2272  34.935684  34.821523     9.3688     9.2255    32.3459    32.3580    24.9825    25.0147     7.4990     7.5971    228.637    231.618     2.1673     2.0611     0.0916     1.2644     3.2125     0.0000     0.1636 -124.80162   44.00060      95.73         11  0.000e+00
      44361   1848.333     15.428     15.554     9.3913     9.2360  34.940835  34.827167     9.3896     9.2344    32.3323    32.3558    24.9686    25.0115     7.5016     7.5956    228.717    231.574     2.1685     2.0611     0.0916     1.2644     3.2112     0.0000     0.1636 -124.80162   44.00060      95.73         11  0.000e+00
      44362   1848.375     15.422     15.547     9.4054     9.2388  34.941588  34.831431     9.4037     9.2372    32.3203    32.3577    24.9570    25.0126     7.4943     7.5950    228.496    231.555     2.1673     2.0611     0.0928     1.2949     3.2125     0.0000     0.1636 -124.80162   44.00060      95.70         11  0.000e+00
      44363   1848.417     15.369     15.494     9.4188     9.2446  34.943094  34.834692     9.4171     9.2429    32.3099    32.3558    24.9467    25.0102     7.4924     7.5999    228.442    231.706     2.1673     2.0623     0.0952     1.3560     3.2112     0.0000     0.1636 -124.80162   44.00060      95.63         11  0.000e+00
      44364   1848.458     15.428     15.554     9.4279     9.2500  34.943596  34.838267     9.4262     9.2483    32.3021    32.3546    24.9392    25.0084     7.4967     7.5991    228.574    231.680     2.1685     2.0623     0.0952     1.3560     3.2125     0.0000     0.1636 -124.80162   44.00060      95.58         11  0.000e+00
      44365   1848.500     15.369     15.494     9.4277     9.2535  34.943345  34.841340     9.4261     9.2519    32.3020    32.3546    24.9391    25.0078     7.4912     7.5983    228.407    231.658     2.1673     2.0623     0.0952     1.3560     3.2125     0.0000     0.1648 -124.80162   44.00060      95.58         11  0.000e+00
      44366   1848.542     15.428     15.554     9.4219     9.2550  34.944225  34.843222     9.4202     9.2534    32.3082    32.3551    24.9448    25.0080     7.4920     7.6041    228.430    231.832     2.1673     2.0635     0.0952     1.3560     3.2112     0.0000     0.1648 -124.80162   44.00060      95.58         11  0.000e+00
      44367   1848.583     15.369     15.494     9.4178     9.2588  34.944980  34.844978     9.4161     9.2571    32.3127    32.3536    24.9490    25.0062     7.4924     7.6034    228.442    231.812     2.1673     2.0635     0.0952     1.3560     3.2112     0.0000     0.1636 -124.80162   44.00060      95.58         11  0.000e+00
      44368   1848.625     15.369     15.494     9.4134     9.2624  34.945860  34.847048     9.4118     9.2607    32.3175    32.3524    24.9535    25.0047     7.4929     7.6028    228.457    231.794     2.1673     2.0635     0.0952     1.3560     3.2125     0.0000     0.1648 -124.80162   44.00060      95.60         11  0.000e+00
      44369   1848.667     15.375     15.500     9.4118     9.2644  34.946300  34.848804     9.4101     9.2627    32.3194    32.3525    24.9553    25.0045     7.4986     7.6024    228.629    231.783     2.1685     2.0635     0.0952     1.3560     3.2125     0.0000     0.1648 -124.80162   44.00060      95.73         11  0.000e+00
      44370   1848.708     15.369     15.494     9.4123     9.2671  34.945923  34.849181     9.4106     9.2655    32.3186    32.3503    24.9546    25.0024     7.4985     7.6080    228.627    231.953     2.1685     2.0647     0.0952     1.3560     3.2112     0.0000     0.1648 -124.80162   44.00060      95.78         11  0.000e+00
      44371   1848.750     15.369     15.494     9.4118     9.2699  34.944101  34.848992     9.4101     9.2683    32.3172    32.3476    24.9535    24.9998     7.4987     7.6076    228.632    231.942     2.1685     2.0647     0.0952     1.3560     3.2125     0.0000     0.1648 -124.80162   44.00060      95.78         11  0.000e+00
      44372   1848.792     15.375     15.500     9.4046     9.2722  34.940268  34.850686     9.4030     9.2706    32.3197    32.3473    24.9566    24.9991     7.4998     7.6072    228.666    231.930     2.1685     2.0647     0.0952     1.3560     3.2125     0.0000     0.1648 -124.80164   44.00058      95.78         11  0.000e+00
      44373   1848.833     15.369     15.494     9.3965     9.2739  34.937064  34.853446     9.3949     9.2723    32.3237    32.3486    24.9610    24.9999     7.5010     7.6068    228.702    231.918     2.1685     2.0647     0.0952     1.3560     3.2112     0.0000     0.1648 -124.80164   44.00058      95.75         11  0.000e+00
      44374   1848.875     15.375     15.500     9.3921     9.2729  34.935179  34.856897     9.3904     9.2712    32.3258    32.3531    24.9634    25.0036     7.5017     7.6068    228.722    231.916     2.1685     2.0647     0.0952     1.3560     3.2125     0.0000     0.1648 -124.80164   44.00058      95.75         11  0.000e+00
      44375   1848.917     15.369     15.494     9.3896     9.2709  34.933671  34.860285     9.3880     9.2693    32.3265    32.3584    24.9643    25.0080     7.4967     7.6128    228.568    232.100     2.1673     2.0659     0.0952     1.3560     3.2125     0.0000     0.1648 -124.80164   44.00058      95.73         11  0.000e+00
      44376   1848.958     15.369     15.494     9.3880     9.2768  34.932352  34.862794     9.3864     9.2752    32.3266    32.3556    24.9646    25.0049     7.4969     7.6119    228.576    232.071     2.1673     2.0659     0.0952     1.3560     3.2112     0.0000     0.1648 -124.80164   44.00058      95.70         11  0.000e+00
      44377   1849.000     15.329     15.454     9.3870     9.2819  34.930592  34.865115     9.3854     9.2802    32.3257    32.3534    24.9641    25.0024     7.5025     7.6110    228.747    232.046     2.1685     2.0659     0.0952     1.3560     3.2112     0.0000     0.1648 -124.80164   44.00058      95.70         11  0.000e+00
      44378   1849.042     15.422     15.547     9.3856     9.2916  34.929210  34.870511     9.3839     9.2899    32.3255    32.3502    24.9642    24.9983     7.5029     7.6095    228.758    232.000     2.1685     2.0659     0.0952     1.3560     3.2112     0.0000     0.1648 -124.80164   44.00058      95.70         11  0.000e+00
      44379   1849.083     15.369     15.494     9.3846     9.3032  34.928896  34.875529     9.3830     9.3016    32.3261    32.3448    24.9648    24.9923     7.5030     7.6075    228.761    231.942     2.1685     2.0659     0.0952     1.3560     3.2112     0.0000     0.1648 -124.80164   44.00058      95.70         11  0.000e+00
      44380   1849.125     15.329     15.454     9.3840     9.3099  34.928644  34.877223     9.3823     9.3083    32.3265    32.3405    24.9652    24.9879     7.5030     7.6124    228.762    232.092     2.1685     2.0672     0.0952     1.3560     3.2125     0.0000     0.1648 -124.80164   44.00058      95.73         11  0.000e+00
      44381   1849.167     15.422     15.547     9.3834     9.3137  34.927639  34.879984     9.3818     9.3120    32.3258    32.3399    24.9648    24.9868     7.5033     7.6119    228.769    232.075     2.1685     2.0672     0.0952     1.3560     3.2112     0.0000     0.1648 -124.80164   44.00058      95.82         11  0.000e+00
      44382   1849.208     15.376     15.501     9.3823     9.3208  34.923744  34.888268     9.3807     9.3191    32.3229    32.3420    24.9626    24.9874     7.5035     7.6164    228.778    232.212     2.1685     2.0684     0.0952     1.3560     3.2125     0.0000     0.1636 -124.80164   44.00058      95.87         11  0.000e+00
      44383   1849.250     15.369     15.494     9.3789     9.3306  34.920225  34.895861     9.3772     9.3290    32.3224    32.3410    24.9628    24.9850     7.5042     7.6146    228.797    232.159     2.1685     2.0684     0.0952     1.3560     3.2125     0.0000     0.1648 -124.80164   44.00058      95.90         11  0.000e+00
      44384   1849.292     15.369     15.494     9.3744     9.3385  34.918781  34.896865     9.3727     9.3368    32.3250    32.3349    24.9655    24.9790     7.5048     7.6134    228.817    232.125     2.1685     2.0684     0.0952     1.3560     3.2112     0.0000     0.1636 -124.80164   44.00058      95.87         11  0.000e+00
      44385   1849.333     15.376     15.501     9.3717     9.3403  34.918781  34.894354     9.3701     9.3386    32.3273    32.3306    24.9678    24.9754     7.5052     7.6133    228.827    232.122     2.1685     2.0684     0.0952     1.3560     3.2112     0.0000     0.1648 -124.80164   44.00058      95.87         11  0.000e+00
      44386   1849.375     15.422     15.547     9.3716     9.3408  34.921169  34.892659     9.3700     9.3391    32.3299    32.3285    24.9698    24.9736     7.5051     7.6193    228.824    232.306     2.1685     2.0696     0.0952     1.3560     3.2112     0.0000     0.1636 -124.80164   44.00058      95.85         11  0.000e+00
      44387   1849.417     15.422     15.547     9.3730     9.3377  34.924813  34.894605     9.3714     9.3360    32.3323    32.3333    24.9715    24.9778     7.5048     7.6197    228.813    232.315     2.1685     2.0696     0.0952     1.3560     3.2112     0.0000     0.1636 -124.80164   44.00058      95.75         11  0.000e+00
      44388   1849.458     15.376     15.501     9.3747     9.3400  34.926698  34.899375     9.3730     9.3384    32.3328    32.3361    24.9716    24.9797     7.5044     7.6191    228.802    232.296     2.1685     2.0696     0.0977     1.4170     3.2112     0.0000     0.1636 -124.80164   44.00058      95.70         11  0.000e+00
      44389   1849.500     15.422     15.547     9.3763     9.3449  34.927012  34.902074     9.3746     9.3432    32.3317    32.3344    24.9705    24.9776     7.5042     7.6183    228.797    232.273     2.1685     2.0696     0.1026     1.5391     3.2112     0.0000     0.1636 -124.80164   44.00058      95.70         11  0.000e+00
      44390   1849.542     15.429     15.554     9.3775     9.3460  34.929588  34.901195     9.3758     9.3443    32.3333    32.3325    24.9715    24.9759     7.5039     7.6182    228.788    232.270     2.1685     2.0696     0.1038     1.5696     3.2112     0.0000     0.1636 -124.80164   44.00058      95.70         11  0.000e+00
      44391   1849.583     15.422     15.547     9.3822     9.3386  34.933672  34.898120     9.3805     9.3370    32.3332    32.3360    24.9707    24.9798     7.5086     7.6253    228.930    232.486     2.1697     2.0708     0.1038     1.5696     3.2112     0.0000     0.1636 -124.80164   44.00058      95.70         11  0.000e+00
