West Coast/WCOA-7/CTD_Data/RB2102_CTD_020_01.ros
* Sea-Bird SBE 9 Data File:
* FileName = C:\Users\scs.user.rb\CTD\RB2102\Data\RB2102_CTD_020_01.hex
* Software Version Seasave V 7.26.7.107
* Temperature SN = 6202
* Conductivity SN = 4907
* Number of Bytes Per Scan = 41
* Number of Voltage Words = 4
* Number of Scans Averaged by the Deck Unit = 1
* NMEA Latitude = 48 07.87 N
* NMEA Longitude = 125 10.49 W
* NMEA UTC (Time) = Jun 28 2021  23:06:56
* NMEA baud rate = 4800
# nquan = 30
# nvalues = 879                                   
# units = specified
# name 0 = scan: Scan Count
# name 1 = timeS: Time, Elapsed [seconds]
# name 2 = depSM: Depth [salt water, m]
# name 3 = prDM: Pressure, Digiquartz [db]
# name 4 = t090C: Temperature [ITS-90, deg C]
# name 5 = t190C: Temperature, 2 [ITS-90, deg C]
# name 6 = c0mS/cm: Conductivity [mS/cm]
# name 7 = c1mS/cm: Conductivity, 2 [mS/cm]
# name 8 = potemp090C: Potential Temperature [ITS-90, deg C]
# name 9 = potemp190C: Potential Temperature, 2 [ITS-90, deg C]
# name 10 = sal00: Salinity, Practical [PSU]
# name 11 = sal11: Salinity, Practical, 2 [PSU]
# name 12 = sigma-é00: Density [sigma-theta, kg/m^3]
# name 13 = sigma-é11: Density, 2 [sigma-theta, kg/m^3]
# name 14 = sbeox0Mg/L: Oxygen, SBE 43 [mg/l]
# name 15 = sbeox1Mg/L: Oxygen, SBE 43, 2 [mg/l]
# name 16 = sbox0Mm/Kg: Oxygen, SBE 43 [umol/kg]
# name 17 = sbox1Mm/Kg: Oxygen, SBE 43, 2 [umol/kg]
# name 18 = sbeox0V: Oxygen raw, SBE 43 [V]
# name 19 = sbeox1V: Oxygen raw, SBE 43, 2 [V]
# name 20 = v4: Voltage 4
# name 21 = flECO-AFL: Fluorescence, WET Labs ECO-AFL/FL [mg/m^3]
# name 22 = v3: Voltage 3
# name 23 = v6: Voltage 6
# name 24 = v7: Voltage 7
# name 25 = longitude: Longitude [deg]
# name 26 = latitude: Latitude [deg]
# name 27 = altM: Altimeter [m]
# name 28 = nbf: Bottles Fired
# name 29 = flag:  0.000e+00
# interval = seconds: 0.0416667
# start_time = Jun 28 2021 23:06:56 [NMEA time, header]
# bad_flag = -9.990e-29
*END*
[from data line 726]
      57097   2379.000     14.960     15.088    10.6456    10.6026  35.931735  35.910884    10.6439    10.6008    32.2152    32.2324    24.6696    24.6904     9.3761     9.1577    285.952    279.286     2.6484     2.4420     0.1050     1.6002     3.4493     1.0769     0.0147 -125.17450   48.13102      99.71         15  0.000e+00
      57098   2379.042     14.954     15.081    10.6454    10.6180  35.931163  35.919389    10.6437    10.6163    32.2148    32.2272    24.6693    24.6837     9.3761     9.1547    285.953    279.196     2.6484     2.4420     0.1050     1.6002     3.4493     1.0769     0.0147 -125.17450   48.13102      99.71         15  0.000e+00
      57099   2379.083     14.907     15.034    10.6461    10.6261  35.931290  35.919642    10.6444    10.6243    32.2143    32.2204    24.6688    24.6770     9.3759     9.1533    285.948    279.155     2.6484     2.4420     0.1050     1.6002     3.4505     1.0769     0.0147 -125.17450   48.13102      99.71         15  0.000e+00
      57100   2379.125     14.960     15.088    10.6463    10.6265  35.931799  35.913484    10.6445    10.6247    32.2146    32.2139    24.6690    24.6718     9.3760     9.1536    285.948    279.168     2.6484     2.4420     0.1050     1.6002     3.4505     1.0769     0.0147 -125.17450   48.13102      99.71         15  0.000e+00
      57101   2379.167     14.954     15.081    10.6464    10.6167  35.931735  35.904281    10.6447    10.6150    32.2145    32.2133    24.6689    24.6730     9.3759     9.1558    285.948    279.232     2.6484     2.4420     0.1062     1.6307     3.4505     1.0769     0.0147 -125.17450   48.13102      99.71         15  0.000e+00
      57102   2379.208     14.960     15.088    10.6451    10.6029  35.930464  35.894063    10.6434    10.6011    32.2144    32.2153    24.6690    24.6770     9.3762     9.1586    285.957    279.318     2.6484     2.4420     0.1062     1.6307     3.4481     1.0769     0.0147 -125.17450   48.13102      99.71         15  0.000e+00
      59457   2477.333      9.889      9.973    11.5205    11.4663  36.642564  36.594075    11.5193    11.4651    32.1523    32.1520    24.4662    24.4758    11.1711    10.8515    340.764    331.013     3.1136     2.8474     0.3858     8.6209     3.4444     0.7814     0.0147 -125.17444   48.13098      99.93         16  0.000e+00
      59458   2477.375      9.830      9.913    11.5225    11.4731  36.644100  36.600406    11.5213    11.4719    32.1520    32.1523    24.4657    24.4748    11.1705    10.8554    340.747    331.131     3.1136     2.8486     0.3858     8.6209     3.4444     0.7814     0.0147 -125.17444   48.13098      99.93         16  0.000e+00
      59459   2477.417      9.982     10.067    11.5247    11.4781  36.646342  36.602580    11.5235    11.4769    32.1523    32.1500    24.4655    24.4721    11.1754    10.8545    340.895    331.105     3.1148     2.8486     0.3858     8.6209     3.4432     0.7814     0.0147 -125.17444   48.13098      99.93         16  0.000e+00
      59460   2477.458      9.843      9.926    11.5270    11.4784  36.647429  36.601748    11.5258    11.4772    32.1514    32.1490    24.4644    24.4713    11.1695    10.8543    340.716    331.099     3.1136     2.8486     0.3871     8.6514     3.4444     0.7814     0.0147 -125.17444   48.13098      99.93         16  0.000e+00
      59461   2477.500      9.883      9.967    11.5278    11.4788  36.645572  36.602644    11.5266    11.4776    32.1489    32.1496    24.4623    24.4717    11.1747    10.8542    340.876    331.097     3.1148     2.8486     0.3858     8.6209     3.4432     0.7814     0.0147 -125.17444   48.13098      99.93         16  0.000e+00
      59462   2477.542      9.883      9.967    11.5249    11.4796  36.639618  36.603539    11.5236    11.4784    32.1456    32.1497    24.4603    24.4716    11.1757    10.8597    340.906    331.262     3.1148     2.8498     0.3858     8.6209     3.4432     0.7814     0.0147 -125.17444   48.13098      99.93         16  0.000e+00
      59463   2477.583      9.830      9.913    11.5194    11.4784  36.632127  36.601940    11.5182    11.4772    32.1431    32.1492    24.4593    24.4714    11.1771    10.8599    340.950    331.270     3.1148     2.8498     0.3858     8.6209     3.4432     0.7814     0.0147 -125.17444   48.13098      99.93         16  0.000e+00
      59464   2477.625      9.889      9.973    11.5127    11.4768  36.626942  36.600469    11.5115    11.4756    32.1438    32.1492    24.4611    24.4717    11.1788    10.8604    341.001    331.285     3.1148     2.8498     0.3858     8.6209     3.4432     0.7790     0.0147 -125.17444   48.13098      99.93         16  0.000e+00
      59465   2477.667      9.883      9.967    11.5088    11.4753  36.627007  36.598935    11.5076    11.4741    32.1473    32.1490    24.4645    24.4719    11.1795    10.8608    341.022    331.297     3.1148     2.8498     0.3871     8.6514     3.4432     0.7766     0.0147 -125.17444   48.13098      99.93         16  0.000e+00
      59466   2477.708      9.830      9.913    11.5086    11.4730  36.630144  36.597591    11.5074    11.4718    32.1505    32.1497    24.4670    24.4728    11.1792    10.8669    341.013    331.483     3.1148     2.8510     0.3871     8.6514     3.4432     0.7766     0.0147 -125.17444   48.13098      99.93         16  0.000e+00
      59467   2477.750      9.883      9.967    11.5104    11.4721  36.633409  36.597272    11.5092    11.4709    32.1521    32.1501    24.4680    24.4733    11.1840    10.8671    341.156    331.490     3.1160     2.8510     0.3858     8.6209     3.4444     0.7766     0.0147 -125.17444   48.13098      99.93         16  0.000e+00
      59468   2477.792      9.843      9.927    11.5158    11.4711  36.638914  36.596504    11.5145    11.4699    32.1529    32.1503    24.4676    24.4736    11.1825    10.8673    341.113    331.496     3.1160     2.8510     0.3858     8.6209     3.4444     0.7766     0.0147 -125.17444   48.13098      99.93         16  0.000e+00
      59469   2477.833      9.830      9.913    11.5238    11.4700  36.642627  36.596057    11.5226    11.4688    32.1495    32.1508    24.4635    24.4742    11.1808    10.8676    341.060    331.503     3.1160     2.8510     0.3858     8.6209     3.4432     0.7766     0.0147 -125.17444   48.13098      99.93         16  0.000e+00
      59470   2477.875      9.883      9.967    11.5266    11.4705  36.643331  36.596441    11.5254    11.4693    32.1477    32.1507    24.4616    24.4741    11.1803    10.8675    341.046    331.502     3.1160     2.8510     0.3858     8.6209     3.4432     0.7766     0.0147 -125.17444   48.13098      99.93         16  0.000e+00
      59471   2477.917      9.830      9.913    11.5247    11.4745  36.640834  36.599254    11.5235    11.4733    32.1470    32.1500    24.4614    24.4728    11.1807    10.8665    341.060    331.471     3.1160     2.8510     0.3858     8.6209     3.4432     0.7766     0.0147 -125.17444   48.13098      99.93         16  0.000e+00
      59472   2477.958      9.843      9.927    11.5204    11.4786  36.639426  36.603027    11.5192    11.4774    32.1493    32.1501    24.4640    24.4721    11.1816    10.8711    341.087    331.612     3.1160     2.8523     0.3858     8.6209     3.4432     0.7766     0.0147 -125.17444   48.13098      99.93         16  0.000e+00
      59473   2478.000      9.830      9.913    11.5182    11.4828  36.639618  36.606737    11.5170    11.4815    32.1514    32.1501    24.4660    24.4714    11.1820    10.8701    341.097    331.580     3.1160     2.8523     0.3858     8.6209     3.4444     0.7766     0.0147 -125.17444   48.13098      99.93         16  0.000e+00
      59474   2478.042      9.784      9.867    11.5194    11.4849  36.639554  36.608080    11.5182    11.4837    32.1504    32.1496    24.4650    24.4706    11.1817    10.8752    341.089    331.735     3.1160     2.8535     0.3871     8.6514     3.4432     0.7766     0.0147 -125.17444   48.13098      99.93         16  0.000e+00
      59475   2478.083      9.830      9.913    11.5196    11.4838  36.638594  36.606737    11.5184    11.4825    32.1492    32.1493    24.4640    24.4705    11.1818    10.8755    341.092    331.747     3.1160     2.8535     0.3858     8.6209     3.4432     0.7766     0.0147 -125.17444   48.13098      99.95         16  0.000e+00
      59476   2478.125      9.843      9.927    11.5197    11.4829  36.638338  36.606033    11.5185    11.4817    32.1488    32.1493    24.4637    24.4707    11.1818    10.8758    341.093    331.754     3.1160     2.8535     0.3871     8.6514     3.4432     0.7766     0.0147 -125.17444   48.13098      99.93         16  0.000e+00
      59477   2478.167      9.784      9.867    11.5191    11.4834  36.638530  36.606928    11.5179    11.4822    32.1496    32.1497    24.4645    24.4710    11.1819    10.8755    341.093    331.746     3.1160     2.8535     0.3858     8.6209     3.4432     0.7766     0.0147 -125.17444   48.13098      99.93         16  0.000e+00
      59478   2478.208      9.830      9.913    11.5181    11.4839  36.636993  36.608016    11.5169    11.4827    32.1489    32.1504    24.4641    24.4713    11.1822    10.8754    341.104    331.743     3.1160     2.8535     0.3871     8.6514     3.4444     0.7766     0.0147 -125.17444   48.13098      99.93         16  0.000e+00
      59479   2478.250      9.843      9.927    11.5164    11.4854  36.637058  36.610191    11.5152    11.4842    32.1505    32.1512    24.4656    24.4717    11.1825    10.8807    341.114    331.903     3.1160     2.8547     0.3895     8.7125     3.4432     0.7766     0.0147 -125.17444   48.13098      99.93         16  0.000e+00
      59480   2478.292      9.784      9.867    11.5170    11.4890  36.639106  36.613260    11.5158    11.4878    32.1519    32.1511    24.4666    24.4710    11.1822    10.8797    341.103    331.874     3.1160     2.8547     0.3907     8.7430     3.4432     0.7766     0.0147 -125.17444   48.13098      99.93         16  0.000e+00
      59481   2478.333      9.784      9.867    11.5184    11.4934  36.639810  36.617162    11.5172    11.4922    32.1514    32.1511    24.4660    24.4702    11.1819    10.8786    341.094    331.840     3.1160     2.8547     0.3907     8.7430     3.4432     0.7766     0.0147 -125.17444   48.13098      99.93         16  0.000e+00
      59482   2478.375      9.784      9.867    11.5199    11.4960  36.639746  36.619465    11.5187    11.4948    32.1501    32.1510    24.4647    24.4697    11.1816    10.8779    341.086    331.820     3.1160     2.8547     0.3895     8.7125     3.4432     0.7766     0.0147 -125.17444   48.13098      99.93         16  0.000e+00
      59483   2478.417      9.797      9.880    11.5194    11.4988  36.640066  36.621831    11.5182    11.4976    32.1508    32.1509    24.4653    24.4691    11.1765    10.8829    340.930    331.972     3.1148     2.8559     0.3895     8.7125     3.4444     0.7766     0.0147 -125.17444   48.13098      99.93         16  0.000e+00
      59484   2478.458      9.830      9.914    11.5199    11.5037  36.641283  36.625350    11.5187    11.5024    32.1516    32.1501    24.4658    24.4676    11.1764    10.8818    340.926    331.939     3.1148     2.8559     0.3895     8.7125     3.4444     0.7766     0.0147 -125.17444   48.13098      99.93         16  0.000e+00
      59485   2478.500      9.784      9.867    11.5202    11.5065  36.642435  36.627524    11.5190    11.5053    32.1524    32.1498    24.4664    24.4669    11.1814    10.8867    341.078    332.089     3.1160     2.8571     0.3895     8.7125     3.4444     0.7766     0.0147 -125.17444   48.13098      99.93         16  0.000e+00
      59486   2478.542      9.784      9.867    11.5216    11.5078  36.644612  36.627972    11.5204    11.5066    32.1534    32.1491    24.4669    24.4661    11.1758    10.8921    340.907    332.253     3.1148     2.8584     0.3895     8.7125     3.4432     0.7766     0.0147 -125.17444   48.13098      99.93         16  0.000e+00
      59487   2478.583      9.744      9.827    11.5235    11.5083  36.645829  36.628164    11.5223    11.5071    32.1529    32.1489    24.4662    24.4658    11.1805    10.8806    341.050    331.903     3.1160     2.8559     0.3907     8.7430     3.4432     0.7766     0.0147 -125.17444   48.13098      99.93         16  0.000e+00
      59488   2478.625      9.738      9.820    11.5240    11.5104  36.644548  36.629251    11.5228    11.5093    32.1512    32.1481    24.4648    24.4648    11.1805    10.8914    341.051    332.233     3.1160     2.8584     0.3895     8.7125     3.4432     0.7741     0.0147 -125.17444   48.13098      99.93         16  0.000e+00
      59489   2478.667      9.784      9.867    11.5245    11.5114  36.643972  36.629571    11.5233    11.5102    32.1502    32.1475    24.4639    24.4642    11.1805    10.8913    341.051    332.229     3.1160     2.8584     0.3907     8.7430     3.4432     0.7717     0.0147 -125.17444   48.13098      99.93         16  0.000e+00
      59490   2478.708      9.738      9.820    11.5232    11.5104  36.642563  36.628100    11.5220    11.5093    32.1500    32.1470    24.4640    24.4639    11.1807    10.8915    341.060    332.236     3.1160     2.8584     0.3895     8.7125     3.4432     0.7705     0.0147 -125.17444   48.13098      99.93         16  0.000e+00
      59491   2478.750      9.744      9.827    11.5184    11.5088  36.640066  36.626692    11.5172    11.5076    32.1517    32.1470    24.4662    24.4643    11.1818    10.8919    341.091    332.248     3.1160     2.8584     0.3895     8.7125     3.4444     0.7705     0.0147 -125.17444   48.13098      99.93         16  0.000e+00
      59492   2478.792      9.738      9.820    11.5202    11.5066  36.642115  36.624581    11.5190    11.5054    32.1522    32.1468    24.4662    24.4645    11.1761    10.8924    340.918    332.265     3.1148     2.8584     0.3895     8.7125     3.4444     0.7705     0.0147 -125.17444   48.13098      99.93         16  0.000e+00
      59493   2478.833      9.738      9.820    11.5255    11.5027  36.646661  36.622087    11.5243    11.5015    32.1520    32.1479    24.4651    24.4660    11.1748    10.8990    340.879    332.465     3.1148     2.8596     0.3895     8.7125     3.4432     0.7705     0.0147 -125.17444   48.13098      99.93         16  0.000e+00
      59494   2478.875      9.738      9.820    11.5298    11.4997  36.649606  36.620040    11.5286    11.4985    32.1512    32.1485    24.4637    24.4670    11.1790    10.9054    341.008    332.659     3.1160     2.8608     0.3895     8.7125     3.4444     0.7717     0.0147 -125.17444   48.13098      99.93         16  0.000e+00
      59495   2478.917      9.698      9.780    11.5333    11.4972  36.650374  36.619080    11.5321    11.4960    32.1489    32.1497    24.4613    24.4685    11.1783    10.9002    340.985    332.501     3.1160     2.8596     0.3895     8.7125     3.4444     0.7717     0.0147 -125.17444   48.13098      99.93         16  0.000e+00
      59496   2478.958      9.738      9.821    11.5349    11.4963  36.650502  36.619656    11.5337    11.4951    32.1475    32.1510    24.4599    24.4696    11.1780    10.9117    340.978    332.850     3.1160     2.8620     0.3907     8.7430     3.4432     0.7717     0.0147 -125.17444   48.13098      99.93         16  0.000e+00
      59497   2479.000      9.685      9.767    11.5359    11.4969  36.650053  36.621064    11.5347    11.4957    32.1463    32.1519    24.4588    24.4702    11.1778    10.9058    340.972    332.669     3.1160     2.8608     0.3895     8.7125     3.4444     0.7705     0.0147 -125.17444   48.13098      99.93         16  0.000e+00
