West Coast/WCOA-7/CTD_Data/RB2102_CTD_109_01.ros
* Sea-Bird SBE 9 Data File:
* FileName = C:\Users\scs.user.rb\CTD\RB2102\Data\RB2102_CTD_109_01.hex
* Software Version Seasave V 7.26.7.107
* Temperature SN = 6202
* Conductivity SN = 4907
* Number of Bytes Per Scan = 41
* Number of Voltage Words = 4
* Number of Scans Averaged by the Deck Unit = 1
* NMEA Latitude = 33 29.00 N
* NMEA Longitude = 122 31.94 W
* NMEA UTC (Time) = Jul 17 2021  02:10:54
* NMEA baud rate = 4800
# nquan = 30
# nvalues = 1176                                  
# units = specified
# name 0 = scan: Scan Count
# name 1 = timeS: Time, Elapsed [seconds]
# name 2 = depSM: Depth [salt water, m]
# name 3 = prDM: Pressure, Digiquartz [db]
# name 4 = t090C: Temperature [ITS-90, deg C]
# name 5 = t190C: Temperature, 2 [ITS-90, deg C]
# name 6 = c0mS/cm: Conductivity [mS/cm]
# name 7 = c1mS/cm: Conductivity, 2 [mS/cm]
# name 8 = potemp090C: Potential Temperature [ITS-90, deg C]
# name 9 = potemp190C: Potential Temperature, 2 [ITS-90, deg C]
# name 10 = sal00: Salinity, Practical [PSU]
# name 11 = sal11: Salinity, Practical, 2 [PSU]
# name 12 = sigma-é00: Density [sigma-theta, kg/m^3]
# name 13 = sigma-é11: Density, 2 [sigma-theta, kg/m^3]
# name 14 = sbeox0Mg/L: Oxygen, SBE 43 [mg/l]
# name 15 = sbeox1Mg/L: Oxygen, SBE 43, 2 [mg/l]
# name 16 = sbox0Mm/Kg: Oxygen, SBE 43 [umol/kg]
# name 17 = sbox1Mm/Kg: Oxygen, SBE 43, 2 [umol/kg]
# name 18 = sbeox0V: Oxygen raw, SBE 43 [V]
# name 19 = sbeox1V: Oxygen raw, SBE 43, 2 [V]
# name 20 = v4: Voltage 4
# name 21 = flECO-AFL: Fluorescence, WET Labs ECO-AFL/FL [mg/m^3]
# name 22 = v3: Voltage 3
# name 23 = v6: Voltage 6
# name 24 = v7: Voltage 7
# name 25 = longitude: Longitude [deg]
# name 26 = latitude: Latitude [deg]
# name 27 = altM: Altimeter [m]
# name 28 = nbf: Bottles Fired
# name 29 = flag:  0.000e+00
# interval = seconds: 0.0416667
# start_time = Jul 17 2021 02:10:54 [NMEA time, header]
# bad_flag = -9.990e-29
*END*
[from data line 774]
     276619  11525.750     40.302     40.594    14.1276    14.2120  40.027146  40.073940    14.1218    14.2062    33.0982    33.0689    24.6925    24.6522     8.6315     8.7857    263.239    267.950     2.6374     2.5250     0.1050     1.6002     3.1697     0.1392     0.0000 -122.53312   33.48284      99.68         16  0.000e+00
     276620  11525.792     40.249     40.541    14.1222    14.1915  40.021310  40.054844    14.1164    14.1857    33.0975    33.0690    24.6930    24.6566     8.6325     8.7895    263.267    268.067     2.6374     2.5250     0.1050     1.6002     3.1697     0.1392     0.0000 -122.53312   33.48284      99.68         16  0.000e+00
     276621  11525.833     40.302     40.594    14.1165    14.1655  40.015872  40.035222    14.1107    14.1597    33.0974    33.0731    24.6941    24.6652     8.6336     8.7943    263.300    268.211     2.6374     2.5250     0.1050     1.6002     3.1697     0.1392     0.0000 -122.53312   33.48284      99.71         16  0.000e+00
     276622  11525.875     40.249     40.541    14.1056    14.1399  40.005462  40.017989    14.0998    14.1341    33.0972    33.0792    24.6962    24.6752     8.6355     8.7988    263.358    268.345     2.6374     2.5250     0.1050     1.6002     3.1697     0.1392     0.0000 -122.53312   33.48284      99.68         16  0.000e+00
     276623  11525.917     40.203     40.494    14.0964    14.1169  39.998102  40.003145    14.0906    14.1111    33.0983    33.0853    24.6990    24.6847     8.6370     8.8028    263.404    268.465     2.6374     2.5250     0.1050     1.6002     3.1709     0.1392     0.0000 -122.53312   33.48284      99.71         16  0.000e+00
     276624  11525.958     40.256     40.547    14.0923    14.0963  39.996644  39.993870    14.0866    14.0905    33.1004    33.0944    24.7014    24.6960     8.6377     8.8063    263.424    268.569     2.6374     2.5250     0.1050     1.6002     3.1697     0.1404     0.0000 -122.53312   33.48284      99.68         16  0.000e+00
     276625  11526.000     40.203     40.494    14.0887    14.0792  39.994522  39.985191    14.0829    14.0735    33.1016    33.1011    24.7032    24.7047     8.6382     8.8092    263.440    268.654     2.6374     2.5250     0.1050     1.6002     3.1685     0.1404     0.0000 -122.53312   33.48284      99.68         16  0.000e+00
     276626  11526.042     40.203     40.494    14.0845    14.0664  39.989948  39.974260    14.0787    14.0606    33.1010    33.1021    24.7035    24.7081     8.6390     8.8116    263.464    268.726     2.6374     2.5250     0.1050     1.6002     3.1685     0.1392     0.0000 -122.53312   33.48284      99.68         16  0.000e+00
     276627  11526.083     40.203     40.494    14.0813    14.0562  39.987097  39.968431    14.0756    14.0505    33.1011    33.1054    24.7043    24.7128     8.6396     8.8133    263.481    268.779     2.6374     2.5250     0.1050     1.6002     3.1685     0.1392     0.0000 -122.53312   33.48284      99.68         16  0.000e+00
     276628  11526.125     40.150     40.440    14.0798    14.0527  39.983915  39.969094    14.0741    14.0470    33.0995    33.1091    24.7033    24.7164     8.6399     8.8138    263.490    268.790     2.6374     2.5250     0.1050     1.6002     3.1709     0.1404     0.0000 -122.53312   33.48284      99.68         16  0.000e+00
     276642  11526.708     39.911     40.200    13.9929    14.0485  39.903403  39.949683    13.9873    14.0428    33.0998    33.0949    24.7216    24.7063     8.6552     8.8151    263.954    268.833     2.6374     2.5250     0.1050     1.6002     3.1685     0.1380     0.0000 -122.53312   33.48284      99.71         17  0.000e+00
     276643  11526.750     39.957     40.247    13.9999    14.0389  39.909497  39.941008    13.9942    14.0332    33.0995    33.0951    24.7199    24.7084     8.6540     8.8170    263.919    268.890     2.6374     2.5250     0.1050     1.6002     3.1709     0.1270     0.0000 -122.53312   33.48284      99.68         17  0.000e+00
     276644  11526.792     39.911     40.200    14.0053    14.0299  39.914465  39.932995    13.9996    14.0242    33.0994    33.0954    24.7187    24.7105     8.6530     8.8133    263.888    268.778     2.6374     2.5238     0.1050     1.6002     3.1709     0.1197     0.0000 -122.53312   33.48284      99.71         17  0.000e+00
     276645  11526.833     39.911     40.200    14.0118    14.0223  39.920428  39.926175    14.0061    14.0166    33.0993    33.0956    24.7173    24.7123     8.6518     8.8147    263.852    268.821     2.6374     2.5238     0.1050     1.6002     3.1685     0.1197     0.0000 -122.53312   33.48284      99.71         17  0.000e+00
     276646  11526.875     39.911     40.200    14.0188    14.0093  39.926390  39.914654    14.0131    14.0037    33.0988    33.0961    24.7155    24.7153     8.6506     8.8172    263.815    268.895     2.6374     2.5238     0.1038     1.5696     3.1709     0.1221     0.0000 -122.53312   33.48284      99.68         17  0.000e+00
     276647  11526.917     39.865     40.153    14.0250    13.9948  39.930497  39.901811    14.0193    13.9892    33.0973    33.0967    24.7130    24.7188     8.6495     8.8199    263.783    268.977     2.6374     2.5238     0.1001     1.4781     3.1685     0.1233     0.0000 -122.53312   33.48284      99.68         17  0.000e+00
     276648  11526.958     39.858     40.146    14.0290    13.9809  39.931888  39.891816    14.0233    13.9752    33.0952    33.0995    24.7106    24.7239     8.6489     8.8224    263.765    269.053     2.6374     2.5238     0.0989     1.4475     3.1697     0.1245     0.0000 -122.53312   33.48284      99.68         17  0.000e+00
     276649  11527.000     39.858     40.146    14.0304    13.9697  39.931027  39.884535    14.0247    13.9641    33.0932    33.1024    24.7087    24.7284     8.6488     8.8191    263.761    268.949     2.6374     2.5226     0.0989     1.4475     3.1697     0.1245     0.0000 -122.53312   33.48284      99.68         17  0.000e+00
     276650  11527.042     39.811     40.100    14.0289    13.9627  39.928244  39.880895    14.0232    13.9570    33.0919    33.1051    24.7080    24.7319     8.6441     8.8202    263.620    268.984     2.6361     2.5226     0.0989     1.4475     3.1709     0.1258     0.0000 -122.53312   33.48284      99.68         17  0.000e+00
     276651  11527.083     39.758     40.046    14.0266    13.9620  39.926455  39.881756    14.0210    13.9563    33.0922    33.1065    24.7088    24.7332     8.6445     8.8202    263.630    268.983     2.6361     2.5226     0.0989     1.4475     3.1709     0.1258     0.0000 -122.53312   33.48284      99.68         17  0.000e+00
     276652  11527.125     39.858     40.146    14.0249    13.9657  39.925594  39.884999    14.0192    13.9600    33.0929    33.1063    24.7097    24.7322     8.6449     8.8196    263.642    268.965     2.6361     2.5226     0.0989     1.4475     3.1697     0.1245     0.0000 -122.53312   33.48284      99.68         17  0.000e+00
     276653  11527.167     39.758     40.046    14.0217    13.9723  39.924136  39.889102    14.0160    13.9666    33.0943    33.1045    24.7114    24.7295     8.6453     8.8184    263.653    268.927     2.6361     2.5226     0.0989     1.4475     3.1709     0.1245     0.0000 -122.53312   33.48284      99.68         17  0.000e+00
     276654  11527.208     39.765     40.053    14.0170    13.9803  39.921089  39.896251    14.0114    13.9747    33.0955    33.1041    24.7133    24.7275     8.6460     8.8168    263.676    268.881     2.6361     2.5226     0.0989     1.4475     3.1697     0.1245     0.0000 -122.53312   33.48284      99.71         17  0.000e+00
     276655  11527.250     39.758     40.046    14.0137    13.9878  39.918174  39.902871    14.0080    13.9821    33.0957    33.1038    24.7141    24.7258     8.6466     8.8154    263.694    268.838     2.6361     2.5226     0.0989     1.4475     3.1697     0.1245     0.0000 -122.53312   33.48284      99.68         17  0.000e+00
     276656  11527.292     39.758     40.046    14.0135    13.9958  39.917512  39.908431    14.0078    13.9902    33.0952    33.1020    24.7138    24.7227     8.6467     8.8140    263.696    268.795     2.6361     2.5226     0.0989     1.4475     3.1697     0.1245     0.0000 -122.53312   33.48284      99.68         17  0.000e+00
     276657  11527.333     39.758     40.046    14.0140    14.0043  39.917710  39.915382    14.0084    13.9986    33.0950    33.1012    24.7135    24.7203     8.6417     8.8124    263.544    268.748     2.6349     2.5226     0.0989     1.4475     3.1685     0.1245     0.0000 -122.53312   33.48284      99.68         17  0.000e+00
     276658  11527.375     39.712     39.999    14.0154    14.0129  39.918836  39.920877    14.0097    14.0072    33.0949    33.0989    24.7132    24.7168     8.6414     8.8108    263.535    268.700     2.6349     2.5226     0.0989     1.4475     3.1697     0.1245     0.0000 -122.53312   33.48284      99.68         17  0.000e+00
     276659  11527.417     39.712     39.999    14.0185    14.0210  39.920227  39.926042    14.0128    14.0153    33.0935    33.0967    24.7114    24.7134     8.6409     8.8094    263.520    268.658     2.6349     2.5226     0.0989     1.4475     3.1697     0.1245     0.0000 -122.53312   33.48284      99.68         17  0.000e+00
     276660  11527.458     39.712     39.999    14.0219    14.0270  39.922148  39.929948    14.0162    14.0214    33.0923    33.0951    24.7098    24.7109     8.6355     8.8083    263.354    268.625     2.6337     2.5226     0.0989     1.4475     3.1697     0.1258     0.0000 -122.53312   33.48284      99.68         17  0.000e+00
     276661  11527.500     39.666     39.953    14.0249    14.0321  39.925262  39.933391    14.0192    14.0264    33.0927    33.0940    24.7095    24.7090     8.6349     8.8020    263.336    268.434     2.6337     2.5214     0.0989     1.4475     3.1709     0.1282     0.0000 -122.53312   33.48284      99.68         17  0.000e+00
     276662  11527.542     39.672     39.959    14.0277    14.0355  39.928177  39.934781    14.0220    14.0298    33.0929    33.0924    24.7091    24.7070     8.6343     8.8015    263.320    268.418     2.6337     2.5214     0.0989     1.4475     3.1697     0.1306     0.0000 -122.53312   33.48284      99.68         17  0.000e+00
     276663  11527.583     39.712     39.999    14.0298    14.0379  39.929900  39.935775    14.0241    14.0322    33.0927    33.0912    24.7085    24.7056     8.6340     8.8011    263.311    268.408     2.6337     2.5214     0.0989     1.4475     3.1709     0.1306     0.0000 -122.53312   33.48284      99.68         17  0.000e+00
     276664  11527.625     39.665     39.953    14.0312    14.0389  39.931092  39.938092    14.0256    14.0332    33.0926    33.0925    24.7081    24.7064     8.6337     8.8008    263.302    268.398     2.6337     2.5214     0.0989     1.4475     3.1709     0.1306     0.0000 -122.53312   33.48284      99.71         17  0.000e+00
     276665  11527.667     39.612     39.899    14.0336    14.0397  39.933742  39.939814    14.0279    14.0340    33.0930    33.0934    24.7079    24.7070     8.6283     8.7952    263.136    268.227     2.6325     2.5201     0.0989     1.4475     3.1709     0.1319     0.0000 -122.53312   33.48284      99.68         17  0.000e+00
     276666  11527.708     39.665     39.953    14.0372    14.0409  39.937122  39.941470    14.0315    14.0352    33.0930    33.0939    24.7072    24.7071     8.6277     8.7950    263.119    268.221     2.6325     2.5201     0.0989     1.4475     3.1685     0.1319     0.0000 -122.53312   33.48284      99.68         17  0.000e+00
     276667  11527.750     39.665     39.953    14.0386    14.0421  39.938712  39.943987    14.0329    14.0364    33.0933    33.0952    24.7071    24.7079     8.6274     8.7947    263.111    268.212     2.6325     2.5201     0.0989     1.4475     3.1697     0.1319     0.0000 -122.53312   33.48284      99.68         17  0.000e+00
     276668  11527.792     39.612     39.899    14.0393    14.0434  39.938712  39.948756    14.0336    14.0378    33.0928    33.0985    24.7065    24.7101     8.6273     8.7942    263.106    268.196     2.6325     2.5201     0.0989     1.4475     3.1697     0.1319     0.0000 -122.53312   33.48284      99.68         17  0.000e+00
     276669  11527.833     39.619     39.906    14.0391    14.0463  39.938911  39.955181    14.0334    14.0406    33.0931    33.1019    24.7068    24.7122     8.6273     8.7935    263.107    268.173     2.6325     2.5201     0.0989     1.4475     3.1697     0.1319     0.0000 -122.53312   33.48284      99.68         17  0.000e+00
     276670  11527.875     39.612     39.899    14.0372    14.0520  39.940037  39.961009    14.0316    14.0464    33.0958    33.1024    24.7093    24.7113     8.6275     8.7870    263.112    267.977     2.6325     2.5189     0.0989     1.4475     3.1697     0.1319     0.0000 -122.53312   33.48284      99.68         17  0.000e+00
     276671  11527.917     39.612     39.899    14.0413    14.0591  39.943748  39.963592    14.0356    14.0535    33.0957    33.0987    24.7084    24.7070     8.6268     8.7859    263.090    267.943     2.6325     2.5189     0.0989     1.4475     3.1709     0.1319     0.0000 -122.53312   33.48284      99.68         17  0.000e+00
     276672  11527.958     39.612     39.899    14.0460    14.0648  39.948254  39.965645    14.0403    14.0592    33.0958    33.0956    24.7075    24.7035     8.6259     8.7850    263.064    267.915     2.6325     2.5189     0.0989     1.4475     3.1697     0.1319     0.0000 -122.53312   33.48284      99.68         17  0.000e+00
     276673  11528.000     39.612     39.899    14.0496    14.0692  39.951965  39.965578    14.0440    14.0636    33.0961    33.0918    24.7070    24.6996     8.6253     8.7790    263.044    267.735     2.6325     2.5177     0.1001     1.4781     3.1697     0.1319     0.0000 -122.53312   33.48284      99.68         17  0.000e+00
     276674  11528.042     39.612     39.899    14.0530    14.0718  39.954019  39.965777    14.0474    14.0661    33.0951    33.0898    24.7055    24.6975     8.6247     8.7786    263.027    267.724     2.6325     2.5177     0.1001     1.4781     3.1697     0.1331     0.0000 -122.53312   33.48284      99.68         17  0.000e+00
     276675  11528.083     39.566     39.852    14.0548    14.0730  39.954019  39.967300    14.0492    14.0674    33.0935    33.0902    24.7039    24.6976     8.6244     8.7783    263.019    267.714     2.6325     2.5177     0.1001     1.4781     3.1697     0.1331     0.0000 -122.53312   33.48284      99.68         17  0.000e+00
     276676  11528.125     39.573     39.859    14.0562    14.0735  39.954151  39.969486    14.0505    14.0678    33.0925    33.0918    24.7029    24.6987     8.6242     8.7728    263.014    267.547     2.6325     2.5165     0.1001     1.4781     3.1697     0.1343     0.0000 -122.53312   33.48284      99.68         17  0.000e+00
     276677  11528.167     39.612     39.899    14.0560    14.0741  39.954284  39.970083    14.0503    14.0685    33.0928    33.0918    24.7031    24.6985     8.6243     8.7727    263.015    267.544     2.6325     2.5165     0.1001     1.4781     3.1709     0.1343     0.0000 -122.53312   33.48284      99.68         17  0.000e+00
     276678  11528.208     39.612     39.899    14.0557    14.0743  39.954483  39.966770    14.0501    14.0687    33.0932    33.0885    24.7035    24.6960     8.6194     8.7729    262.866    267.549     2.6313     2.5165     0.1001     1.4781     3.1697     0.1355     0.0000 -122.53312   33.48284      99.68         17  0.000e+00
