West Coast/WCOA-7/CTD_Data/RB2102_CTD_046_01.ros
* Sea-Bird SBE 9 Data File:
* FileName = C:\Users\scs.user.rb\CTD\RB2102\Data\RB2102_CTD_046_01.hex
* Software Version Seasave V 7.26.7.107
* Temperature SN = 6202
* Conductivity SN = 4907
* Number of Bytes Per Scan = 41
* Number of Voltage Words = 4
* Number of Scans Averaged by the Deck Unit = 1
* NMEA Latitude = 44 39.17 N
* NMEA Longitude = 125 07.14 W
* NMEA UTC (Time) = Jul 03 2021  19:23:36
* NMEA baud rate = 4800
# nquan = 30
# nvalues = 1029                                  
# units = specified
# name 0 = scan: Scan Count
# name 1 = timeS: Time, Elapsed [seconds]
# name 2 = depSM: Depth [salt water, m]
# name 3 = prDM: Pressure, Digiquartz [db]
# name 4 = t090C: Temperature [ITS-90, deg C]
# name 5 = t190C: Temperature, 2 [ITS-90, deg C]
# name 6 = c0mS/cm: Conductivity [mS/cm]
# name 7 = c1mS/cm: Conductivity, 2 [mS/cm]
# name 8 = potemp090C: Potential Temperature [ITS-90, deg C]
# name 9 = potemp190C: Potential Temperature, 2 [ITS-90, deg C]
# name 10 = sal00: Salinity, Practical [PSU]
# name 11 = sal11: Salinity, Practical, 2 [PSU]
# name 12 = sigma-é00: Density [sigma-theta, kg/m^3]
# name 13 = sigma-é11: Density, 2 [sigma-theta, kg/m^3]
# name 14 = sbeox0Mg/L: Oxygen, SBE 43 [mg/l]
# name 15 = sbeox1Mg/L: Oxygen, SBE 43, 2 [mg/l]
# name 16 = sbox0Mm/Kg: Oxygen, SBE 43 [umol/kg]
# name 17 = sbox1Mm/Kg: Oxygen, SBE 43, 2 [umol/kg]
# name 18 = sbeox0V: Oxygen raw, SBE 43 [V]
# name 19 = sbeox1V: Oxygen raw, SBE 43, 2 [V]
# name 20 = v4: Voltage 4
# name 21 = flECO-AFL: Fluorescence, WET Labs ECO-AFL/FL [mg/m^3]
# name 22 = v3: Voltage 3
# name 23 = v6: Voltage 6
# name 24 = v7: Voltage 7
# name 25 = longitude: Longitude [deg]
# name 26 = latitude: Latitude [deg]
# name 27 = altM: Altimeter [m]
# name 28 = nbf: Bottles Fired
# name 29 = flag:  0.000e+00
# interval = seconds: 0.0416667
# start_time = Jul 03 2021 19:23:36 [NMEA time, header]
# bad_flag = -9.990e-29
*END*
[from data line 242]
      51268   2136.125    298.449    301.101     6.6860     6.6860  34.258804  34.259339     6.6587     6.6588    34.0338    34.0344    26.7038    26.7042     1.7963     1.8843     54.675     57.353     0.8547     0.8571     0.0403    -0.0177     3.2686     0.0000     0.0000 -125.12134   44.65258      99.90          5  0.000e+00
      51269   2136.167    298.449    301.101     6.6863     6.6862  34.259241  34.259277     6.6591     6.6590    34.0340    34.0341    26.7039    26.7040     1.7963     1.8843     54.674     57.353     0.8547     0.8571     0.0403    -0.0177     3.2650     0.0000     0.0000 -125.12134   44.65258      99.90          5  0.000e+00
      51270   2136.208    298.496    301.148     6.6863     6.6860  34.258867  34.259277     6.6590     6.6588    34.0336    34.0343    26.7036    26.7042     1.7963     1.8843     54.675     57.353     0.8547     0.8571     0.0403    -0.0177     3.2674     0.0000     0.0000 -125.12134   44.65258      99.90          5  0.000e+00
      56644   2360.125    198.146    199.858     7.2623     7.2620  34.659077  34.658128     7.2435     7.2432    33.9536    33.9528    26.5608    26.5602     3.6007     3.7284    109.613    113.501     1.2442     1.2222     0.0403    -0.0177     3.2625     0.0000     0.0000 -125.12174   44.65252      99.71          6  0.000e+00
      56645   2360.167    198.100    199.811     7.2625     7.2620  34.659014  34.658316     7.2437     7.2432    33.9534    33.9531    26.5606    26.5604     3.6007     3.7347    109.612    113.693     1.2442     1.2234     0.0403    -0.0177     3.2625     0.0000     0.0000 -125.12174   44.65252      99.68          6  0.000e+00
      56646   2360.208    198.147    199.858     7.2625     7.2621  34.659327  34.658504     7.2437     7.2433    33.9537    33.9531    26.5608    26.5605     3.6007     3.7284    109.613    113.500     1.2442     1.2222     0.0403    -0.0177     3.2637     0.0000     0.0000 -125.12174   44.65252      99.68          6  0.000e+00
      56647   2360.250    198.127    199.838     7.2629     7.2623  34.659515  34.658629     7.2441     7.2435    33.9534    33.9531    26.5606    26.5604     3.6007     3.7347    109.611    113.692     1.2442     1.2234     0.0403    -0.0177     3.2625     0.0000     0.0000 -125.12174   44.65252      99.71          6  0.000e+00
      56648   2360.292    198.200    199.912     7.2631     7.2623  34.659703  34.658629     7.2443     7.2435    33.9535    33.9530    26.5606    26.5603     3.6007     3.7348    109.612    113.693     1.2442     1.2234     0.0403    -0.0177     3.2637     0.0000     0.0000 -125.12174   44.65252      99.68          6  0.000e+00
      56649   2360.333    198.047    199.758     7.2631     7.2623  34.659577  34.658816     7.2443     7.2435    33.9534    33.9533    26.5605    26.5606     3.6006     3.7347    109.610    113.691     1.2442     1.2234     0.0403    -0.0177     3.2625     0.0000     0.0000 -125.12174   44.65252      99.71          6  0.000e+00
      56650   2360.375    198.100    199.812     7.2632     7.2627  34.659515  34.658942     7.2444     7.2439    33.9532    33.9531    26.5603    26.5603     3.6006     3.7347    109.610    113.691     1.2442     1.2234     0.0403    -0.0177     3.2625     0.0000     0.0000 -125.12174   44.65252      99.71          6  0.000e+00
      56651   2360.417    198.100    199.812     7.2634     7.2630  34.659515  34.658942     7.2446     7.2442    33.9530    33.9528    26.5602    26.5601     3.6006     3.7347    109.610    113.690     1.2442     1.2234     0.0403    -0.0177     3.2625     0.0000     0.0000 -125.12174   44.65252      99.68          6  0.000e+00
      56652   2360.458    198.100    199.812     7.2637     7.2630  34.659703  34.658942     7.2449     7.2442    33.9529    33.9528    26.5600    26.5601     3.6006     3.7347    109.609    113.690     1.2442     1.2234     0.0403    -0.0177     3.2625     0.0000     0.0000 -125.12174   44.65252      99.71          6  0.000e+00
      56653   2360.500    198.074    199.785     7.2635     7.2632  34.659577  34.658941     7.2448     7.2444    33.9529    33.9526    26.5601    26.5599     3.6006     3.7346    109.609    113.689     1.2442     1.2234     0.0403    -0.0177     3.2650     0.0000     0.0000 -125.12174   44.65252      99.71          6  0.000e+00
      56654   2360.542    198.100    199.812     7.2637     7.2633  34.659515  34.658942     7.2449     7.2445    33.9527    33.9525    26.5599    26.5598     3.6006     3.7346    109.609    113.689     1.2442     1.2234     0.0403    -0.0177     3.2637     0.0000     0.0000 -125.12174   44.65252      99.68          6  0.000e+00
      56655   2360.583    198.100    199.812     7.2637     7.2633  34.659703  34.659129     7.2449     7.2445    33.9529    33.9527    26.5600    26.5599     3.6006     3.7346    109.609    113.689     1.2442     1.2234     0.0403    -0.0177     3.2625     0.0000     0.0000 -125.12174   44.65252      99.71          6  0.000e+00
      56656   2360.625    198.001    199.711     7.2640     7.2636  34.659828  34.659254     7.2452     7.2448    33.9528    33.9525    26.5599    26.5598     3.6063     3.7346    109.784    113.687     1.2454     1.2234     0.0403    -0.0177     3.2637     0.0000     0.0000 -125.12174   44.65252      99.68          6  0.000e+00
      56657   2360.667    198.047    199.758     7.2639     7.2636  34.660016  34.659254     7.2451     7.2448    33.9531    33.9525    26.5602    26.5597     3.6006     3.7346    109.608    113.688     1.2442     1.2234     0.0403    -0.0177     3.2637     0.0000     0.0000 -125.12174   44.65252      99.68          6  0.000e+00
      56658   2360.708    198.100    199.812     7.2642     7.2636  34.659640  34.659255     7.2454     7.2448    33.9523    33.9525    26.5595    26.5597     3.6006     3.7283    109.608    113.496     1.2442     1.2222     0.0403    -0.0177     3.2637     0.0000     0.0000 -125.12174   44.65252      99.68          6  0.000e+00
      56659   2360.750    198.001    199.711     7.2642     7.2638  34.659514  34.659254     7.2454     7.2450    33.9522    33.9524    26.5595    26.5596     3.6005     3.7282    109.607    113.494     1.2442     1.2222     0.0403    -0.0177     3.2637     0.0000     0.0000 -125.12174   44.65252      99.68          6  0.000e+00
      56660   2360.792    198.027    199.738     7.2642     7.2638  34.659702  34.659442     7.2454     7.2450    33.9524    33.9526    26.5596    26.5598     3.6005     3.7346    109.607    113.687     1.2442     1.2234     0.0403    -0.0177     3.2625     0.0000     0.0000 -125.12174   44.65252      99.71          6  0.000e+00
      56661   2360.833    198.047    199.758     7.2641     7.2635  34.659327  34.659317     7.2453     7.2447    33.9521    33.9527    26.5594    26.5599     3.6006     3.7346    109.608    113.688     1.2442     1.2234     0.0403    -0.0177     3.2637     0.0000     0.0000 -125.12174   44.65252      99.68          6  0.000e+00
      56662   2360.875    198.001    199.711     7.2642     7.2638  34.659640  34.659442     7.2454     7.2450    33.9524    33.9526    26.5596    26.5598     3.6005     3.7345    109.607    113.686     1.2442     1.2234     0.0403    -0.0177     3.2625     0.0000     0.0000 -125.12174   44.65252      99.71          6  0.000e+00
      56663   2360.917    198.001    199.711     7.2644     7.2636  34.660016  34.659317     7.2456     7.2448    33.9526    33.9526    26.5598    26.5598     3.6005     3.7346    109.606    113.687     1.2442     1.2234     0.0403    -0.0177     3.2625     0.0000     0.0000 -125.12174   44.65252      99.71          6  0.000e+00
      56664   2360.958    198.047    199.758     7.2642     7.2636  34.660141  34.659254     7.2454     7.2448    33.9529    33.9525    26.5600    26.5597     3.6005     3.7346    109.607    113.688     1.2442     1.2234     0.0403    -0.0177     3.2625     0.0000     0.0000 -125.12174   44.65252      99.71          6  0.000e+00
      56665   2361.000    197.948    199.658     7.2644     7.2638  34.659890  34.659442     7.2456     7.2450    33.9525    33.9526    26.5597    26.5598     3.6005     3.7345    109.606    113.686     1.2442     1.2234     0.0403    -0.0177     3.2625     0.0000     0.0000 -125.12174   44.65252      99.71          6  0.000e+00
      56666   2361.042    198.047    199.758     7.2644     7.2638  34.660266  34.659567     7.2456     7.2450    33.9529    33.9527    26.5600    26.5599     3.6005     3.7346    109.607    113.687     1.2442     1.2234     0.0403    -0.0177     3.2650     0.0000     0.0000 -125.12174   44.65252      99.71          6  0.000e+00
      56667   2361.083    197.928    199.638     7.2644     7.2638  34.659514  34.659755     7.2456     7.2450    33.9521    33.9530    26.5594    26.5601     3.6005     3.7345    109.606    113.685     1.2442     1.2234     0.0403    -0.0177     3.2625     0.0000     0.0000 -125.12174   44.65252      99.71          6  0.000e+00
      56668   2361.125    198.001    199.711     7.2647     7.2638  34.659890  34.659379     7.2459     7.2450    33.9522    33.9525    26.5593    26.5597     3.6005     3.7345    109.606    113.686     1.2442     1.2234     0.0403    -0.0177     3.2637     0.0000     0.0000 -125.12174   44.65252      99.71          6  0.000e+00
      56669   2361.167    198.001    199.712     7.2644     7.2638  34.659890  34.659630     7.2456     7.2450    33.9525    33.9528    26.5596    26.5600     3.6005     3.7345    109.607    113.686     1.2442     1.2234     0.0403    -0.0177     3.2625     0.0000     0.0000 -125.12174   44.65252      99.71          6  0.000e+00
      56670   2361.208    197.948    199.658     7.2645     7.2639  34.659577  34.659630     7.2458     7.2451    33.9520    33.9527    26.5592    26.5598     3.6005     3.7345    109.606    113.685     1.2442     1.2234     0.0403    -0.0177     3.2625     0.0000     0.0000 -125.12174   44.65252      99.68          6  0.000e+00
      56671   2361.250    197.948    199.658     7.2647     7.2638  34.660203  34.659755     7.2459     7.2450    33.9525    33.9529    26.5596    26.5601     3.6005     3.7345    109.605    113.685     1.2442     1.2234     0.0403    -0.0177     3.2637     0.0000     0.0000 -125.12174   44.65252      99.71          6  0.000e+00
      56672   2361.292    197.948    199.658     7.2645     7.2638  34.659953  34.659630     7.2458     7.2450    33.9524    33.9528    26.5595    26.5600     3.6063     3.7345    109.782    113.685     1.2454     1.2234     0.0403    -0.0177     3.2637     0.0000     0.0000 -125.12174   44.65252      99.71          6  0.000e+00
      56673   2361.333    197.974    199.685     7.2645     7.2638  34.660016  34.659755     7.2458     7.2450    33.9525    33.9529    26.5596    26.5601     3.6005     3.7345    109.606    113.686     1.2442     1.2234     0.0403    -0.0177     3.2637     0.0000     0.0000 -125.12174   44.65252      99.71          6  0.000e+00
      56674   2361.375    197.948    199.658     7.2648     7.2639  34.660329  34.659379     7.2461     7.2451    33.9525    33.9524    26.5596    26.5596     3.6004     3.7345    109.604    113.685     1.2442     1.2234     0.0403    -0.0177     3.2637     0.0000     0.0000 -125.12174   44.65252      99.71          6  0.000e+00
      56675   2361.417    197.902    199.611     7.2650     7.2638  34.660642  34.659254     7.2462     7.2450    33.9527    33.9524    26.5597    26.5597     3.6004     3.7345    109.603    113.685     1.2442     1.2234     0.0403    -0.0177     3.2637     0.0000     0.0000 -125.12174   44.65252      99.71          6  0.000e+00
      56676   2361.458    197.948    199.658     7.2648     7.2639  34.660517  34.659630     7.2461     7.2451    33.9527    33.9527    26.5598    26.5599     3.6004     3.7345    109.604    113.685     1.2442     1.2234     0.0403    -0.0177     3.2625     0.0000     0.0000 -125.12174   44.65252      99.68          6  0.000e+00
      56677   2361.500    197.948    199.658     7.2652     7.2638  34.660642  34.659630     7.2464     7.2450    33.9526    33.9528    26.5596    26.5600     3.6004     3.7345    109.604    113.685     1.2442     1.2234     0.0403    -0.0177     3.2637     0.0000     0.0000 -125.12174   44.65252      99.71          6  0.000e+00
      56678   2361.542    197.902    199.611     7.2652     7.2639  34.660767  34.659567     7.2464     7.2451    33.9527    33.9526    26.5597    26.5598     3.6004     3.7345    109.603    113.685     1.2442     1.2234     0.0403    -0.0177     3.2637     0.0000     0.0000 -125.12174   44.65252      99.68          6  0.000e+00
      56679   2361.583    197.928    199.638     7.2653     7.2639  34.660955  34.659567     7.2465     7.2451    33.9528    33.9526    26.5597    26.5598     3.6004     3.7282    109.603    113.492     1.2442     1.2222     0.0403    -0.0177     3.2637     0.0000     0.0000 -125.12174   44.65252      99.71          6  0.000e+00
      56680   2361.625    197.902    199.611     7.2655     7.2641  34.661018  34.659567     7.2467     7.2453    33.9527    33.9524    26.5596    26.5596     3.6004     3.7345    109.602    113.684     1.2442     1.2234     0.0403    -0.0177     3.2637     0.0000     0.0000 -125.12174   44.65252      99.68          6  0.000e+00
      56681   2361.667    197.902    199.611     7.2655     7.2639  34.661268  34.659567     7.2467     7.2451    33.9529    33.9526    26.5598    26.5598     3.6004     3.7345    109.602    113.685     1.2442     1.2234     0.0403    -0.0177     3.2637     0.0000     0.0000 -125.12174   44.65252      99.71          6  0.000e+00
      56682   2361.708    197.902    199.611     7.2656     7.2644  34.661331  34.659567     7.2469     7.2456    33.9529    33.9521    26.5597    26.5594     3.6003     3.7344    109.601    113.684     1.2442     1.2234     0.0403    -0.0177     3.2637     0.0000     0.0000 -125.12174   44.65252      99.68          6  0.000e+00
      56683   2361.750    197.948    199.658     7.2658     7.2644  34.661080  34.659567     7.2470     7.2456    33.9524    33.9521    26.5593    26.5593     3.6004     3.7345    109.602    113.684     1.2442     1.2234     0.0403    -0.0177     3.2625     0.0000     0.0000 -125.12174   44.65252      99.71          6  0.000e+00
      56684   2361.792    197.855    199.564     7.2656     7.2643  34.661268  34.659754     7.2469     7.2455    33.9528    33.9525    26.5597    26.5597     3.5945     3.7344    109.424    113.683     1.2430     1.2234     0.0403    -0.0177     3.2637     0.0000     0.0000 -125.12174   44.65252      99.71          6  0.000e+00
      56685   2361.833    197.902    199.611     7.2660     7.2643  34.660892  34.659629     7.2472     7.2455    33.9521    33.9524    26.5591    26.5595     3.5945     3.7344    109.425    113.684     1.2430     1.2234     0.0403    -0.0177     3.2637     0.0000     0.0000 -125.12174   44.65252      99.71          6  0.000e+00
      56686   2361.875    197.882    199.591     7.2658     7.2641  34.661456  34.659942     7.2471     7.2453    33.9528    33.9529    26.5597    26.5600     3.5945     3.7344    109.424    113.683     1.2430     1.2234     0.0403    -0.0177     3.2637     0.0000     0.0000 -125.12174   44.65252      99.71          6  0.000e+00
      56687   2361.917    197.855    199.565     7.2662     7.2641  34.661205  34.660130     7.2474     7.2453    33.9522    33.9531    26.5592    26.5601     3.6003     3.7344    109.600    113.683     1.2442     1.2234     0.0403    -0.0177     3.2637     0.0000     0.0000 -125.12174   44.65252      99.71          6  0.000e+00
      56688   2361.958    197.902    199.611     7.2660     7.2644  34.661268  34.659880     7.2472     7.2456    33.9525    33.9525    26.5594    26.5596     3.6003     3.7344    109.601    113.683     1.2442     1.2234     0.0403    -0.0177     3.2637     0.0000     0.0000 -125.12174   44.65252      99.68          6  0.000e+00
