West Coast/WCOA-7/CTD_Data/RB2102_CTD_009_01.ros
* Sea-Bird SBE 9 Data File:
* FileName = C:\Users\scs.user.rb\CTD\RB2102\Data\RB2102_CTD_009_01.hex
* Software Version Seasave V 7.26.7.107
* Temperature SN = 6202
* Conductivity SN = 4907
* Number of Bytes Per Scan = 41
* Number of Voltage Words = 4
* Number of Scans Averaged by the Deck Unit = 1
* NMEA Latitude = 48 25.95 N
* NMEA Longitude = 126 13.60 W
* NMEA UTC (Time) = Jun 27 2021  18:58:06
* NMEA baud rate = 4800
# nquan = 30
# nvalues = 980                                   
# units = specified
# name 0 = scan: Scan Count
# name 1 = timeS: Time, Elapsed [seconds]
# name 2 = depSM: Depth [salt water, m]
# name 3 = prDM: Pressure, Digiquartz [db]
# name 4 = t090C: Temperature [ITS-90, deg C]
# name 5 = t190C: Temperature, 2 [ITS-90, deg C]
# name 6 = c0mS/cm: Conductivity [mS/cm]
# name 7 = c1mS/cm: Conductivity, 2 [mS/cm]
# name 8 = potemp090C: Potential Temperature [ITS-90, deg C]
# name 9 = potemp190C: Potential Temperature, 2 [ITS-90, deg C]
# name 10 = sal00: Salinity, Practical [PSU]
# name 11 = sal11: Salinity, Practical, 2 [PSU]
# name 12 = sigma-é00: Density [sigma-theta, kg/m^3]
# name 13 = sigma-é11: Density, 2 [sigma-theta, kg/m^3]
# name 14 = sbeox0Mg/L: Oxygen, SBE 43 [mg/l]
# name 15 = sbeox1Mg/L: Oxygen, SBE 43, 2 [mg/l]
# name 16 = sbox0Mm/Kg: Oxygen, SBE 43 [umol/kg]
# name 17 = sbox1Mm/Kg: Oxygen, SBE 43, 2 [umol/kg]
# name 18 = sbeox0V: Oxygen raw, SBE 43 [V]
# name 19 = sbeox1V: Oxygen raw, SBE 43, 2 [V]
# name 20 = v4: Voltage 4
# name 21 = flECO-AFL: Fluorescence, WET Labs ECO-AFL/FL [mg/m^3]
# name 22 = v3: Voltage 3
# name 23 = v6: Voltage 6
# name 24 = v7: Voltage 7
# name 25 = longitude: Longitude [deg]
# name 26 = latitude: Latitude [deg]
# name 27 = altM: Altimeter [m]
# name 28 = nbf: Bottles Fired
# name 29 = flag:  0.000e+00
# interval = seconds: 0.0416667
# start_time = Jun 27 2021 18:58:06 [NMEA time, header]
# bad_flag = -9.990e-29
*END*
[from data line 774]
      81047   3376.917     20.396     20.570    12.6703    12.7011  37.334388  37.362551    12.6677    12.6984    31.8288    31.8296    24.0016    23.9963     9.8085     9.6106    299.336    293.298     2.8437     2.6313     0.0623     0.5318     3.1111     0.8938     2.2332 -126.22722   48.43220      99.83         16  0.000e+00
      81048   3376.958     20.349     20.523    12.6776    12.7008  37.338709  37.362873    12.6749    12.6981    31.8268    31.8302    23.9986    23.9968     9.8070     9.6051    299.292    293.129     2.8437     2.6300     0.0611     0.5013     3.1111     0.8938     2.2332 -126.22722   48.43220      99.85         16  0.000e+00
      81049   3377.000     20.442     20.617    12.6824    12.7004  37.342644  37.362745    12.6797    12.6977    31.8265    31.8303    23.9974    23.9970     9.8112     9.6053    299.420    293.135     2.8449     2.6300     0.0611     0.5013     3.1111     0.8938     2.2332 -126.22722   48.43220      99.85         16  0.000e+00
      81050   3377.042     20.349     20.524    12.6847    12.7004  37.343740  37.362680    12.6820    12.6977    31.8256    31.8303    23.9963    23.9969     9.8056     9.6052    299.249    293.131     2.8437     2.6300     0.0611     0.5013     3.1111     0.8938     2.2332 -126.22722   48.43220      99.83         16  0.000e+00
      81051   3377.083     20.442     20.617    12.6822    12.7008  37.342451  37.362680    12.6795    12.6981    31.8264    31.8300    23.9974    23.9966     9.8113     9.6052    299.422    293.133     2.8449     2.6300     0.0611     0.5013     3.1111     0.8938     2.2332 -126.22722   48.43220      99.85         16  0.000e+00
      81052   3377.125     20.396     20.570    12.6803    12.7004  37.342773  37.363131    12.6777    12.6977    31.8283    31.8307    23.9993    23.9972     9.8064     9.6052    299.273    293.132     2.8437     2.6300     0.0623     0.5318     3.1111     0.8938     2.2332 -126.22722   48.43220      99.85         16  0.000e+00
      81053   3377.167     20.442     20.617    12.6821    12.7004  37.343870  37.363067    12.6794    12.6977    31.8279    31.8306    23.9986    23.9972     9.8061     9.6053    299.264    293.134     2.8437     2.6300     0.0623     0.5318     3.1111     0.8938     2.2332 -126.22722   48.43220      99.83         16  0.000e+00
      81054   3377.208     20.449     20.624    12.6772    12.7001  37.339290  37.362745    12.6745    12.6974    31.8276    31.8306    23.9993    23.9972     9.8072     9.6053    299.296    293.136     2.8437     2.6300     0.0623     0.5318     3.1111     0.8938     2.2332 -126.22722   48.43220      99.83         16  0.000e+00
      81055   3377.250     20.442     20.617    12.6705    12.7001  37.334517  37.362680    12.6678    12.6974    31.8288    31.8305    24.0015    23.9972     9.8085     9.6053    299.336    293.136     2.8437     2.6300     0.0611     0.5013     3.1111     0.8938     2.2332 -126.22722   48.43220      99.83         16  0.000e+00
      81056   3377.292     20.495     20.670    12.6671    12.6997  37.336776  37.362809    12.6644    12.6970    31.8338    31.8309    24.0060    23.9975     9.8141     9.5999    299.505    292.971     2.8449     2.6288     0.0611     0.5013     3.1111     0.8938     2.2332 -126.22722   48.43220      99.85         16  0.000e+00
      83431   3476.250     15.165     15.294    13.1360    13.0592  37.681096  37.627120    13.1339    13.0572    31.7666    31.7802    23.8631    23.8886     9.6985     9.5142    296.018    290.387     2.8413     2.6276     0.0586     0.4402     3.1148     0.8608     2.4689 -126.22722   48.43220      99.83         17  0.000e+00
      83432   3476.292     15.112     15.241    13.1361    13.0576  37.681225  37.626280    13.1341    13.0556    31.7666    31.7808    23.8630    23.8893     9.6984     9.5145    296.015    290.394     2.8413     2.6276     0.0586     0.4402     3.1136     0.8608     2.4689 -126.22722   48.43220      99.83         17  0.000e+00
      83433   3476.333     15.112     15.241    13.1361    13.0587  37.680772  37.626150    13.1341    13.0566    31.7662    31.7798    23.8627    23.8884     9.6984     9.5143    296.016    290.389     2.8413     2.6276     0.0586     0.4402     3.1123     0.8608     2.4689 -126.22722   48.43220      99.83         17  0.000e+00
      83434   3476.375     15.118     15.247    13.1360    13.0635  37.681031  37.625762    13.1339    13.0615    31.7666    31.7754    23.8630    23.8840     9.7035     9.5136    296.170    290.368     2.8425     2.6276     0.0586     0.4402     3.1123     0.8608     2.4689 -126.22722   48.43220      99.83         17  0.000e+00
      83435   3476.417     15.112     15.241    13.1356    13.0654  37.680707  37.624339    13.1336    13.0634    31.7666    31.7724    23.8631    23.8814     9.7035     9.5133    296.172    290.361     2.8425     2.6276     0.0586     0.4402     3.1123     0.8608     2.4689 -126.22722   48.43220      99.83         17  0.000e+00
      83436   3476.458     15.158     15.287    13.1356    13.0598  37.680578  37.622723    13.1336    13.0578    31.7664    31.7756    23.8630    23.8849     9.6986     9.5144    296.021    290.392     2.8413     2.6276     0.0586     0.4402     3.1148     0.8608     2.4689 -126.22722   48.43220      99.83         17  0.000e+00
      83437   3476.500     15.065     15.194    13.1356    13.0544  37.681031  37.621301    13.1336    13.0524    31.7669    31.7788    23.8634    23.8884     9.7035     9.5152    296.170    290.417     2.8425     2.6276     0.0586     0.4402     3.1136     0.8608     2.4689 -126.22722   48.43220      99.83         17  0.000e+00
      83438   3476.542     15.112     15.241    13.1354    13.0523  37.680772  37.620461    13.1334    13.0503    31.7668    31.7798    23.8633    23.8896     9.7036     9.5157    296.173    290.430     2.8425     2.6276     0.0586     0.4402     3.1136     0.8608     2.4689 -126.22722   48.43220      99.83         17  0.000e+00
      83439   3476.583     15.118     15.247    13.1354    13.0555  37.680319  37.619555    13.1334    13.0534    31.7664    31.7763    23.8630    23.8863     9.7036     9.5152    296.174    290.417     2.8425     2.6276     0.0586     0.4402     3.1148     0.8596     2.4689 -126.22722   48.43220      99.85         17  0.000e+00
      83440   3476.625     15.059     15.187    13.1351    13.0534  37.680707  37.618326    13.1331    13.0514    31.7670    31.7768    23.8635    23.8871     9.7035     9.5155    296.172    290.427     2.8425     2.6276     0.0586     0.4402     3.1136     0.8608     2.4689 -126.22722   48.43220      99.83         17  0.000e+00
      83441   3476.667     15.112     15.241    13.1360    13.0496  37.681096  37.618198    13.1339    13.0476    31.7667    31.7799    23.8631    23.8902     9.7035     9.5162    296.170    290.447     2.8425     2.6276     0.0586     0.4402     3.1123     0.8596     2.4689 -126.22722   48.43220      99.83         17  0.000e+00
      83442   3476.708     15.065     15.194    13.1363    13.0508  37.681419  37.619297    13.1343    13.0488    31.7667    31.7800    23.8630    23.8900     9.7033     9.5104    296.166    290.271     2.8425     2.6264     0.0586     0.4402     3.1148     0.8608     2.4689 -126.22722   48.43220      99.83         17  0.000e+00
      83443   3476.750     15.112     15.241    13.1363    13.0487  37.681743  37.621625    13.1343    13.0467    31.7670    31.7838    23.8633    23.8934     9.7034     9.5162    296.167    290.445     2.8425     2.6276     0.0586     0.4402     3.1148     0.8608     2.4689 -126.22722   48.43220      99.85         17  0.000e+00
      83444   3476.792     15.112     15.241    13.1361    13.0451  37.681161  37.624018    13.1341    13.0430    31.7666    31.7892    23.8630    23.8983     9.7034     9.5166    296.169    290.457     2.8425     2.6276     0.0586     0.4402     3.1136     0.8608     2.4689 -126.22722   48.43220      99.83         17  0.000e+00
      83445   3476.833     15.065     15.194    13.1354    13.0458  37.680643  37.626540    13.1334    13.0438    31.7667    31.7910    23.8632    23.8995     9.7035     9.5163    296.171    290.447     2.8425     2.6276     0.0586     0.4402     3.1148     0.8608     2.4689 -126.22722   48.43220      99.85         17  0.000e+00
      83446   3476.875     15.112     15.241    13.1351    13.0533  37.680060  37.628996    13.1331    13.0513    31.7664    31.7869    23.8630    23.8950     9.7036     9.5150    296.176    290.409     2.8425     2.6276     0.0586     0.4402     3.1136     0.8608     2.4689 -126.22722   48.43220      99.83         17  0.000e+00
      83447   3476.917     15.112     15.241    13.1341    13.0646  37.678895  37.631323    13.1321    13.0626    31.7661    31.7796    23.8630    23.8871     9.7039     9.5130    296.182    290.351     2.8425     2.6276     0.0586     0.4402     3.1136     0.8608     2.4689 -126.22722   48.43220      99.83         17  0.000e+00
      83448   3476.958     15.066     15.194    13.1333    13.0688  37.678053  37.631904    13.1313    13.0667    31.7660    31.7767    23.8631    23.8840     9.7040     9.5123    296.186    290.329     2.8425     2.6276     0.0586     0.4402     3.1136     0.8608     2.4689 -126.22722   48.43220      99.85         17  0.000e+00
      83449   3477.000     15.112     15.241    13.1326    13.0655  37.677665  37.630353    13.1306    13.0635    31.7662    31.7780    23.8634    23.8857     9.7042     9.5130    296.192    290.349     2.8425     2.6276     0.0586     0.4402     3.1136     0.8608     2.4689 -126.22722   48.43220      99.85         17  0.000e+00
      83450   3477.042     15.059     15.188    13.1319    13.0580  37.677341  37.628413    13.1299    13.0560    31.7665    31.7825    23.8638    23.8906     9.7042     9.5142    296.193    290.386     2.8425     2.6276     0.0586     0.4402     3.1148     0.8608     2.4689 -126.22722   48.43220      99.85         17  0.000e+00
      83451   3477.083     15.118     15.248    13.1318    13.0483  37.677471  37.626410    13.1298    13.0463    31.7667    31.7887    23.8639    23.8973     9.7043     9.5160    296.196    290.438     2.8425     2.6276     0.0586     0.4402     3.1136     0.8596     2.4689 -126.22722   48.43220      99.85         17  0.000e+00
      83452   3477.125     15.112     15.241    13.1314    13.0413  37.677018  37.625182    13.1294    13.0393    31.7666    31.7934    23.8640    23.9023     9.7044     9.5172    296.198    290.473     2.8425     2.6276     0.0586     0.4402     3.1136     0.8608     2.4689 -126.22722   48.43220      99.83         17  0.000e+00
      83453   3477.167     15.059     15.188    13.1316    13.0398  37.676888  37.624406    13.1296    13.0378    31.7664    31.7939    23.8637    23.9030     9.7043     9.5119    296.196    290.312     2.8425     2.6264     0.0586     0.4402     3.1148     0.8596     2.4689 -126.22722   48.43220      99.83         17  0.000e+00
      83454   3477.208     15.066     15.194    13.1313    13.0419  37.676370  37.623759    13.1293    13.0399    31.7661    31.7916    23.8636    23.9008     9.7044     9.5171    296.198    290.471     2.8425     2.6276     0.0586     0.4402     3.1148     0.8608     2.4689 -126.22722   48.43220      99.85         17  0.000e+00
      83455   3477.250     15.112     15.241    13.1304    13.0459  37.676241  37.623824    13.1284    13.0439    31.7667    31.7883    23.8642    23.8974     9.7046     9.5165    296.204    290.454     2.8425     2.6276     0.0586     0.4402     3.1136     0.8608     2.4689 -126.22722   48.43220      99.83         17  0.000e+00
      83456   3477.292     15.066     15.194    13.1304    13.0468  37.675982  37.624406    13.1284    13.0448    31.7665    31.7881    23.8641    23.8971     9.7046     9.5163    296.203    290.447     2.8425     2.6276     0.0586     0.4402     3.1136     0.8608     2.4689 -126.22722   48.43220      99.85         17  0.000e+00
      83457   3477.333     15.112     15.241    13.1303    13.0486  37.675917  37.627121    13.1283    13.0465    31.7665    31.7892    23.8641    23.8976     9.7046     9.5159    296.206    290.435     2.8425     2.6276     0.0586     0.4402     3.1136     0.8596     2.4689 -126.22722   48.43220      99.83         17  0.000e+00
      83458   3477.375     15.059     15.188    13.1301    13.0620  37.676176  37.630094    13.1281    13.0600    31.7669    31.7807    23.8645    23.8884     9.7096     9.5080    296.357    290.197     2.8437     2.6264     0.0586     0.4402     3.1123     0.8608     2.4689 -126.22722   48.43220      99.83         17  0.000e+00
      83459   3477.417     15.119     15.248    13.1301    13.0627  37.675982  37.631388    13.1281    13.0607    31.7667    31.7813    23.8643    23.8888     9.7047     9.5079    296.206    290.194     2.8425     2.6264     0.0586     0.4402     3.1148     0.8596     2.4689 -126.22722   48.43220      99.85         17  0.000e+00
      83460   3477.458     15.059     15.188    13.1303    13.0551  37.675917  37.631324    13.1283    13.0531    31.7666    31.7876    23.8641    23.8951     9.7046     9.5145    296.204    290.394     2.8425     2.6276     0.0586     0.4402     3.1136     0.8608     2.4689 -126.22722   48.43220      99.83         17  0.000e+00
      83461   3477.500     15.112     15.241    13.1296    13.0563  37.675917  37.633717    13.1276    13.0543    31.7671    31.7889    23.8647    23.8958     9.7098     9.5088    296.362    290.219     2.8437     2.6264     0.0586     0.4402     3.1136     0.8608     2.4689 -126.22722   48.43220      99.83         17  0.000e+00
      83462   3477.542     15.066     15.194    13.1291    13.0720  37.675658  37.638953    13.1271    13.0700    31.7673    31.7806    23.8649    23.8864     9.7098     9.5059    296.363    290.133     2.8437     2.6264     0.0586     0.4402     3.1136     0.8608     2.4689 -126.22722   48.43220      99.85         17  0.000e+00
      83463   3477.583     15.112     15.241    13.1291    13.0866  37.675140  37.643414    13.1271    13.0846    31.7668    31.7726    23.8645    23.8773     9.7099     9.5034    296.366    290.058     2.8437     2.6264     0.0574     0.4097     3.1136     0.8608     2.4689 -126.22722   48.43220      99.83         17  0.000e+00
      83464   3477.625     15.112     15.241    13.1293    13.0956  37.674946  37.645936    13.1273    13.0936    31.7665    31.7674    23.8642    23.8716     9.7099     9.5072    296.366    290.178     2.8437     2.6276     0.0586     0.4402     3.1136     0.8608     2.4689 -126.22722   48.43220      99.83         17  0.000e+00
      83465   3477.667     15.019     15.148    13.1281    13.1036  37.674622  37.646904    13.1261    13.1016    31.7672    31.7617    23.8650    23.8656     9.7100     9.5058    296.368    290.135     2.8437     2.6276     0.0586     0.4402     3.1136     0.8608     2.4689 -126.22722   48.43220      99.83         17  0.000e+00
      83466   3477.708     15.112     15.241    13.1271    13.1077  37.673069  37.647292    13.1251    13.1056    31.7665    31.7586    23.8647    23.8624     9.7103     9.4997    296.379    289.952     2.8437     2.6264     0.0586     0.4402     3.1136     0.8596     2.4689 -126.22722   48.43220      99.83         17  0.000e+00
      83467   3477.750     15.112     15.241    13.1260    13.1065  37.671839  37.647228    13.1239    13.1044    31.7663    31.7595    23.8648    23.8634     9.7106     9.4999    296.387    289.957     2.8437     2.6264     0.0574     0.4097     3.1136     0.8596     2.4689 -126.22722   48.43220      99.85         17  0.000e+00
