West Coast/WCOA-7/CTD_Data/RB2102_CTD_018_01.ros
* Sea-Bird SBE 9 Data File:
* FileName = C:\Users\scs.user.rb\CTD\RB2102\Data\RB2102_CTD_018_01.hex
* Software Version Seasave V 7.26.7.107
* Temperature SN = 6202
* Conductivity SN = 4907
* Number of Bytes Per Scan = 41
* Number of Voltage Words = 4
* Number of Scans Averaged by the Deck Unit = 1
* NMEA Latitude = 48 22.15 N
* NMEA Longitude = 124 56.94 W
* NMEA UTC (Time) = Jun 28 2021  18:40:48
* NMEA baud rate = 4800
# nquan = 30
# nvalues = 686                                   
# units = specified
# name 0 = scan: Scan Count
# name 1 = timeS: Time, Elapsed [seconds]
# name 2 = depSM: Depth [salt water, m]
# name 3 = prDM: Pressure, Digiquartz [db]
# name 4 = t090C: Temperature [ITS-90, deg C]
# name 5 = t190C: Temperature, 2 [ITS-90, deg C]
# name 6 = c0mS/cm: Conductivity [mS/cm]
# name 7 = c1mS/cm: Conductivity, 2 [mS/cm]
# name 8 = potemp090C: Potential Temperature [ITS-90, deg C]
# name 9 = potemp190C: Potential Temperature, 2 [ITS-90, deg C]
# name 10 = sal00: Salinity, Practical [PSU]
# name 11 = sal11: Salinity, Practical, 2 [PSU]
# name 12 = sigma-é00: Density [sigma-theta, kg/m^3]
# name 13 = sigma-é11: Density, 2 [sigma-theta, kg/m^3]
# name 14 = sbeox0Mg/L: Oxygen, SBE 43 [mg/l]
# name 15 = sbeox1Mg/L: Oxygen, SBE 43, 2 [mg/l]
# name 16 = sbox0Mm/Kg: Oxygen, SBE 43 [umol/kg]
# name 17 = sbox1Mm/Kg: Oxygen, SBE 43, 2 [umol/kg]
# name 18 = sbeox0V: Oxygen raw, SBE 43 [V]
# name 19 = sbeox1V: Oxygen raw, SBE 43, 2 [V]
# name 20 = v4: Voltage 4
# name 21 = flECO-AFL: Fluorescence, WET Labs ECO-AFL/FL [mg/m^3]
# name 22 = v3: Voltage 3
# name 23 = v6: Voltage 6
# name 24 = v7: Voltage 7
# name 25 = longitude: Longitude [deg]
# name 26 = latitude: Latitude [deg]
# name 27 = altM: Altimeter [m]
# name 28 = nbf: Bottles Fired
# name 29 = flag:  0.000e+00
# interval = seconds: 0.0416667
# start_time = Jun 28 2021 18:40:48 [NMEA time, header]
# bad_flag = -9.990e-29
*END*
[from data line 581]
      44137   1839.000     10.029     10.114    11.5347    11.6179  36.334061  36.388734    11.5335    11.6166    31.8392    31.8209    24.2204    24.1913     9.5151     9.2615    290.318    282.588     2.7204     2.5067     0.1685     3.1875     3.2894     1.1770     0.1197 -124.95008   48.37022      99.76         12  0.000e+00
      44138   1839.042     10.029     10.114    11.5374    11.6123  36.340890  36.380184    11.5362    11.6111    31.8435    31.8174    24.2233    24.1895     9.5194     9.2685    290.451    282.803     2.7216     2.5079     0.1685     3.1875     3.2894     1.1770     0.1197 -124.95008   48.37022      99.76         12  0.000e+00
      44139   1839.083     10.075     10.161    11.5453    11.5911  36.353910  36.362897    11.5440    11.5898    31.8494    31.8188    24.2265    24.1945     9.5227     9.2786    290.549    283.111     2.7228     2.5092     0.1685     3.1875     3.2882     1.1758     0.1197 -124.95008   48.37022      99.76         12  0.000e+00
      44140   1839.125      9.989     10.074    11.5436    11.5550  36.356144  36.329734    11.5423    11.5538    31.8531    31.8175    24.2297    24.2000     9.5279     9.2863    290.708    283.344     2.7241     2.5092     0.1685     3.1875     3.2894     1.1758     0.1197 -124.95008   48.37022      99.76         12  0.000e+00
      44141   1839.167     10.075     10.161    11.5316    11.4846  36.345359  36.281225    11.5304    11.4834    31.8528    31.8307    24.2316    24.2229     9.5409     9.3063    291.105    283.949     2.7265     2.5104     0.1685     3.1875     3.2894     1.1770     0.1197 -124.95008   48.37022      99.76         12  0.000e+00
      44142   1839.208     10.029     10.114    11.5349    11.4119  36.339039  36.236946    11.5337    11.4106    31.8439    31.8502    24.2241    24.2511     9.5459     9.3264    291.259    284.554     2.7277     2.5116     0.1685     3.1875     3.2894     1.1770     0.1197 -124.95008   48.37022      99.76         12  0.000e+00
      44143   1839.250     10.075     10.161    11.5425    11.3559  36.335656  36.204404    11.5413    11.3547    31.8340    31.8666    24.2150    24.2739     9.5502     9.3375    291.392    284.887     2.7289     2.5116     0.1685     3.1875     3.2894     1.1770     0.1197 -124.95008   48.37022      99.76         12  0.000e+00
      46423   1934.250      3.273      3.300    13.0919    13.0883  37.581469  37.577358    13.0914    13.0878    31.7147    31.7138    23.8312    23.8313    11.4912    10.7044    350.747    326.731     3.2772     2.8974     0.0842     1.0812     3.2833     1.1734     0.1197 -124.95016   48.37026      99.93         13  0.000e+00
      46424   1934.292      3.326      3.354    13.0922    13.0862  37.581921  37.575872    13.0918    13.0858    31.7148    31.7141    23.8312    23.8319    11.4912    10.7050    350.747    326.748     3.2772     2.8974     0.0830     1.0507     3.2845     1.1734     0.1197 -124.95016   48.37026      99.95         13  0.000e+00
      46425   1934.333      3.226      3.254    13.0921    13.0844  37.582568  37.575290    13.0917    13.0840    31.7155    31.7152    23.8318    23.8331    11.4860    10.7052    350.588    326.754     3.2759     2.8974     0.0842     1.0812     3.2833     1.1734     0.1197 -124.95016   48.37026      99.95         13  0.000e+00
      46426   1934.375      3.372      3.401    13.0927    13.0844  37.582762  37.575872    13.0923    13.0839    31.7152    31.7157    23.8314    23.8334    11.4861    10.7054    350.591    326.759     3.2759     2.8974     0.0830     1.0507     3.2845     1.1734     0.1197 -124.95016   48.37026      94.77         13  0.000e+00
      46427   1934.417      3.273      3.301    13.0931    13.0852  37.582956  37.576454    13.0926    13.0848    31.7151    31.7156    23.8313    23.8332    11.4809    10.7050    350.430    326.749     3.2747     2.8974     0.0830     1.0507     3.2833     1.1746     0.1197 -124.95016   48.37026      88.69         13  0.000e+00
      46428   1934.458      3.326      3.354    13.0929    13.0867  37.582827  37.577940    13.0924    13.0863    31.7151    31.7157    23.8313    23.8330    11.4860    10.7047    350.587    326.740     3.2759     2.8974     0.0830     1.0507     3.2833     1.1746     0.1197 -124.95016   48.37026      87.40         13  0.000e+00
      46429   1934.500      3.226      3.254    13.0927    13.0887  37.581986  37.578263    13.0923    13.0883    31.7145    31.7143    23.8309    23.8316    11.4809    10.7042    350.432    326.725     3.2747     2.8974     0.0842     1.0812     3.2821     1.1746     0.1197 -124.95016   48.37026      87.72         13  0.000e+00
      46430   1934.542      3.293      3.321    13.0924    13.0898  37.581986  37.578845    13.0919    13.0893    31.7148    31.7140    23.8312    23.8311    11.4811    10.7095    350.437    326.888     3.2747     2.8987     0.0842     1.0812     3.2821     1.1734     0.1197 -124.95016   48.37026      88.01         13  0.000e+00
      46431   1934.583      3.273      3.301    13.0921    13.0902  37.581339  37.578133    13.0917    13.0898    31.7144    31.7129    23.8309    23.8302    11.4811    10.7040    350.439    326.719     3.2747     2.8974     0.0830     1.0507     3.2833     1.1734     0.1197 -124.95016   48.37026      88.06         13  0.000e+00
      46432   1934.625      3.273      3.301    13.0914    13.0911  37.580693  37.578780    13.0909    13.0906    31.7144    31.7129    23.8311    23.8299    11.4813    10.7038    350.445    326.713     3.2747     2.8974     0.0842     1.0812     3.2833     1.1746     0.1197 -124.95016   48.37026      93.48         13  0.000e+00
      46433   1934.667      3.273      3.301    13.0909    13.0923  37.580434  37.579167    13.0904    13.0919    31.7146    31.7122    23.8313    23.8292    11.4814    10.7036    350.448    326.706     3.2747     2.8974     0.0842     1.0812     3.2833     1.1734     0.1197 -124.95016   48.37026      99.32         13  0.000e+00
      46434   1934.708      3.326      3.354    13.0907    13.0919  37.580434  37.579232    13.0903    13.0915    31.7147    31.7126    23.8314    23.8296    11.4765    10.7037    350.298    326.710     3.2735     2.8974     0.0818     1.0202     3.2845     1.1746     0.1197 -124.95016   48.37026     100.00         13  0.000e+00
      46435   1934.750      3.273      3.301    13.0905    13.0906  37.580628  37.578650    13.0901    13.0902    31.7150    31.7131    23.8317    23.8302    11.4815    10.7094    350.449    326.883     3.2747     2.8987     0.0806     0.9897     3.2845     1.1746     0.1197 -124.95016   48.37026     100.00         13  0.000e+00
      46436   1934.792      3.326      3.354    13.0907    13.0899  37.580952  37.578263    13.0903    13.0895    31.7152    31.7133    23.8318    23.8305    11.4765    10.7041    350.297    326.723     3.2735     2.8974     0.0794     0.9591     3.2833     1.1746     0.1197 -124.95018   48.37026      99.95         13  0.000e+00
      46437   1934.833      3.227      3.254    13.0910    13.0903  37.581275  37.578392    13.0905    13.0898    31.7153    31.7132    23.8319    23.8303    11.4813    10.7039    350.443    326.717     3.2747     2.8974     0.0806     0.9897     3.2833     1.1734     0.1197 -124.95018   48.37026      99.90         13  0.000e+00
      46438   1934.875      3.326      3.354    13.0909    13.0906  37.581598  37.579232    13.0904    13.0901    31.7156    31.7137    23.8321    23.8307    11.4814    10.7040    350.448    326.717     3.2747     2.8974     0.0794     0.9591     3.2833     1.1746     0.1197 -124.95018   48.37026      99.93         13  0.000e+00
      46439   1934.917      3.326      3.354    13.0919    13.0919  37.582245  37.580913    13.0914    13.0915    31.7154    31.7141    23.8318    23.8308    11.4812    10.7036    350.441    326.707     3.2747     2.8974     0.0806     0.9897     3.2833     1.1746     0.1197 -124.95018   48.37026      99.95         13  0.000e+00
      46440   1934.958      3.293      3.321    13.0925    13.0942  37.582891  37.582722    13.0921    13.0937    31.7155    31.7140    23.8317    23.8302    11.4810    10.7030    350.434    326.689     3.2747     2.8974     0.0794     0.9591     3.2833     1.1746     0.1197 -124.95018   48.37026      99.95         13  0.000e+00
      46441   1935.000      3.326      3.354    13.0925    13.0966  37.582568  37.585307    13.0921    13.0962    31.7152    31.7143    23.8314    23.8300    11.4811    10.6970    350.436    326.506     3.2747     2.8962     0.0806     0.9897     3.2833     1.1746     0.1197 -124.95018   48.37026      99.93         13  0.000e+00
      46442   1935.042      3.326      3.354    13.0927    13.0989  37.582439  37.586794    13.0923    13.0984    31.7149    31.7138    23.8312    23.8292    11.4810    10.6965    350.436    326.491     3.2747     2.8962     0.0794     0.9591     3.2833     1.1746     0.1197 -124.95018   48.37026      99.93         13  0.000e+00
      46443   1935.083      3.326      3.354    13.0928    13.1016  37.582180  37.589961    13.0924    13.1012    31.7146    31.7145    23.8309    23.8292    11.4810    10.6958    350.436    326.469     3.2747     2.8962     0.0806     0.9897     3.2833     1.1746     0.1197 -124.95018   48.37026      99.95         13  0.000e+00
      46444   1935.125      3.372      3.401    13.0924    13.1046  37.581792  37.591771    13.0919    13.1042    31.7146    31.7137    23.8310    23.8279    11.4812    10.6952    350.441    326.452     3.2747     2.8962     0.0794     0.9591     3.2833     1.1734     0.1197 -124.95018   48.37026      99.93         13  0.000e+00
      46445   1935.167      3.326      3.354    13.0929    13.1066  37.582374  37.592675    13.0924    13.1062    31.7147    31.7129    23.8310    23.8269    11.4810    10.6947    350.435    326.437     3.2747     2.8962     0.0806     0.9897     3.2833     1.1746     0.1197 -124.95018   48.37026      99.95         13  0.000e+00
      46446   1935.208      3.372      3.401    13.0941    13.1078  37.583668  37.592546    13.0936    13.1074    31.7149    31.7118    23.8309    23.8258    11.4858    10.6946    350.581    326.433     3.2759     2.8962     0.0794     0.9591     3.2845     1.1746     0.1197 -124.95018   48.37026      99.93         13  0.000e+00
      46447   1935.250      3.326      3.354    13.0957    13.1082  37.585543  37.592029    13.0953    13.1077    31.7153    31.7110    23.8309    23.8252    11.4803    10.6945    350.413    326.430     3.2747     2.8962     0.0806     0.9897     3.2833     1.1734     0.1197 -124.95018   48.37026      99.93         13  0.000e+00
      46448   1935.292      3.372      3.401    13.0977    13.1078  37.587031  37.591576    13.0973    13.1074    31.7150    31.7108    23.8303    23.8251    11.4849    10.6946    350.554    326.435     3.2759     2.8962     0.0806     0.9897     3.2833     1.1746     0.1197 -124.95018   48.37026      99.93         13  0.000e+00
      46449   1935.333      3.372      3.401    13.0994    13.1080  37.588583  37.592546    13.0990    13.1075    31.7150    31.7116    23.8300    23.8257    11.4845    10.6946    350.541    326.432     3.2759     2.8962     0.0794     0.9591     3.2833     1.1746     0.1197 -124.95018   48.37026      99.95         13  0.000e+00
      46450   1935.375      3.439      3.468    13.1026    13.1085  37.592270  37.593063    13.1021    13.1080    31.7158    31.7117    23.8300    23.8256    11.4837    10.6891    350.519    326.265     3.2759     2.8950     0.0806     0.9897     3.2833     1.1734     0.1197 -124.95018   48.37026      99.95         13  0.000e+00
      46451   1935.417      3.373      3.401    13.1068    13.1095  37.594791  37.593903    13.1063    13.1090    31.7147    31.7116    23.8283    23.8254    11.4827    10.6887    350.488    326.255     3.2759     2.8950     0.0806     0.9897     3.2833     1.1734     0.1197 -124.95018   48.37026      99.95         13  0.000e+00
      46452   1935.458      3.419      3.448    13.1097    13.1105  37.596797  37.594356    13.1093    13.1100    31.7141    31.7112    23.8273    23.8249    11.4821    10.6886    350.469    326.250     3.2759     2.8950     0.0806     0.9897     3.2833     1.1734     0.1197 -124.95018   48.37026      99.93         13  0.000e+00
      46453   1935.500      3.419      3.448    13.1130    13.1112  37.599060  37.595002    13.1126    13.1107    31.7135    31.7112    23.8261    23.8248    11.4813    10.6884    350.447    326.245     3.2759     2.8950     0.0794     0.9591     3.2833     1.1746     0.1197 -124.95018   48.37026      99.93         13  0.000e+00
      46454   1935.542      3.419      3.448    13.1156    13.1115  37.601130  37.595325    13.1151    13.1110    31.7133    31.7113    23.8255    23.8247    11.4857    10.6829    350.582    326.076     3.2772     2.8938     0.0794     0.9591     3.2833     1.1746     0.1197 -124.95018   48.37026      99.93         13  0.000e+00
      46455   1935.583      3.419      3.448    13.1173    13.1120  37.602359  37.595778    13.1168    13.1116    31.7130    31.7113    23.8250    23.8246    11.4803    10.6828    350.416    326.073     3.2759     2.8938     0.0806     0.9897     3.2833     1.1746     0.1197 -124.95018   48.37026      99.95         13  0.000e+00
      46456   1935.625      3.472      3.501    13.1184    13.1132  37.602618  37.596036    13.1180    13.1127    31.7123    31.7105    23.8242    23.8238    11.4852    10.6826    350.565    326.068     3.2772     2.8938     0.0806     0.9897     3.2833     1.1746     0.1197 -124.95018   48.37026      99.93         13  0.000e+00
      46457   1935.667      3.472      3.501    13.1185    13.1128  37.601065  37.595713    13.1181    13.1124    31.7108    31.7105    23.8230    23.8238    11.4803    10.6827    350.415    326.071     3.2759     2.8938     0.0794     0.9591     3.2845     1.1746     0.1197 -124.95018   48.37026      99.95         13  0.000e+00
      46458   1935.708      3.472      3.502    13.1134    13.1128  37.596343  37.595584    13.1130    13.1124    31.7106    31.7103    23.8238    23.8238    11.4865    10.6827    350.607    326.071     3.2772     2.8938     0.0806     0.9897     3.2833     1.1734     0.1197 -124.95018   48.37026      99.93         13  0.000e+00
      46459   1935.750      3.518      3.548    13.1076    13.1118  37.593434  37.595390    13.1071    13.1114    31.7127    31.7110    23.8266    23.8245    11.4829    10.6830    350.493    326.079     3.2759     2.8938     0.0794     0.9591     3.2845     1.1746     0.1197 -124.95018   48.37026      99.95         13  0.000e+00
      46460   1935.792      3.485      3.515    13.1066    13.1117  37.592722  37.596231    13.1061    13.1112    31.7129    31.7119    23.8270    23.8252    11.4830    10.6774    350.499    325.910     3.2759     2.8926     0.0794     0.9591     3.2845     1.1746     0.1197 -124.95016   48.37026      99.95         13  0.000e+00
      46461   1935.833      3.518      3.548    13.1049    13.1132  37.592399  37.597653    13.1044    13.1127    31.7140    31.7120    23.8281    23.8250    11.4885    10.6826    350.663    326.067     3.2772     2.8938     0.0794     0.9591     3.2833     1.1746     0.1197 -124.95016   48.37026      99.95         13  0.000e+00
      46462   1935.875      3.518      3.548    13.1067    13.1157  37.598544  37.600562    13.1062    13.1152    31.7182    31.7126    23.8311    23.8250    11.4827    10.6765    350.486    325.881     3.2759     2.8926     0.0781     0.9286     3.2845     1.1746     0.1197 -124.95016   48.37026      99.95         13  0.000e+00
