West Coast/WCOA-7/CTD_Data/RB2102_CTD_028_01.ros
* Sea-Bird SBE 9 Data File:
* FileName = C:\Users\scs.user.rb\CTD\RB2102\Data\RB2102_CTD_028_01.hex
* Software Version Seasave V 7.26.7.107
* Temperature SN = 6202
* Conductivity SN = 4907
* Number of Bytes Per Scan = 41
* Number of Voltage Words = 4
* Number of Scans Averaged by the Deck Unit = 1
* NMEA Latitude = 46 15.05 N
* NMEA Longitude = 124 00.21 W
* NMEA UTC (Time) = Jun 30 2021  19:36:34
* NMEA baud rate = 4800
# nquan = 30
# nvalues = 539                                   
# units = specified
# name 0 = scan: Scan Count
# name 1 = timeS: Time, Elapsed [seconds]
# name 2 = depSM: Depth [salt water, m]
# name 3 = prDM: Pressure, Digiquartz [db]
# name 4 = t090C: Temperature [ITS-90, deg C]
# name 5 = t190C: Temperature, 2 [ITS-90, deg C]
# name 6 = c0mS/cm: Conductivity [mS/cm]
# name 7 = c1mS/cm: Conductivity, 2 [mS/cm]
# name 8 = potemp090C: Potential Temperature [ITS-90, deg C]
# name 9 = potemp190C: Potential Temperature, 2 [ITS-90, deg C]
# name 10 = sal00: Salinity, Practical [PSU]
# name 11 = sal11: Salinity, Practical, 2 [PSU]
# name 12 = sigma-é00: Density [sigma-theta, kg/m^3]
# name 13 = sigma-é11: Density, 2 [sigma-theta, kg/m^3]
# name 14 = sbeox0Mg/L: Oxygen, SBE 43 [mg/l]
# name 15 = sbeox1Mg/L: Oxygen, SBE 43, 2 [mg/l]
# name 16 = sbox0Mm/Kg: Oxygen, SBE 43 [umol/kg]
# name 17 = sbox1Mm/Kg: Oxygen, SBE 43, 2 [umol/kg]
# name 18 = sbeox0V: Oxygen raw, SBE 43 [V]
# name 19 = sbeox1V: Oxygen raw, SBE 43, 2 [V]
# name 20 = v4: Voltage 4
# name 21 = flECO-AFL: Fluorescence, WET Labs ECO-AFL/FL [mg/m^3]
# name 22 = v3: Voltage 3
# name 23 = v6: Voltage 6
# name 24 = v7: Voltage 7
# name 25 = longitude: Longitude [deg]
# name 26 = latitude: Latitude [deg]
# name 27 = altM: Altimeter [m]
# name 28 = nbf: Bottles Fired
# name 29 = flag:  0.000e+00
# interval = seconds: 0.0416667
# start_time = Jun 30 2021 19:36:34 [NMEA time, header]
# bad_flag = -9.990e-29
*END*
[from data line 49]
      12121    505.000     13.996     14.113    18.7261    18.7794  14.886066  14.473905    18.7240    18.7774     9.9763     9.6649     6.0511     5.8036     8.7442     8.5373    271.616    265.256     2.5726     2.3883     0.1624     3.0348     3.2039     0.6862     0.0000 -124.00320   46.25124       3.86          2  0.000e+00
      12122    505.042     13.996     14.113    18.7247    18.7792  14.890598  14.469050    18.7226    18.7771     9.9800     9.6615     6.0541     5.8010     8.7494     8.5376    271.776    265.264     2.5739     2.3883     0.1624     3.0348     3.2027     0.6862     0.0000 -124.00320   46.25124       3.83          2  0.000e+00
      12123    505.083     14.003     14.119    18.7245    18.7806  14.882983  14.453794    18.7224    18.7785     9.9745     9.6501     6.0500     5.7921     8.7497     8.5379    271.787    265.277     2.5739     2.3883     0.1624     3.0348     3.2027     0.6862     0.0000 -124.00320   46.25124       3.86          2  0.000e+00
      12124    505.125     13.943     14.059    18.7261    18.7857  14.862387  14.429487    18.7240    18.7836     9.9591     9.6314     6.0381     5.7768     8.7502     8.5379    271.805    265.280     2.5739     2.3883     0.1624     3.0348     3.2039     0.6862     0.0000 -124.00320   46.25124       3.86          2  0.000e+00
      12125    505.167     14.003     14.119    18.7290    18.7924  14.837365  14.411150    18.7269    18.7903     9.9403     9.6166     6.0231     5.7641     8.7558     8.5375    271.985    265.271     2.5751     2.3883     0.1624     3.0348     3.2039     0.6862     0.0000 -124.00320   46.25124       3.83          2  0.000e+00
      12126    505.208     13.943     14.059    18.7309    18.7983  14.829478  14.409579    18.7288    18.7962     9.9341     9.6141     6.0180     5.7610     8.7557     8.5365    271.984    265.241     2.5751     2.3883     0.1624     3.0348     3.2039     0.6862     0.0000 -124.00320   46.25124       3.86          2  0.000e+00
      12127    505.250     13.996     14.113    18.7313    18.8001  14.832745  14.428009    18.7292    18.7980     9.9364     9.6270     6.0197     5.7704     8.7556     8.5356    271.979    265.210     2.5751     2.3883     0.1624     3.0348     3.2039     0.6862     0.0000 -124.00320   46.25124       3.86          2  0.000e+00
      12128    505.292     13.950     14.066    18.7302    18.7963  14.833305  14.461791    18.7281    18.7942     9.9370     9.6523     6.0204     5.7904     8.7608     8.5349    272.141    265.185     2.5763     2.3883     0.1624     3.0348     3.2039     0.6862     0.0000 -124.00320   46.25124       3.86          2  0.000e+00
      12129    505.333     13.996     14.113    18.7306    18.7881  14.821920  14.505636    18.7285    18.7860     9.9287     9.6859     6.0140     5.8177     8.7613     8.5347    272.156    265.172     2.5763     2.3883     0.1624     3.0348     3.2039     0.6862     0.0000 -124.00320   46.25124       3.86          2  0.000e+00
      12130    505.375     13.943     14.059    18.7323    18.7803  14.802281  14.559294    18.7302    18.7782     9.9140     9.7266     6.0025     5.8502     8.7617     8.5340    272.172    265.141     2.5763     2.3883     0.1624     3.0348     3.2027     0.6862     0.0000 -124.00320   46.25124       3.86          2  0.000e+00
      12131    505.417     14.003     14.119    18.7368    18.7719  14.784982  14.609209    18.7347    18.7698     9.9004     9.7647     5.9912     5.8808     8.7617     8.5336    272.175    265.121     2.5763     2.3883     0.1624     3.0348     3.2039     0.6862     0.0000 -124.00320   46.25124       3.86          2  0.000e+00
      12132    505.458     13.996     14.113    18.7394    18.7653  14.782511  14.641307    18.7373    18.7632     9.8980     9.7895     5.9888     5.9010     8.7613     8.5336    272.165    265.113     2.5763     2.3883     0.1624     3.0348     3.2039     0.6862     0.0000 -124.00320   46.25124       3.86          2  0.000e+00
      12133    505.500     13.903     14.019    18.7402    18.7608  14.786893  14.658153    18.7381    18.7587     9.9010     9.8027     5.9909     5.9121     8.7609     8.5391    272.152    265.283     2.5763     2.3895     0.1624     3.0348     3.2039     0.6874     0.0000 -124.00320   46.25124       3.86          2  0.000e+00
      12134    505.542     13.996     14.113    18.7399    18.7578  14.790530  14.665534    18.7378    18.7557     9.9037     9.8088     5.9931     5.9173     8.7609     8.5339    272.152    265.120     2.5763     2.3883     0.1612     3.0043     3.2039     0.6862     0.0000 -124.00320   46.25124       3.88          2  0.000e+00
      12135    505.583     13.996     14.113    18.7392    18.7570  14.796265  14.668227    18.7371    18.7549     9.9080     9.8109     5.9965     5.9191     8.7608     8.5340    272.148    265.121     2.5763     2.3883     0.1587     2.9433     3.2039     0.6862     0.0000 -124.00320   46.25124       3.88          2  0.000e+00
      12136    505.625     13.950     14.066    18.7378    18.7571  14.805499  14.670966    18.7357    18.7550     9.9150     9.8129     6.0021     5.9205     8.7606     8.5393    272.141    265.287     2.5763     2.3895     0.1587     2.9433     3.2027     0.6862     0.0000 -124.00320   46.25124       3.88          2  0.000e+00
      12137    505.667     13.943     14.059    18.7364    18.7575  14.815855  14.671477    18.7343    18.7554     9.9229     9.8132     6.0084     5.9207     8.7554     8.5392    271.975    265.284     2.5751     2.3895     0.1587     2.9433     3.2039     0.6862     0.0000 -124.00320   46.25124       3.88          2  0.000e+00
      12138    505.708     14.003     14.119    18.7345    18.7577  14.827379  14.669898    18.7324    18.7556     9.9317     9.8120     6.0155     5.9197     8.7553     8.5393    271.971    265.287     2.5751     2.3895     0.1587     2.9433     3.2027     0.6862     0.0000 -124.00320   46.25124       3.88          2  0.000e+00
      12139    505.750     13.943     14.059    18.7325    18.7577  14.837878  14.668087    18.7304    18.7556     9.9398     9.8107     6.0221     5.9187     8.7552     8.5393    271.965    265.287     2.5751     2.3895     0.1587     2.9433     3.2027     0.6862     0.0000 -124.00320   46.25124       3.91          2  0.000e+00
      12140    505.792     13.943     14.059    18.7311    18.7578  14.843059  14.666880    18.7290    18.7557     9.9439     9.8097     6.0254     5.9180     8.7552     8.5393    271.965    265.288     2.5751     2.3895     0.1587     2.9433     3.2027     0.6862     0.0000 -124.00320   46.25124       3.91          2  0.000e+00
      12141    505.833     13.950     14.066    18.7309    18.7582  14.843106  14.664374    18.7288    18.7561     9.9440     9.8078     6.0255     5.9165     8.7501     8.5394    271.807    265.290     2.5739     2.3895     0.1587     2.9433     3.2027     0.6862     0.0000 -124.00320   46.25124       3.91          2  0.000e+00
      12142    505.875     13.943     14.059    18.7316    18.7589  14.838392  14.659314    18.7295    18.7568     9.9404     9.8040     6.0227     5.9134     8.7553     8.5394    271.969    265.292     2.5751     2.3895     0.1587     2.9433     3.2015     0.6862     0.0000 -124.00320   46.25124       3.91          2  0.000e+00
      12143    505.917     13.996     14.113    18.7319    18.7599  14.831298  14.652491    18.7298    18.7578     9.9352     9.7988     6.0186     5.9093     8.7504     8.5396    271.819    265.298     2.5739     2.3895     0.1587     2.9433     3.2015     0.6874     0.0000 -124.00320   46.25124       3.91          2  0.000e+00
      12144    505.958     13.903     14.019    18.7325    18.7610  14.823739  14.646736    18.7304    18.7589     9.9296     9.7944     6.0143     5.9057     8.7505     8.5450    271.823    265.469     2.5739     2.3907     0.1587     2.9433     3.2015     0.6862     0.0000 -124.00320   46.25124       3.91          2  0.000e+00
      12145    506.000     13.996     14.113    18.7331    18.7615  14.818747  14.645066    18.7310    18.7594     9.9258     9.7931     6.0112     5.9046     8.7507     8.5396    271.830    265.299     2.5739     2.3895     0.1587     2.9433     3.2015     0.6874     0.0000 -124.00320   46.25124       3.91          2  0.000e+00
      12146    506.042     13.950     14.066    18.7340    18.7618  14.815435  14.646504    18.7319    18.7597     9.9231     9.7940     6.0091     5.9052     8.7506     8.5394    271.828    265.294     2.5739     2.3895     0.1587     2.9433     3.2015     0.6862     0.0000 -124.00320   46.25124       3.91          2  0.000e+00
      12147    506.083     13.943     14.059    18.7342    18.7617  14.815808  14.647247    18.7321    18.7596     9.9234     9.7946     6.0092     5.9057     8.7506     8.5449    271.827    265.466     2.5739     2.3907     0.1587     2.9433     3.2015     0.6874     0.0000 -124.00320   46.25124       3.88          2  0.000e+00
      12148    506.125     13.996     14.113    18.7347    18.7615  14.816321  14.645901    18.7326    18.7594     9.9236     9.7937     6.0093     5.9051     8.7506     8.5396    271.825    265.298     2.5739     2.3895     0.1587     2.9433     3.2027     0.6862     0.0000 -124.00320   46.25124       3.91          2  0.000e+00
      12149    506.167     13.903     14.019    18.7347    18.7620  14.814688  14.642746    18.7326    18.7599     9.9224     9.7913     6.0084     5.9031     8.7505     8.5395    271.824    265.297     2.5739     2.3895     0.1587     2.9433     3.2027     0.6862     0.0000 -124.00320   46.25124       3.88          2  0.000e+00
      12150    506.208     13.996     14.113    18.7352    18.7625  14.809324  14.633002    18.7331    18.7604     9.9184     9.7841     6.0052     5.8976     8.7507     8.5399    271.832    265.310     2.5739     2.3895     0.1587     2.9433     3.2027     0.6862     0.0000 -124.00320   46.25124       3.88          2  0.000e+00
      12151    506.250     13.950     14.066    18.7356    18.7637  14.800556  14.615423    18.7335    18.7617     9.9120     9.7711     6.0003     5.8874     8.7561     8.5403    271.999    265.324     2.5751     2.3895     0.1587     2.9433     3.2027     0.6862     0.0000 -124.00320   46.25124       3.88          2  0.000e+00
      12152    506.292     13.943     14.059    18.7361    18.7657  14.789924  14.599658    18.7340    18.7636     9.9041     9.7592     5.9942     5.8780     8.7513     8.5405    271.852    265.335     2.5739     2.3895     0.1587     2.9433     3.2027     0.6862     0.0000 -124.00320   46.25124       3.91          2  0.000e+00
      12153    506.333     13.943     14.059    18.7371    18.7668  14.781206  14.596644    18.7350    18.7648     9.8976     9.7567     5.9890     5.8759     8.7514     8.5404    271.858    265.333     2.5739     2.3895     0.1587     2.9433     3.2027     0.6874     0.0000 -124.00320   46.25124       3.88          2  0.000e+00
      12154    506.375     14.003     14.119    18.7383    18.7672  14.773375  14.605175    18.7362    18.7651     9.8916     9.7628     5.9842     5.8804     8.7516     8.5401    271.865    265.322     2.5739     2.3895     0.1587     2.9433     3.2027     0.6862     0.0000 -124.00320   46.25124       3.88          2  0.000e+00
      12155    506.417     13.943     14.059    18.7404    18.7669  14.763261  14.613568    18.7383    18.7648     9.8838     9.7690     5.9779     5.8852     8.7516     8.5453    271.866    265.482     2.5739     2.3907     0.1587     2.9433     3.2027     0.6862     0.0000 -124.00320   46.25124       3.88          2  0.000e+00
      12156    506.458     13.943     14.059    18.7421    18.7665  14.751566  14.620153    18.7400    18.7644     9.8749     9.7739     5.9707     5.8890     8.7569     8.5396    272.032    265.304     2.5751     2.3895     0.1587     2.9433     3.2039     0.6862     0.0000 -124.00320   46.25124       3.88          2  0.000e+00
      12157    506.500     14.003     14.119    18.7437    18.7653  14.739500  14.629894    18.7416    18.7632     9.8657     9.7812     5.9635     5.8948     8.7571     8.5395    272.042    265.300     2.5751     2.3895     0.1587     2.9433     3.2027     0.6874     0.0000 -124.00320   46.25124       3.88          2  0.000e+00
      12158    506.542     13.943     14.059    18.7461    18.7634  14.728230  14.643813    18.7440    18.7613     9.8570     9.7917     5.9563     5.9032     8.7571     8.5393    272.043    265.290     2.5751     2.3895     0.1587     2.9433     3.2039     0.6862     0.0000 -124.00320   46.25124       3.88          2  0.000e+00
      12159    506.583     13.950     14.066    18.7482    18.7613  14.720081  14.656389    18.7461    18.7592     9.8506     9.8013     5.9510     5.9109     8.7571     8.5392    272.043    265.284     2.5751     2.3895     0.1587     2.9433     3.2051     0.6862     0.0000 -124.00320   46.25124       3.88          2  0.000e+00
      12160    506.625     13.943     14.059    18.7498    18.7599  14.717380  14.661310    18.7477    18.7578     9.8482     9.8052     5.9489     5.9141     8.7620     8.5392    272.198    265.285     2.5763     2.3895     0.1600     2.9738     3.2027     0.6874     0.0000 -124.00320   46.25124       3.88          2  0.000e+00
      12161    506.667     13.996     14.113    18.7501    18.7597  14.721850  14.654394    18.7480    18.7576     9.8514     9.8002     5.9513     5.9104     8.7619     8.5395    272.192    265.296     2.5763     2.3895     0.1636     3.0654     3.2039     0.6862     0.0000 -124.00320   46.25124       3.88          2  0.000e+00
      12162    506.708     13.950     14.066    18.7478    18.7601  14.732234  14.637827    18.7457    18.7580     9.8595     9.7882     5.9579     5.9012     8.7618     8.5400    272.188    265.314     2.5763     2.3895     0.1648     3.0959     3.2039     0.6862     0.0000 -124.00320   46.25124       3.88          2  0.000e+00
      12163    506.750     13.996     14.113    18.7461    18.7618  14.740059  14.620710    18.7440    18.7597     9.8656     9.7753     5.9628     5.8911     8.7618     8.5404    272.188    265.329     2.5763     2.3895     0.1648     3.0959     3.2039     0.6862     0.0000 -124.00320   46.25124       3.88          2  0.000e+00
      12164    506.792     13.950     14.066    18.7456    18.7632  14.743506  14.609812    18.7435    18.7611     9.8682     9.7671     5.9650     5.8845     8.7617     8.5405    272.184    265.334     2.5763     2.3895     0.1648     3.0959     3.2039     0.6874     0.0000 -124.00320   46.25124       3.86          2  0.000e+00
      12165    506.833     13.943     14.059    18.7445    18.7653  14.748211  14.599751    18.7424    18.7632     9.8719     9.7594     5.9680     5.8782     8.7617     8.5406    272.183    265.337     2.5763     2.3895     0.1648     3.0959     3.2039     0.6874     0.0000 -124.00320   46.25124       3.86          2  0.000e+00
      12166    506.875     13.996     14.113    18.7445    18.7663  14.757390  14.592704    18.7424    18.7642     9.8785     9.7540     5.9730     5.8739     8.7614     8.5407    272.173    265.342     2.5763     2.3895     0.1648     3.0959     3.2027     0.6862     0.0000 -124.00320   46.25124       3.83          2  0.000e+00
      12167    506.917     14.003     14.119    18.7435    18.7665  14.771090  14.594929    18.7414    18.7644     9.8887     9.7556     5.9809     5.8751     8.7662     8.5406    272.319    265.339     2.5775     2.3895     0.1648     3.0959     3.2027     0.6862     0.0000 -124.00320   46.25124       3.83          2  0.000e+00
