West Coast/WCOA-7/CTD_Data/RB2102_CTD_055_01.ros
* Sea-Bird SBE 9 Data File:
* FileName = C:\Users\scs.user.rb\CTD\RB2102\Data\RB2102_CTD_055_01.hex
* Software Version Seasave V 7.26.7.107
* Temperature SN = 6202
* Conductivity SN = 4907
* Number of Bytes Per Scan = 41
* Number of Voltage Words = 4
* Number of Scans Averaged by the Deck Unit = 1
* NMEA Latitude = 44 00.03 N
* NMEA Longitude = 124 48.03 W
* NMEA UTC (Time) = Jul 05 2021  03:20:33
* NMEA baud rate = 4800
# nquan = 30
# nvalues = 735                                   
# units = specified
# name 0 = scan: Scan Count
# name 1 = timeS: Time, Elapsed [seconds]
# name 2 = depSM: Depth [salt water, m]
# name 3 = prDM: Pressure, Digiquartz [db]
# name 4 = t090C: Temperature [ITS-90, deg C]
# name 5 = t190C: Temperature, 2 [ITS-90, deg C]
# name 6 = c0mS/cm: Conductivity [mS/cm]
# name 7 = c1mS/cm: Conductivity, 2 [mS/cm]
# name 8 = potemp090C: Potential Temperature [ITS-90, deg C]
# name 9 = potemp190C: Potential Temperature, 2 [ITS-90, deg C]
# name 10 = sal00: Salinity, Practical [PSU]
# name 11 = sal11: Salinity, Practical, 2 [PSU]
# name 12 = sigma-é00: Density [sigma-theta, kg/m^3]
# name 13 = sigma-é11: Density, 2 [sigma-theta, kg/m^3]
# name 14 = sbeox0Mg/L: Oxygen, SBE 43 [mg/l]
# name 15 = sbeox1Mg/L: Oxygen, SBE 43, 2 [mg/l]
# name 16 = sbox0Mm/Kg: Oxygen, SBE 43 [umol/kg]
# name 17 = sbox1Mm/Kg: Oxygen, SBE 43, 2 [umol/kg]
# name 18 = sbeox0V: Oxygen raw, SBE 43 [V]
# name 19 = sbeox1V: Oxygen raw, SBE 43, 2 [V]
# name 20 = v4: Voltage 4
# name 21 = flECO-AFL: Fluorescence, WET Labs ECO-AFL/FL [mg/m^3]
# name 22 = v3: Voltage 3
# name 23 = v6: Voltage 6
# name 24 = v7: Voltage 7
# name 25 = longitude: Longitude [deg]
# name 26 = latitude: Latitude [deg]
# name 27 = altM: Altimeter [m]
# name 28 = nbf: Bottles Fired
# name 29 = flag:  0.000e+00
# interval = seconds: 0.0416667
# start_time = Jul 05 2021 03:20:33 [NMEA time, header]
# bad_flag = -9.990e-29
*END*
[from data line 339]
      32039   1334.917     50.548     50.963     8.0665     8.0611  34.646778  34.662239     8.0615     8.0561    33.2353    33.2568    25.8790    25.8967     5.0130     5.1137    152.706    155.772     1.5775     1.5238     0.0440     0.0739     3.2210     0.0000     0.0769 -124.80148   44.00054      60.44          7  0.000e+00
      32040   1334.958     50.568     50.983     8.0665     8.0613  34.646778  34.662803     8.0615     8.0563    33.2353    33.2573    25.8790    25.8971     5.0074     5.1137    152.536    155.771     1.5763     1.5238     0.0440     0.0739     3.2198     0.0000     0.0769 -124.80148   44.00054      60.44          7  0.000e+00
      32041   1335.000     50.568     50.983     8.0663     8.0611  34.646590  34.662991     8.0613     8.0561    33.2352    33.2576    25.8790    25.8974     5.0074     5.1137    152.536    155.772     1.5763     1.5238     0.0440     0.0739     3.2198     0.0000     0.0769 -124.80148   44.00054      60.42          7  0.000e+00
      32042   1335.042     50.568     50.983     8.0666     8.0610  34.646715  34.663179     8.0616     8.0560    33.2351    33.2579    25.8788    25.8976     5.0074     5.1137    152.535    155.772     1.5763     1.5238     0.0440     0.0739     3.2198     0.0000     0.0769 -124.80148   44.00054      60.39          7  0.000e+00
      35221   1467.500     39.863     40.190     8.0543     8.0544  34.462088  34.461661     8.0504     8.0504    33.0550    33.0546    25.7392    25.7388     5.4848     5.6959    167.103    173.532     1.6801     1.6398     0.0452     0.1044     3.2186     0.0000     0.0818 -124.80150   44.00054      71.23          8  0.000e+00
      35222   1467.542     39.909     40.236     8.0545     8.0546  34.462213  34.462348     8.0506     8.0507    33.0550    33.0550    25.7392    25.7391     5.4849     5.6958    167.103    173.531     1.6801     1.6398     0.0452     0.1044     3.2173     0.0000     0.0818 -124.80150   44.00054      71.23          8  0.000e+00
      35223   1467.583     39.909     40.236     8.0545     8.0548  34.462213  34.462723     8.0506     8.0509    33.0550    33.0553    25.7392    25.7393     5.4849     5.6958    167.103    173.530     1.6801     1.6398     0.0464     0.1350     3.2186     0.0000     0.0818 -124.80150   44.00054      71.23          8  0.000e+00
      35224   1467.625     39.909     40.236     8.0543     8.0548  34.461776  34.463035     8.0504     8.0509    33.0547    33.0556    25.7389    25.7396     5.4849     5.6958    167.104    173.530     1.6801     1.6398     0.0452     0.1044     3.2186     0.0000     0.0818 -124.80150   44.00054      71.36          8  0.000e+00
      35225   1467.667     39.863     40.190     8.0543     8.0550  34.461588  34.462410     8.0504     8.0511    33.0545    33.0548    25.7388    25.7389     5.4792     5.6958    166.932    173.529     1.6789     1.6398     0.0452     0.1044     3.2186     0.0000     0.0818 -124.80150   44.00054      71.43          8  0.000e+00
      35226   1467.708     39.909     40.236     8.0545     8.0551  34.461776  34.463097     8.0506     8.0512    33.0546    33.0554    25.7388    25.7393     5.4849     5.6958    167.104    173.529     1.6801     1.6398     0.0452     0.1044     3.2173     0.0000     0.0818 -124.80150   44.00054      71.43          8  0.000e+00
      35227   1467.750     39.962     40.290     8.0543     8.0553  34.462089  34.463410     8.0504     8.0514    33.0550    33.0555    25.7392    25.7394     5.4793     5.6958    166.934    173.529     1.6789     1.6398     0.0452     0.1044     3.2186     0.0000     0.0818 -124.80150   44.00054      71.43          8  0.000e+00
      35228   1467.792     39.909     40.236     8.0545     8.0551  34.463151  34.463410     8.0506     8.0512    33.0560    33.0557    25.7399    25.7396     5.4792     5.6957    166.931    173.528     1.6789     1.6398     0.0452     0.1044     3.2186     0.0000     0.0818 -124.80150   44.00054      71.43          8  0.000e+00
      35229   1467.833     39.962     40.290     8.0547     8.0552  34.463464  34.463410     8.0507     8.0512    33.0562    33.0556    25.7400    25.7395     5.4792     5.6958    166.931    173.529     1.6789     1.6398     0.0452     0.1044     3.2186     0.0000     0.0818 -124.80150   44.00054      71.40          8  0.000e+00
      35230   1467.875     40.009     40.336     8.0547     8.0550  34.463651  34.462973     8.0507     8.0510    33.0563    33.0553    25.7402    25.7393     5.4792     5.6959    166.932    173.531     1.6789     1.6398     0.0452     0.1044     3.2198     0.0000     0.0818 -124.80150   44.00054      71.16          8  0.000e+00
      35231   1467.917     39.962     40.290     8.0548     8.0553  34.463901  34.463035     8.0509     8.0514    33.0565    33.0551    25.7403    25.7391     5.4792     5.6958    166.930    173.529     1.6789     1.6398     0.0452     0.1044     3.2186     0.0000     0.0818 -124.80150   44.00054      71.04          8  0.000e+00
      35232   1467.958     40.009     40.336     8.0550     8.0553  34.464964  34.464722     8.0511     8.0514    33.0574    33.0569    25.7410    25.7405     5.4848     5.6958    167.100    173.528     1.6801     1.6398     0.0452     0.1044     3.2186     0.0000     0.0818 -124.80150   44.00054      71.04          8  0.000e+00
      35233   1468.000     39.969     40.296     8.0553     8.0555  34.466402  34.465721     8.0514     8.0516    33.0587    33.0578    25.7419    25.7412     5.4790     5.6957    166.926    173.525     1.6789     1.6398     0.0440     0.0739     3.2186     0.0000     0.0818 -124.80150   44.00054      71.04          8  0.000e+00
      35234   1468.042     40.062     40.390     8.0553     8.0556  34.466840  34.466346     8.0513     8.0517    33.0591    33.0583    25.7423    25.7416     5.4847     5.6957    167.098    173.526     1.6801     1.6398     0.0440     0.0739     3.2198     0.0000     0.0818 -124.80150   44.00054      71.04          8  0.000e+00
      35235   1468.083     40.062     40.390     8.0558     8.0558  34.466339  34.466221     8.0519     8.0518    33.0581    33.0580    25.7414    25.7413     5.4791     5.6957    166.926    173.526     1.6789     1.6398     0.0440     0.0739     3.2186     0.0000     0.0818 -124.80150   44.00054      71.04          8  0.000e+00
      35236   1468.125     40.062     40.390     8.0556     8.0561  34.465464  34.466658     8.0517     8.0522    33.0573    33.0581    25.7408    25.7414     5.4791     5.6956    166.928    173.524     1.6789     1.6398     0.0440     0.0739     3.2198     0.0000     0.0818 -124.80150   44.00054      71.09          8  0.000e+00
      35237   1468.167     40.062     40.390     8.0558     8.0560  34.465964  34.466783     8.0519     8.0520    33.0577    33.0584    25.7411    25.7416     5.4847     5.6956    167.098    173.524     1.6801     1.6398     0.0440     0.0739     3.2186     0.0000     0.0818 -124.80150   44.00054      71.09          8  0.000e+00
      35238   1468.208     40.108     40.437     8.0558     8.0561  34.467152  34.467221     8.0519     8.0522    33.0589    33.0587    25.7420    25.7418     5.4791     5.6956    166.926    173.524     1.6789     1.6398     0.0440     0.0739     3.2186     0.0000     0.0806 -124.80150   44.00054      71.09          8  0.000e+00
      35239   1468.250     40.062     40.390     8.0561     8.0563  34.468402  34.467408     8.0522     8.0523    33.0600    33.0588    25.7428    25.7419     5.4846     5.6956    167.094    173.523     1.6801     1.6398     0.0440     0.0739     3.2198     0.0000     0.0806 -124.80150   44.00054      71.09          8  0.000e+00
      35240   1468.292     40.108     40.437     8.0559     8.0561  34.467965  34.467845     8.0520     8.0522    33.0597    33.0594    25.7426    25.7423     5.4846     5.6956    167.096    173.524     1.6801     1.6398     0.0440     0.0739     3.2198     0.0000     0.0806 -124.80150   44.00054      71.09          8  0.000e+00
      35241   1468.333     40.154     40.483     8.0563     8.0563  34.467527  34.467783     8.0523     8.0524    33.0589    33.0591    25.7419    25.7421     5.4847     5.6956    167.096    173.524     1.6801     1.6398     0.0440     0.0739     3.2186     0.0000     0.0806 -124.80150   44.00054      71.06          8  0.000e+00
      35242   1468.375     40.154     40.483     8.0561     8.0561  34.467527  34.467908     8.0522     8.0522    33.0590    33.0594    25.7421    25.7424     5.4847     5.6956    167.097    173.525     1.6801     1.6398     0.0440     0.0739     3.2186     0.0000     0.0818 -124.80150   44.00054      70.92          8  0.000e+00
      35243   1468.417     40.154     40.483     8.0559     8.0566  34.467465  34.468470     8.0520     8.0526    33.0591    33.0596    25.7422    25.7424     5.4847     5.6956    167.098    173.522     1.6801     1.6398     0.0440     0.0739     3.2186     0.0000     0.0806 -124.80150   44.00054      70.87          8  0.000e+00
      35244   1468.458     40.154     40.483     8.0559     8.0567  34.467653  34.469782     8.0520     8.0528    33.0593    33.0608    25.7423    25.7434     5.4847     5.6955    167.097    173.520     1.6801     1.6398     0.0440     0.0739     3.2186     0.0000     0.0806 -124.80150   44.00054      70.87          8  0.000e+00
      35245   1468.500     40.207     40.537     8.0561     8.0571  34.467778  34.471156     8.0522     8.0532    33.0593    33.0619    25.7422    25.7442     5.4847     5.6955    167.098    173.518     1.6801     1.6398     0.0440     0.0739     3.2198     0.0000     0.0806 -124.80150   44.00054      70.87          8  0.000e+00
      35246   1468.542     40.207     40.537     8.0559     8.0574  34.468215  34.471656     8.0520     8.0535    33.0599    33.0622    25.7428    25.7443     5.4847     5.6954    167.098    173.517     1.6801     1.6398     0.0440     0.0739     3.2186     0.0000     0.0806 -124.80150   44.00054      70.87          8  0.000e+00
      35247   1468.583     40.254     40.584     8.0561     8.0576  34.469091  34.471719     8.0522     8.0536    33.0606    33.0621    25.7433    25.7443     5.4847     5.6954    167.097    173.517     1.6801     1.6398     0.0440     0.0739     3.2186     0.0000     0.0806 -124.80150   44.00054      70.87          8  0.000e+00
      35248   1468.625     40.207     40.537     8.0564     8.0579  34.469716  34.471968     8.0525     8.0539    33.0611    33.0621    25.7436    25.7442     5.4846     5.6953    167.094    173.515     1.6801     1.6398     0.0440     0.0739     3.2173     0.0000     0.0806 -124.80150   44.00054      70.84          8  0.000e+00
      35249   1468.667     40.307     40.637     8.0566     8.0576  34.469653  34.472219     8.0526     8.0536    33.0608    33.0625    25.7434    25.7446     5.4847     5.6954    167.096    173.518     1.6801     1.6398     0.0440     0.0739     3.2186     0.0000     0.0806 -124.80150   44.00054      70.84          8  0.000e+00
      35250   1468.708     40.207     40.537     8.0568     8.0576  34.469778  34.472093     8.0528     8.0536    33.0608    33.0625    25.7433    25.7446     5.4846     5.6954    167.093    173.516     1.6801     1.6398     0.0440     0.0739     3.2186     0.0000     0.0806 -124.80150   44.00054      70.84          8  0.000e+00
      35251   1468.750     40.307     40.637     8.0567     8.0576  34.469903  34.471594     8.0528     8.0536    33.0609    33.0619    25.7434    25.7441     5.4846     5.6955    167.095    173.519     1.6801     1.6398     0.0440     0.0739     3.2186     0.0000     0.0806 -124.80150   44.00054      70.84          8  0.000e+00
      35252   1468.792     40.353     40.684     8.0567     8.0576  34.469904  34.471469     8.0528     8.0536    33.0609    33.0618    25.7434    25.7440     5.4847     5.6955    167.096    173.520     1.6801     1.6398     0.0440     0.0739     3.2186     0.0000     0.0806 -124.80150   44.00054      70.84          8  0.000e+00
      35253   1468.833     40.254     40.584     8.0566     8.0574  34.469466  34.470969     8.0526     8.0534    33.0606    33.0614    25.7432    25.7438     5.4846     5.6955    167.095    173.519     1.6801     1.6398     0.0440     0.0739     3.2198     0.0000     0.0806 -124.80150   44.00054      70.84          8  0.000e+00
      35254   1468.875     40.353     40.684     8.0567     8.0573  34.469341  34.471282     8.0528     8.0533    33.0603    33.0618    25.7430    25.7441     5.4847     5.6955    167.097    173.521     1.6801     1.6398     0.0440     0.0739     3.2186     0.0000     0.0806 -124.80150   44.00054      70.82          8  0.000e+00
      35255   1468.917     40.353     40.684     8.0569     8.0576  34.470466  34.471219     8.0530     8.0536    33.0613    33.0615    25.7437    25.7438     5.4902     5.6955    167.266    173.520     1.6813     1.6398     0.0440     0.0739     3.2186     0.0000     0.0806 -124.80150   44.00054      70.79          8  0.000e+00
      35256   1468.958     40.353     40.684     8.0571     8.0574  34.470841  34.471781     8.0531     8.0534    33.0616    33.0622    25.7439    25.7444     5.4902     5.6955    167.265    173.520     1.6813     1.6398     0.0440     0.0739     3.2186     0.0000     0.0806 -124.80150   44.00054      70.77          8  0.000e+00
      35257   1469.000     40.353     40.684     8.0573     8.0577  34.471529  34.471594     8.0533     8.0538    33.0621    33.0617    25.7443    25.7439     5.4902     5.6955    167.264    173.519     1.6813     1.6398     0.0440     0.0739     3.2186     0.0000     0.0806 -124.80150   44.00054      70.79          8  0.000e+00
      35258   1469.042     40.400     40.730     8.0574     8.0576  34.471779  34.472094     8.0534     8.0536    33.0622    33.0624    25.7444    25.7445     5.4902     5.6955    167.264    173.520     1.6813     1.6398     0.0440     0.0739     3.2186     0.0000     0.0806 -124.80150   44.00054      70.79          8  0.000e+00
      35259   1469.083     40.400     40.730     8.0576     8.0579  34.472904  34.472344     8.0536     8.0539    33.0632    33.0624    25.7452    25.7444     5.4901     5.6955    167.262    173.519     1.6813     1.6398     0.0440     0.0739     3.2186     0.0000     0.0806 -124.80150   44.00054      70.79          8  0.000e+00
      35260   1469.125     40.453     40.784     8.0576     8.0577  34.473780  34.472781     8.0536     8.0538    33.0642    33.0629    25.7459    25.7449     5.4901     5.6955    167.262    173.520     1.6813     1.6398     0.0440     0.0739     3.2186     0.0000     0.0806 -124.80150   44.00054      70.79          8  0.000e+00
      35261   1469.167     40.400     40.730     8.0577     8.0580  34.474155  34.473406     8.0538     8.0541    33.0644    33.0634    25.7461    25.7452     5.4901     5.6954    167.260    173.517     1.6813     1.6398     0.0440     0.0739     3.2186     0.0000     0.0806 -124.80150   44.00054      70.77          8  0.000e+00
      35262   1469.208     40.400     40.730     8.0581     8.0579  34.474467  34.474280     8.0541     8.0540    33.0645    33.0644    25.7461    25.7460     5.4900     5.6954    167.259    173.516     1.6813     1.6398     0.0440     0.0739     3.2186     0.0000     0.0806 -124.80150   44.00054      70.79          8  0.000e+00
      35263   1469.250     40.499     40.831     8.0579     8.0584  34.475030  34.474968     8.0539     8.0544    33.0652    33.0647    25.7467    25.7462     5.4901     5.6954    167.261    173.516     1.6813     1.6398     0.0440     0.0739     3.2186     0.0000     0.0806 -124.80150   44.00054      70.77          8  0.000e+00
