West Coast/WCOA-7/CTD_Data/RB2102_CTD_080_01.ros
* Sea-Bird SBE 9 Data File:
* FileName = C:\Users\scs.user.rb\CTD\RB2102\Data\RB2102_CTD_080_01.hex
* Software Version Seasave V 7.26.7.107
* Temperature SN = 6202
* Conductivity SN = 4907
* Number of Bytes Per Scan = 41
* Number of Voltage Words = 4
* Number of Scans Averaged by the Deck Unit = 1
* NMEA Latitude = 37 48.81 N
* NMEA Longitude = 123 10.04 W
* NMEA UTC (Time) = Jul 10 2021  22:29:35
* NMEA baud rate = 4800
# nquan = 30
# nvalues = 738                                   
# units = specified
# name 0 = scan: Scan Count
# name 1 = timeS: Time, Elapsed [seconds]
# name 2 = depSM: Depth [salt water, m]
# name 3 = prDM: Pressure, Digiquartz [db]
# name 4 = t090C: Temperature [ITS-90, deg C]
# name 5 = t190C: Temperature, 2 [ITS-90, deg C]
# name 6 = c0mS/cm: Conductivity [mS/cm]
# name 7 = c1mS/cm: Conductivity, 2 [mS/cm]
# name 8 = potemp090C: Potential Temperature [ITS-90, deg C]
# name 9 = potemp190C: Potential Temperature, 2 [ITS-90, deg C]
# name 10 = sal00: Salinity, Practical [PSU]
# name 11 = sal11: Salinity, Practical, 2 [PSU]
# name 12 = sigma-é00: Density [sigma-theta, kg/m^3]
# name 13 = sigma-é11: Density, 2 [sigma-theta, kg/m^3]
# name 14 = sbeox0Mg/L: Oxygen, SBE 43 [mg/l]
# name 15 = sbeox1Mg/L: Oxygen, SBE 43, 2 [mg/l]
# name 16 = sbox0Mm/Kg: Oxygen, SBE 43 [umol/kg]
# name 17 = sbox1Mm/Kg: Oxygen, SBE 43, 2 [umol/kg]
# name 18 = sbeox0V: Oxygen raw, SBE 43 [V]
# name 19 = sbeox1V: Oxygen raw, SBE 43, 2 [V]
# name 20 = v4: Voltage 4
# name 21 = flECO-AFL: Fluorescence, WET Labs ECO-AFL/FL [mg/m^3]
# name 22 = v3: Voltage 3
# name 23 = v6: Voltage 6
# name 24 = v7: Voltage 7
# name 25 = longitude: Longitude [deg]
# name 26 = latitude: Latitude [deg]
# name 27 = altM: Altimeter [m]
# name 28 = nbf: Bottles Fired
# name 29 = flag:  0.000e+00
# interval = seconds: 0.0416667
# start_time = Jul 10 2021 22:29:35 [NMEA time, header]
# bad_flag = -9.990e-29
*END*
      13455    560.583     67.474     67.993     9.6913     9.6900  36.775178  36.775149     9.6837     9.6824    33.9159    33.9171    26.1584    26.1595     3.3596     3.4721    102.314    105.738     1.2479     1.2259     0.0415     0.0129     3.2222     0.0293     0.0134 -123.16766   37.81338      11.18          1  0.000e+00
      13456    560.625     67.494     68.013     9.6914     9.6901  36.775049  36.775342     9.6838     9.6825    33.9157    33.9172    26.1582    26.1596     3.3596     3.4721    102.314    105.738     1.2479     1.2259     0.0415     0.0129     3.2222     0.0293     0.0134 -123.16766   37.81338      11.18          1  0.000e+00
      13457    560.667     67.474     67.993     9.6912     9.6900  36.775434  36.775534     9.6837     9.6824    33.9162    33.9175    26.1586    26.1598     3.3596     3.4721    102.314    105.738     1.2479     1.2259     0.0415     0.0129     3.2222     0.0293     0.0134 -123.16766   37.81338      11.21          1  0.000e+00
      13458    560.708     67.394     67.913     9.6914     9.6906  36.774921  36.775854     9.6838     9.6831    33.9156    33.9173    26.1581    26.1596     3.3596     3.4720    102.313    105.735     1.2479     1.2259     0.0415     0.0129     3.2222     0.0281     0.0134 -123.16766   37.81338      11.21          1  0.000e+00
      13459    560.750     67.494     68.013     9.6913     9.6908  36.775114  36.775726     9.6837     9.6832    33.9159    33.9169    26.1583    26.1593     3.3597     3.4720    102.314    105.736     1.2479     1.2259     0.0415     0.0129     3.2222     0.0281     0.0134 -123.16766   37.81338      11.18          1  0.000e+00
      13460    560.792     67.474     67.993     9.6912     9.6909  36.775306  36.776367     9.6837     9.6833    33.9161    33.9176    26.1585    26.1597     3.3596     3.4720    102.314    105.735     1.2479     1.2259     0.0415     0.0129     3.2222     0.0281     0.0134 -123.16766   37.81338      11.21          1  0.000e+00
      13461    560.833     67.441     67.959     9.6916     9.6909  36.775306  36.776431     9.6840     9.6834    33.9158    33.9176    26.1583    26.1597     3.3650     3.4720    102.477    105.735     1.2491     1.2259     0.0415     0.0129     3.2222     0.0293     0.0134 -123.16766   37.81338      11.21          1  0.000e+00
      13462    560.875     67.441     67.959     9.6912     9.6915  36.775049  36.776303     9.6837     9.6839    33.9159    33.9169    26.1583    26.1591     3.3596     3.4778    102.314    105.913     1.2479     1.2271     0.0415     0.0129     3.2222     0.0293     0.0134 -123.16766   37.81338      11.23          1  0.000e+00
      13463    560.917     67.474     67.993     9.6911     9.6913  36.775178  36.776303     9.6835     9.6837    33.9162    33.9171    26.1586    26.1593     3.3597     3.4720    102.314    105.735     1.2479     1.2259     0.0415     0.0129     3.2222     0.0293     0.0134 -123.16766   37.81338      11.23          1  0.000e+00
      13464    560.958     67.441     67.959     9.6911     9.6909  36.775049  36.776110     9.6835     9.6834    33.9160    33.9172    26.1585    26.1595     3.3596     3.4720    102.314    105.735     1.2479     1.2259     0.0415     0.0129     3.2222     0.0281     0.0134 -123.16766   37.81338      11.23          1  0.000e+00
      13465    561.000     67.441     67.959     9.6911     9.6905  36.774985  36.775277     9.6835     9.6830    33.9160    33.9168    26.1585    26.1592     3.3543     3.4720    102.150    105.736     1.2466     1.2259     0.0415     0.0129     3.2222     0.0281     0.0134 -123.16766   37.81338      11.21          1  0.000e+00
      13466    561.042     67.428     67.946     9.6909     9.6903  36.774793  36.774765     9.6833     9.6827    33.9159    33.9165    26.1584    26.1590     3.3543     3.4720    102.150    105.737     1.2466     1.2259     0.0415     0.0129     3.2222     0.0293     0.0134 -123.16766   37.81338      11.23          1  0.000e+00
      13467    561.083     67.494     68.013     9.6909     9.6899  36.774921  36.774893     9.6833     9.6823    33.9160    33.9170    26.1585    26.1594     3.3651     3.4780    102.479    105.917     1.2491     1.2271     0.0415     0.0129     3.2222     0.0293     0.0147 -123.16766   37.81338      11.23          1  0.000e+00
      13468    561.125     67.441     67.959     9.6909     9.6901  36.775178  36.775213     9.6833     9.6825    33.9163    33.9171    26.1587    26.1595     3.3596     3.4779    102.314    105.916     1.2479     1.2271     0.0427     0.0434     3.2210     0.0293     0.0134 -123.16766   37.81338      11.23          1  0.000e+00
      13469    561.167     67.428     67.946     9.6909     9.6901  36.775049  36.775534     9.6833     9.6825    33.9162    33.9174    26.1586    26.1598     3.3596     3.4720    102.314    105.737     1.2479     1.2259     0.0427     0.0434     3.2222     0.0293     0.0134 -123.16766   37.81338      11.23          1  0.000e+00
      13470    561.208     67.494     68.013     9.6912     9.6897  36.775178  36.775149     9.6837     9.6821    33.9160    33.9174    26.1584    26.1598     3.3597     3.4780    102.314    105.918     1.2479     1.2271     0.0440     0.0739     3.2210     0.0293     0.0134 -123.16766   37.81338      11.23          1  0.000e+00
      13471    561.250     67.428     67.946     9.6914     9.6895  36.775049  36.774508     9.6838     9.6819    33.9157    33.9170    26.1582    26.1595     3.3596     3.4721    102.313    105.739     1.2479     1.2259     0.0427     0.0434     3.2210     0.0293     0.0134 -123.16766   37.81338      11.23          1  0.000e+00
      13472    561.292     67.494     68.013     9.6912     9.6892  36.775178  36.774381     9.6837     9.6816    33.9160    33.9171    26.1584    26.1596     3.3597     3.4722    102.314    105.740     1.2479     1.2259     0.0427     0.0434     3.2210     0.0281     0.0134 -123.16766   37.81338      11.21          1  0.000e+00
      13473    561.333     67.441     67.959     9.6913     9.6888  36.775306  36.774829     9.6837     9.6812    33.9161    33.9179    26.1585    26.1604     3.3596     3.4721    102.313    105.740     1.2479     1.2259     0.0427     0.0434     3.2210     0.0281     0.0134 -123.16766   37.81338      11.14          1  0.000e+00
      13474    561.375     67.474     67.993     9.6914     9.6890  36.775306  36.774509     9.6838     9.6814    33.9160    33.9174    26.1584    26.1599     3.3542     3.4780    102.150    105.919     1.2466     1.2271     0.0427     0.0434     3.2210     0.0281     0.0134 -123.16766   37.81338      11.11          1  0.000e+00
      13475    561.417     67.494     68.013     9.6909     9.6890  36.775114  36.774829     9.6833     9.6815    33.9162    33.9177    26.1587    26.1601     3.3597     3.4722    102.315    105.740     1.2479     1.2259     0.0427     0.0434     3.2234     0.0281     0.0122 -123.16766   37.81338      11.11          1  0.000e+00
      13476    561.458     67.441     67.959     9.6914     9.6890  36.774729  36.775213     9.6838     9.6814    33.9154    33.9182    26.1580    26.1605     3.3596     3.4780    102.314    105.918     1.2479     1.2271     0.0427     0.0434     3.2210     0.0281     0.0122 -123.16766   37.81338      11.11          1  0.000e+00
      13477    561.500     67.474     67.993     9.6907     9.6895  36.774857  36.775085     9.6832     9.6819    33.9161    33.9176    26.1586    26.1600     3.3597     3.4780    102.315    105.918     1.2479     1.2271     0.0427     0.0434     3.2210     0.0281     0.0134 -123.16766   37.81338      11.11          1  0.000e+00
      13478    561.542     67.494     68.013     9.6903     9.6899  36.774985  36.775726     9.6827     9.6823    33.9167    33.9178    26.1591    26.1601     3.3597     3.4780    102.316    105.917     1.2479     1.2271     0.0427     0.0434     3.2222     0.0281     0.0134 -123.16766   37.81338      11.14          1  0.000e+00
      13479    561.583     67.494     68.013     9.6904     9.6903  36.774729  36.775982     9.6828     9.6827    33.9163    33.9177    26.1588    26.1599     3.3597     3.4720    102.316    105.737     1.2479     1.2259     0.0427     0.0434     3.2222     0.0281     0.0134 -123.16766   37.81338      11.18          1  0.000e+00
      13480    561.625     67.520     68.039     9.6904     9.6903  36.774857  36.775726     9.6828     9.6828    33.9164    33.9174    26.1589    26.1597     3.3597     3.4779    102.316    105.916     1.2479     1.2271     0.0440     0.0739     3.2222     0.0293     0.0134 -123.16766   37.81338      11.21          1  0.000e+00
      13481    561.667     67.494     68.013     9.6905     9.6908  36.774729  36.776111     9.6830     9.6832    33.9162    33.9173    26.1587    26.1596     3.3597     3.4779    102.316    105.915     1.2479     1.2271     0.0427     0.0434     3.2210     0.0293     0.0134 -123.16766   37.81338      11.21          1  0.000e+00
      13482    561.708     67.520     68.039     9.6909     9.6908  36.775114  36.776111     9.6833     9.6832    33.9162    33.9173    26.1587    26.1596     3.3597     3.4720    102.315    105.736     1.2479     1.2259     0.0427     0.0434     3.2222     0.0293     0.0134 -123.16766   37.81338      11.21          1  0.000e+00
      13483    561.750     67.494     68.013     9.6908     9.6907  36.775114  36.775470     9.6832     9.6831    33.9163    33.9168    26.1588    26.1592     3.3597     3.4779    102.315    105.916     1.2479     1.2271     0.0427     0.0434     3.2210     0.0281     0.0134 -123.16766   37.81338      11.21          1  0.000e+00
      13484    561.792     67.540     68.059     9.6909     9.6903  36.774986  36.774829     9.6833     9.6827    33.9161    33.9165    26.1585    26.1590     3.3597     3.4721    102.316    105.739     1.2479     1.2259     0.0427     0.0434     3.2222     0.0281     0.0134 -123.16766   37.81338      11.18          1  0.000e+00
      13485    561.833     67.520     68.039     9.6904     9.6899  36.774473  36.774445     9.6828     9.6823    33.9160    33.9165    26.1586    26.1591     3.3597     3.4721    102.317    105.739     1.2479     1.2259     0.0427     0.0434     3.2222     0.0269     0.0122 -123.16766   37.81338      11.06          1  0.000e+00
      13486    561.875     67.540     68.059     9.6899     9.6891  36.773831  36.773612     9.6823     9.6816    33.9158    33.9163    26.1585    26.1591     3.3598     3.4722    102.318    105.742     1.2479     1.2259     0.0427     0.0434     3.2234     0.0281     0.0122 -123.16766   37.81338      11.01          1  0.000e+00
      13487    561.917     67.593     68.113     9.6893     9.6885  36.773383  36.773420     9.6817     9.6809    33.9159    33.9167    26.1587    26.1595     3.3598     3.4781    102.320    105.922     1.2479     1.2271     0.0427     0.0434     3.2222     0.0281     0.0134 -123.16766   37.81338      11.01          1  0.000e+00
      13488    561.958     67.573     68.093     9.6889     9.6879  36.773062  36.773163     9.6814     9.6803    33.9159    33.9170    26.1588    26.1598     3.3599     3.4782    102.321    105.923     1.2479     1.2271     0.0427     0.0434     3.2222     0.0293     0.0134 -123.16766   37.81338      11.04          1  0.000e+00
      13489    562.000     67.593     68.113     9.6888     9.6875  36.773768  36.773292     9.6812     9.6799    33.9168    33.9175    26.1595    26.1603     3.3599     3.4782    102.321    105.924     1.2479     1.2271     0.0427     0.0434     3.2210     0.0293     0.0134 -123.16766   37.81338      11.01          1  0.000e+00
      13490    562.042     67.540     68.059     9.6891     9.6872  36.773767  36.773420     9.6815     9.6796    33.9165    33.9179    26.1592    26.1606     3.3598     3.4782    102.319    105.924     1.2479     1.2271     0.0427     0.0434     3.2222     0.0305     0.0147 -123.16766   37.81338      11.04          1  0.000e+00
      13491    562.083     67.620     68.140     9.6893     9.6873  36.774152  36.773612     9.6817     9.6797    33.9167    33.9180    26.1593    26.1607     3.3598     3.4782    102.320    105.925     1.2479     1.2271     0.0440     0.0739     3.2222     0.0305     0.0134 -123.16766   37.81338      11.06          1  0.000e+00
      13492    562.125     67.640     68.160     9.6898     9.6873  36.774345  36.773933     9.6822     9.6797    33.9164    33.9183    26.1590    26.1609     3.3544     3.4782    102.155    105.925     1.2466     1.2271     0.0427     0.0434     3.2222     0.0293     0.0147 -123.16766   37.81338      11.04          1  0.000e+00
      13493    562.167     67.593     68.113     9.6901     9.6875  36.775050  36.773804     9.6825     9.6800    33.9169    33.9180    26.1593    26.1606     3.3598     3.4782    102.318    105.924     1.2479     1.2271     0.0427     0.0434     3.2222     0.0293     0.0134 -123.16766   37.81338      11.06          1  0.000e+00
      13494    562.208     67.666     68.186     9.6901     9.6875  36.774345  36.773741     9.6825     9.6799    33.9161    33.9179    26.1587    26.1606     3.3598     3.4782    102.319    105.925     1.2479     1.2271     0.0427     0.0434     3.2222     0.0281     0.0134 -123.16766   37.81338      11.04          1  0.000e+00
      13495    562.250     67.640     68.160     9.6899     9.6876  36.774217  36.773484     9.6823     9.6801    33.9162    33.9176    26.1588    26.1603     3.3598     3.4782    102.319    105.925     1.2479     1.2271     0.0415     0.0129     3.2222     0.0281     0.0134 -123.16766   37.81338      11.06          1  0.000e+00
      13496    562.292     67.666     68.186     9.6899     9.6875  36.774345  36.773612     9.6823     9.6800    33.9163    33.9178    26.1589    26.1604     3.3544     3.4782    102.155    105.925     1.2466     1.2271     0.0415     0.0129     3.2222     0.0281     0.0134 -123.16766   37.81338      11.04          1  0.000e+00
      13497    562.333     67.686     68.206     9.6900     9.6875  36.774537  36.773228     9.6824     9.6799    33.9164    33.9174    26.1590    26.1602     3.3544     3.4782    102.155    105.926     1.2466     1.2271     0.0415     0.0129     3.2210     0.0293     0.0134 -123.16766   37.81338      10.99          1  0.000e+00
      13498    562.375     67.686     68.206     9.6901     9.6875  36.774153  36.773292     9.6825     9.6800    33.9159    33.9174    26.1586    26.1602     3.3544     3.4782    102.155    105.925     1.2466     1.2271     0.0415     0.0129     3.2222     0.0293     0.0134 -123.16766   37.81338      10.96          1  0.000e+00
      13499    562.417     67.719     68.240     9.6896     9.6872  36.773447  36.773164     9.6820     9.6796    33.9157    33.9176    26.1585    26.1604     3.3599     3.4842    102.321    106.106     1.2479     1.2283     0.0415     0.0129     3.2210     0.0293     0.0134 -123.16766   37.81338      10.96          1  0.000e+00
      13500    562.458     67.739     68.260     9.6894     9.6870  36.773127  36.773100     9.6818     9.6794    33.9154    33.9177    26.1583    26.1605     3.3599     3.4842    102.322    106.106     1.2479     1.2283     0.0415     0.0129     3.2222     0.0281     0.0134 -123.16766   37.81338      10.96          1  0.000e+00
      13501    562.500     67.739     68.260     9.6893     9.6869  36.773255  36.773100     9.6817     9.6793    33.9157    33.9178    26.1585    26.1606     3.3599     3.4842    102.322    106.106     1.2479     1.2283     0.0415     0.0129     3.2210     0.0293     0.0134 -123.16766   37.81338      10.96          1  0.000e+00
      13502    562.542     67.766     68.287     9.6889     9.6865  36.773319  36.772331     9.6813     9.6789    33.9161    33.9174    26.1589    26.1603     3.3599     3.4842    102.323    106.108     1.2479     1.2283     0.0415     0.0129     3.2222     0.0281     0.0134 -123.16766   37.81338      10.96          1  0.000e+00
