West Coast/WCOA-7/CTD_Data/RB2102_CTD_027_01.ros
* Sea-Bird SBE 9 Data File:
* FileName = C:\Users\scs.user.rb\CTD\RB2102\Data\RB2102_CTD_027_01.hex
* Software Version Seasave V 7.26.7.107
* Temperature SN = 6202
* Conductivity SN = 4907
* Number of Bytes Per Scan = 41
* Number of Voltage Words = 4
* Number of Scans Averaged by the Deck Unit = 1
* NMEA Latitude = 46 14.52 N
* NMEA Longitude = 124 07.03 W
* NMEA UTC (Time) = Jun 30 2021  18:21:42
* NMEA baud rate = 4800
# nquan = 30
# nvalues = 637                                   
# units = specified
# name 0 = scan: Scan Count
# name 1 = timeS: Time, Elapsed [seconds]
# name 2 = depSM: Depth [salt water, m]
# name 3 = prDM: Pressure, Digiquartz [db]
# name 4 = t090C: Temperature [ITS-90, deg C]
# name 5 = t190C: Temperature, 2 [ITS-90, deg C]
# name 6 = c0mS/cm: Conductivity [mS/cm]
# name 7 = c1mS/cm: Conductivity, 2 [mS/cm]
# name 8 = potemp090C: Potential Temperature [ITS-90, deg C]
# name 9 = potemp190C: Potential Temperature, 2 [ITS-90, deg C]
# name 10 = sal00: Salinity, Practical [PSU]
# name 11 = sal11: Salinity, Practical, 2 [PSU]
# name 12 = sigma-é00: Density [sigma-theta, kg/m^3]
# name 13 = sigma-é11: Density, 2 [sigma-theta, kg/m^3]
# name 14 = sbeox0Mg/L: Oxygen, SBE 43 [mg/l]
# name 15 = sbeox1Mg/L: Oxygen, SBE 43, 2 [mg/l]
# name 16 = sbox0Mm/Kg: Oxygen, SBE 43 [umol/kg]
# name 17 = sbox1Mm/Kg: Oxygen, SBE 43, 2 [umol/kg]
# name 18 = sbeox0V: Oxygen raw, SBE 43 [V]
# name 19 = sbeox1V: Oxygen raw, SBE 43, 2 [V]
# name 20 = v4: Voltage 4
# name 21 = flECO-AFL: Fluorescence, WET Labs ECO-AFL/FL [mg/m^3]
# name 22 = v3: Voltage 3
# name 23 = v6: Voltage 6
# name 24 = v7: Voltage 7
# name 25 = longitude: Longitude [deg]
# name 26 = latitude: Latitude [deg]
# name 27 = altM: Altimeter [m]
# name 28 = nbf: Bottles Fired
# name 29 = flag:  0.000e+00
# interval = seconds: 0.0416667
# start_time = Jun 30 2021 18:21:42 [NMEA time, header]
# bad_flag = -9.990e-29
*END*
[from data line 629]
      25057   1044.000      3.095      3.121    17.6797    17.6596  21.363161  21.505034    17.6793    17.6591    15.1596    15.2771    10.2087    10.3023     9.2171     8.5998    285.129    266.008     2.7106     2.4237     0.2051     4.1032     3.1148     0.6361     0.0000 -124.11894   46.24460      16.83         13  0.000e+00
      25058   1044.042      3.095      3.121    17.6710    17.6618  21.433969  21.498313    17.6705    17.6614    15.2177    15.2710    10.2547    10.2972     9.2206     8.6052    285.223    266.175     2.7118     2.4249     0.2051     4.1032     3.1148     0.6361     0.0000 -124.11894   46.24460      16.83         13  0.000e+00
      25059   1044.083      3.161      3.188    17.6648    17.6593  21.478100  21.500623    17.6643    17.6588    15.2542    15.2738    10.2838    10.2998     9.2299     8.6111    285.503    266.356     2.7143     2.4261     0.2051     4.1032     3.1148     0.6361     0.0000 -124.11894   46.24460      16.83         13  0.000e+00
      25060   1044.125      3.194      3.221    17.6618    17.6524  21.477522  21.532240    17.6613    17.6519    15.2549    15.3009    10.2850    10.3219     9.2305     8.6110    285.520    266.347     2.7143     2.4261     0.2051     4.1032     3.1160     0.6361     0.0000 -124.11894   46.24460      16.63         13  0.000e+00
      25061   1044.167      3.141      3.168    17.6671    17.6508  21.438538  21.547528    17.6666    17.6503    15.2227    15.3133    10.2593    10.3317     9.2363     8.6105    285.707    266.331     2.7155     2.4261     0.2051     4.1032     3.1160     0.6361     0.0000 -124.11894   46.24460      16.41         13  0.000e+00
      25062   1044.208      3.141      3.168    17.6662    17.6494  21.444841  21.550471    17.6658    17.6490    15.2279    15.3161    10.2635    10.3341     9.2463     8.6161    286.015    266.503     2.7179     2.4274     0.2051     4.1032     3.1160     0.6361     0.0000 -124.11894   46.24460      16.34         13  0.000e+00
      25063   1044.250      3.241      3.268    17.6570    17.6487  21.510588  21.545952    17.6565    17.6482    15.2824    15.3129    10.3068    10.3318     9.2451     8.6220    285.966    266.685     2.7179     2.4286     0.2051     4.1032     3.1148     0.6361     0.0000 -124.11894   46.24460      16.36         13  0.000e+00
      25064   1044.292      3.241      3.268    17.6490    17.6510  21.565456  21.526934    17.6485    17.6505    15.3279    15.2973    10.3432    10.3195     9.2491     8.6224    286.080    266.701     2.7192     2.4286     0.2051     4.1032     3.1136     0.6361     0.0000 -124.11894   46.24460      16.36         13  0.000e+00
