West Coast/WCOA-7/CTD_Data/RB2102_CTD_022_01.ros
* Sea-Bird SBE 9 Data File:
* FileName = C:\Users\scs.user.rb\CTD\RB2102\Data\RB2102_CTD_022_01.hex
* Software Version Seasave V 7.26.7.107
* Temperature SN = 6202
* Conductivity SN = 4907
* Number of Bytes Per Scan = 41
* Number of Voltage Words = 4
* Number of Scans Averaged by the Deck Unit = 1
* NMEA Latitude = 47 57.23 N
* NMEA Longitude = 124 54.45 W
* NMEA UTC (Time) = Jun 29 2021  09:13:31
* NMEA baud rate = 4800
# nquan = 30
# nvalues = 833                                   
# units = specified
# name 0 = scan: Scan Count
# name 1 = timeS: Time, Elapsed [seconds]
# name 2 = depSM: Depth [salt water, m]
# name 3 = prDM: Pressure, Digiquartz [db]
# name 4 = t090C: Temperature [ITS-90, deg C]
# name 5 = t190C: Temperature, 2 [ITS-90, deg C]
# name 6 = c0mS/cm: Conductivity [mS/cm]
# name 7 = c1mS/cm: Conductivity, 2 [mS/cm]
# name 8 = potemp090C: Potential Temperature [ITS-90, deg C]
# name 9 = potemp190C: Potential Temperature, 2 [ITS-90, deg C]
# name 10 = sal00: Salinity, Practical [PSU]
# name 11 = sal11: Salinity, Practical, 2 [PSU]
# name 12 = sigma-é00: Density [sigma-theta, kg/m^3]
# name 13 = sigma-é11: Density, 2 [sigma-theta, kg/m^3]
# name 14 = sbeox0Mg/L: Oxygen, SBE 43 [mg/l]
# name 15 = sbeox1Mg/L: Oxygen, SBE 43, 2 [mg/l]
# name 16 = sbox0Mm/Kg: Oxygen, SBE 43 [umol/kg]
# name 17 = sbox1Mm/Kg: Oxygen, SBE 43, 2 [umol/kg]
# name 18 = sbeox0V: Oxygen raw, SBE 43 [V]
# name 19 = sbeox1V: Oxygen raw, SBE 43, 2 [V]
# name 20 = v4: Voltage 4
# name 21 = flECO-AFL: Fluorescence, WET Labs ECO-AFL/FL [mg/m^3]
# name 22 = v3: Voltage 3
# name 23 = v6: Voltage 6
# name 24 = v7: Voltage 7
# name 25 = longitude: Longitude [deg]
# name 26 = latitude: Latitude [deg]
# name 27 = altM: Altimeter [m]
# name 28 = nbf: Bottles Fired
# name 29 = flag:  0.000e+00
# interval = seconds: 0.0416667
# start_time = Jun 29 2021 09:13:31 [NMEA time, header]
# bad_flag = -9.990e-29
*END*
[from data line 629]
      40761   1698.333      3.722      3.754    15.5094    15.5086  39.813875  39.810946    15.5089    15.5080    31.7689    31.7670    23.3722    23.3710     9.4915     8.8589    289.839    270.524     2.9109     2.5922     0.0586     0.4402     3.1966     0.8168     0.0000 -124.90706   47.95388      84.54         13  0.000e+00
      40762   1698.375      3.736      3.767    15.5092    15.5084  39.813345  39.810682    15.5087    15.5078    31.7686    31.7669    23.3721    23.3709     9.4916     8.8590    289.842    270.525     2.9109     2.5922     0.0586     0.4402     3.1966     0.8181     0.0000 -124.90706   47.95388      84.57         13  0.000e+00
      40763   1698.417      3.769      3.801    15.5092    15.5084  39.813743  39.810615    15.5087    15.5078    31.7690    31.7669    23.3723    23.3709     9.4916     8.8642    289.842    270.685     2.9109     2.5934     0.0586     0.4402     3.1966     0.8181     0.0000 -124.90706   47.95388      84.57         13  0.000e+00
      40764   1698.458      3.723      3.754    15.5093    15.5081  39.813544  39.810880    15.5087    15.5075    31.7688    31.7674    23.3722    23.3714     9.4915     8.8642    289.841    270.684     2.9109     2.5934     0.0586     0.4402     3.1978     0.8181     0.0000 -124.90706   47.95388      84.62         13  0.000e+00
      40765   1698.500      3.723      3.754    15.5091    15.5085  39.813478  39.810681    15.5085    15.5080    31.7689    31.7668    23.3723    23.3708     9.4916     8.8641    289.842    270.682     2.9109     2.5934     0.0586     0.4402     3.1966     0.8181     0.0000 -124.90706   47.95388      84.62         13  0.000e+00
      40766   1698.542      3.769      3.801    15.5091    15.5081  39.813279  39.810880    15.5085    15.5075    31.7687    31.7674    23.3721    23.3713     9.4964     8.8643    289.990    270.686     2.9121     2.5934     0.0574     0.4097     3.1978     0.8181     0.0000 -124.90706   47.95388      84.62         13  0.000e+00
      40767   1698.583      3.723      3.754    15.5089    15.5084  39.813610  39.810681    15.5084    15.5078    31.7691    31.7669    23.3725    23.3709     9.4916     8.8642    289.842    270.683     2.9109     2.5934     0.0586     0.4402     3.1978     0.8181     0.0000 -124.90706   47.95388      84.62         13  0.000e+00
      40768   1698.625      3.723      3.754    15.5086    15.5084  39.813081  39.810880    15.5080    15.5078    31.7689    31.7672    23.3724    23.3711     9.4917     8.8693    289.844    270.841     2.9109     2.5946     0.0586     0.4402     3.1966     0.8181     0.0000 -124.90706   47.95388      84.62         13  0.000e+00
      40787   1699.417      3.624      3.654    15.5088    15.5087  39.812948  39.811012    15.5082    15.5082    31.7687    31.7670    23.3722    23.3709     9.5011     8.8744    290.132    270.994     2.9133     2.5958     0.0598     0.4707     3.1966     0.8168     0.0000 -124.90706   47.95390      84.93         14  0.000e+00
      40788   1699.458      3.644      3.674    15.5086    15.5087  39.813080  39.811210    15.5080    15.5082    31.7690    31.7672    23.3725    23.3710     9.5011     8.8744    290.133    270.994     2.9133     2.5958     0.0586     0.4402     3.1978     0.8168     0.0000 -124.90706   47.95390      84.96         14  0.000e+00
      40789   1699.500      3.531      3.561    15.5084    15.5087  39.812683  39.811078    15.5079    15.5082    31.7688    31.7671    23.3724    23.3710     9.5010     8.8742    290.131    270.991     2.9133     2.5958     0.0598     0.4707     3.1966     0.8168     0.0000 -124.90706   47.95390      84.96         14  0.000e+00
      40790   1699.542      3.624      3.654    15.5084    15.5087  39.812418  39.811210    15.5079    15.5082    31.7685    31.7672    23.3721    23.3711     9.5059     8.8743    290.280    270.994     2.9145     2.5958     0.0586     0.4402     3.1978     0.8168     0.0000 -124.90706   47.95390      84.96         14  0.000e+00
      40791   1699.583      3.577      3.608    15.5082    15.5087  39.812485  39.810747    15.5077    15.5082    31.7687    31.7668    23.3724    23.3707     9.5059     8.8743    290.279    270.993     2.9145     2.5958     0.0586     0.4402     3.1954     0.8168     0.0000 -124.90706   47.95390      84.96         14  0.000e+00
      40792   1699.625      3.578      3.608    15.5081    15.5086  39.812948  39.810615    15.5075    15.5080    31.7693    31.7668    23.3728    23.3708     9.5059     8.8795    290.279    271.152     2.9145     2.5971     0.0598     0.4707     3.1954     0.8168     0.0000 -124.90706   47.95390      84.93         14  0.000e+00
      40793   1699.667      3.578      3.608    15.5081    15.5087  39.812418  39.810879    15.5076    15.5082    31.7688    31.7669    23.3724    23.3709     9.5059     8.8795    290.280    271.151     2.9145     2.5971     0.0586     0.4402     3.1978     0.8168     0.0000 -124.90706   47.95390      85.03         14  0.000e+00
      40794   1699.708      3.531      3.561    15.5077    15.5087  39.812352  39.811342    15.5072    15.5082    31.7691    31.7673    23.3727    23.3711     9.5107     8.8742    290.426    270.990     2.9158     2.5958     0.0586     0.4402     3.1966     0.8168     0.0000 -124.90706   47.95390      85.13         14  0.000e+00
      40795   1699.750      3.531      3.561    15.5079    15.5087  39.812220  39.811078    15.5074    15.5082    31.7688    31.7671    23.3725    23.3710     9.5107     8.8742    290.426    270.991     2.9158     2.5958     0.0586     0.4402     3.1966     0.8168     0.0000 -124.90706   47.95390      85.15         14  0.000e+00
      40796   1699.792      3.578      3.608    15.5079    15.5087  39.812087  39.810681    15.5073    15.5082    31.7687    31.7667    23.3724    23.3707     9.5108     8.8795    290.428    271.151     2.9158     2.5971     0.0598     0.4707     3.1966     0.8168     0.0000 -124.90706   47.95390      85.13         14  0.000e+00
      40797   1699.833      3.492      3.521    15.5079    15.5087  39.812153  39.810614    15.5074    15.5082    31.7688    31.7667    23.3724    23.3707     9.5107     8.8742    290.424    270.990     2.9158     2.5958     0.0586     0.4402     3.1978     0.8168     0.0000 -124.90706   47.95390      85.15         14  0.000e+00
      40798   1699.875      3.478      3.508    15.5079    15.5087  39.812352  39.810614    15.5074    15.5082    31.7689    31.7667    23.3726    23.3707     9.5106     8.8794    290.423    271.148     2.9158     2.5971     0.0598     0.4707     3.1966     0.8168     0.0000 -124.90706   47.95390      85.13         14  0.000e+00
      40799   1699.917      3.478      3.508    15.5079    15.5084  39.812749  39.810614    15.5074    15.5079    31.7693    31.7670    23.3728    23.3709     9.5106     8.8794    290.423    271.149     2.9158     2.5971     0.0586     0.4402     3.1978     0.8168     0.0000 -124.90706   47.95390      85.20         14  0.000e+00
      40800   1699.958      3.531      3.561    15.5081    15.5086  39.812021  39.810615    15.5075    15.5080    31.7685    31.7668    23.3722    23.3708     9.5107     8.8795    290.425    271.150     2.9158     2.5971     0.0598     0.4707     3.1978     0.8168     0.0000 -124.90706   47.95390      85.25         14  0.000e+00
      40801   1700.000      3.432      3.461    15.5077    15.5084  39.812550  39.810350    15.5072    15.5078    31.7693    31.7668    23.3729    23.3708     9.5106     8.8794    290.422    271.148     2.9158     2.5971     0.0586     0.4402     3.1966     0.8168     0.0000 -124.90706   47.95390      85.25         14  0.000e+00
      40802   1700.042      3.478      3.508    15.5074    15.5084  39.811822  39.810482    15.5069    15.5079    31.7689    31.7669    23.3726    23.3709     9.5107     8.8794    290.426    271.149     2.9158     2.5971     0.0598     0.4707     3.1966     0.8168     0.0000 -124.90706   47.95390      85.25         14  0.000e+00
      40803   1700.083      3.478      3.508    15.5074    15.5084  39.812484  39.810350    15.5069    15.5078    31.7695    31.7668    23.3731    23.3708     9.5107     8.8846    290.425    271.308     2.9158     2.5983     0.0586     0.4402     3.1966     0.8181     0.0000 -124.90706   47.95390      85.25         14  0.000e+00
      40804   1700.125      3.379      3.408    15.5072    15.5082  39.811822  39.810283    15.5067    15.5077    31.7690    31.7669    23.3728    23.3709     9.5106     8.8794    290.424    271.147     2.9158     2.5971     0.0586     0.4402     3.1966     0.8181     0.0000 -124.90706   47.95390      85.23         14  0.000e+00
      40805   1700.167      3.478      3.508    15.5070    15.5082  39.811690  39.810482    15.5065    15.5077    31.7690    31.7670    23.3728    23.3710     9.5156     8.8795    290.574    271.150     2.9170     2.5971     0.0586     0.4402     3.1966     0.8181     0.0000 -124.90706   47.95390      85.25         14  0.000e+00
      40806   1700.208      3.346      3.375    15.5069    15.5082  39.811292  39.810614    15.5064    15.5077    31.7689    31.7672    23.3727    23.3711     9.5107     8.8845    290.425    271.303     2.9158     2.5983     0.0598     0.4707     3.1954     0.8181     0.0000 -124.90706   47.95390      85.25         14  0.000e+00
      40807   1700.250      3.379      3.408    15.5067    15.5081  39.812087  39.810614    15.5062    15.5075    31.7697    31.7673    23.3734    23.3713     9.5107     8.8794    290.425    271.147     2.9158     2.5971     0.0598     0.4707     3.1954     0.8181     0.0000 -124.90706   47.95390      85.25         14  0.000e+00
      40808   1700.292      3.432      3.461    15.5069    15.5082  39.811425  39.810350    15.5064    15.5077    31.7689    31.7669    23.3728    23.3709     9.5108     8.8794    290.428    271.149     2.9158     2.5971     0.0586     0.4402     3.1978     0.8168     0.0000 -124.90706   47.95390      85.25         14  0.000e+00
      40809   1700.333      3.333      3.361    15.5070    15.5082  39.811359  39.810283    15.5065    15.5077    31.7688    31.7669    23.3726    23.3709     9.5058     8.8793    290.277    271.145     2.9145     2.5971     0.0598     0.4707     3.1978     0.8181     0.0000 -124.90706   47.95390      85.25         14  0.000e+00
      40810   1700.375      3.333      3.361    15.5069    15.5079  39.811226  39.810482    15.5064    15.5074    31.7688    31.7673    23.3727    23.3713     9.5059     8.8793    290.278    271.146     2.9145     2.5971     0.0586     0.4402     3.1978     0.8181     0.0000 -124.90706   47.95390      85.25         14  0.000e+00
      40811   1700.417      3.333      3.361    15.5064    15.5079  39.811557  39.810614    15.5059    15.5074    31.7695    31.7674    23.3733    23.3714     9.5059     8.8845    290.280    271.304     2.9145     2.5983     0.0586     0.4402     3.1978     0.8181     0.0000 -124.90706   47.95390      85.40         14  0.000e+00
      40812   1700.458      3.287      3.315    15.5064    15.5079  39.811557  39.810085    15.5059    15.5074    31.7695    31.7670    23.3733    23.3711     9.5011     8.8793    290.132    271.145     2.9133     2.5971     0.0598     0.4707     3.1954     0.8181     0.0000 -124.90706   47.95390      85.52         14  0.000e+00
      40813   1700.500      3.333      3.361    15.5062    15.5079  39.811094  39.810151    15.5057    15.5074    31.7692    31.7670    23.3732    23.3711     9.5012     8.8794    290.135    271.147     2.9133     2.5971     0.0586     0.4402     3.1966     0.8181     0.0000 -124.90706   47.95390      85.57         14  0.000e+00
      40814   1700.542      3.287      3.315    15.5064    15.5081  39.810829  39.810481    15.5059    15.5076    31.7689    31.7672    23.3728    23.3712     9.5011     8.8844    290.133    271.302     2.9133     2.5983     0.0598     0.4707     3.1966     0.8181     0.0000 -124.90706   47.95390      85.54         14  0.000e+00
      40815   1700.583      3.247      3.275    15.5062    15.5077  39.810697  39.810084    15.5057    15.5072    31.7689    31.7671    23.3729    23.3712     9.5011     8.8793    290.133    271.145     2.9133     2.5971     0.0598     0.4707     3.1954     0.8168     0.0000 -124.90706   47.95390      85.54         14  0.000e+00
      40816   1700.625      3.234      3.261    15.5064    15.5077  39.811226  39.810746    15.5059    15.5072    31.7692    31.7677    23.3731    23.3717     9.5011     8.8844    290.131    271.301     2.9133     2.5983     0.0586     0.4402     3.1966     0.8181     0.0000 -124.90706   47.95390      85.54         14  0.000e+00
      40817   1700.667      3.287      3.315    15.5064    15.5074  39.810961  39.810217    15.5059    15.5069    31.7690    31.7675    23.3729    23.3716     9.5011     8.8794    290.133    271.147     2.9133     2.5971     0.0598     0.4707     3.1966     0.8168     0.0000 -124.90706   47.95390      85.64         14  0.000e+00
      40818   1700.708      3.188      3.215    15.5064    15.5077  39.810961  39.809952    15.5059    15.5072    31.7690    31.7670    23.3730    23.3711     9.4962     8.8792    289.983    271.143     2.9121     2.5971     0.0586     0.4402     3.1978     0.8181     0.0000 -124.90706   47.95390      85.76         14  0.000e+00
      40819   1700.750      3.188      3.215    15.5062    15.5077  39.810564  39.809952    15.5057    15.5072    31.7688    31.7670    23.3728    23.3711     9.4963     8.8792    289.985    271.143     2.9121     2.5971     0.0586     0.4402     3.1966     0.8168     0.0000 -124.90706   47.95390      85.79         14  0.000e+00
      40820   1700.792      3.188      3.215    15.5064    15.5075  39.810630  39.810150    15.5059    15.5071    31.7687    31.7674    23.3727    23.3714     9.4962     8.8844    289.984    271.301     2.9121     2.5983     0.0598     0.4707     3.1966     0.8168     0.0000 -124.90706   47.95390      85.76         14  0.000e+00
      40821   1700.833      3.188      3.215    15.5060    15.5075  39.810498  39.810481    15.5056    15.5071    31.7689    31.7677    23.3729    23.3716     9.4963     8.8844    289.986    271.301     2.9121     2.5983     0.0586     0.4402     3.1966     0.8181     0.0000 -124.90706   47.95390      85.76         14  0.000e+00
      40822   1700.875      3.135      3.161    15.5062    15.5077  39.811159  39.810084    15.5057    15.5072    31.7694    31.7672    23.3733    23.3712     9.4962     8.8843    289.982    271.299     2.9121     2.5983     0.0598     0.4707     3.1966     0.8168     0.0000 -124.90706   47.95390      85.76         14  0.000e+00
      40823   1700.917      3.135      3.161    15.5059    15.5075  39.810961  39.810150    15.5054    15.5071    31.7695    31.7674    23.3734    23.3714     9.5010     8.8792    290.130    271.141     2.9133     2.5971     0.0586     0.4402     3.1966     0.8181     0.0000 -124.90706   47.95390      85.79         14  0.000e+00
      40824   1700.958      3.135      3.161    15.5060    15.5074  39.810696  39.809753    15.5056    15.5069    31.7691    31.7672    23.3731    23.3713     9.4962     8.8844    289.983    271.301     2.9121     2.5983     0.0598     0.4707     3.1966     0.8168     0.0000 -124.90706   47.95390      85.81         14  0.000e+00
      40825   1701.000      3.102      3.128    15.5057    15.5075  39.810233  39.809819    15.5052    15.5071    31.7690    31.7671    23.3730    23.3712     9.4963     8.8843    289.984    271.299     2.9121     2.5983     0.0611     0.5013     3.1954     0.8181     0.0000 -124.90706   47.95390      85.81         14  0.000e+00
