West Coast/WCOA-7/CTD_Data/RB2102_CTD_020_01.ros
* Sea-Bird SBE 9 Data File:
* FileName = C:\Users\scs.user.rb\CTD\RB2102\Data\RB2102_CTD_020_01.hex
* Software Version Seasave V 7.26.7.107
* Temperature SN = 6202
* Conductivity SN = 4907
* Number of Bytes Per Scan = 41
* Number of Voltage Words = 4
* Number of Scans Averaged by the Deck Unit = 1
* NMEA Latitude = 48 07.87 N
* NMEA Longitude = 125 10.49 W
* NMEA UTC (Time) = Jun 28 2021  23:06:56
* NMEA baud rate = 4800
# nquan = 30
# nvalues = 879                                   
# units = specified
# name 0 = scan: Scan Count
# name 1 = timeS: Time, Elapsed [seconds]
# name 2 = depSM: Depth [salt water, m]
# name 3 = prDM: Pressure, Digiquartz [db]
# name 4 = t090C: Temperature [ITS-90, deg C]
# name 5 = t190C: Temperature, 2 [ITS-90, deg C]
# name 6 = c0mS/cm: Conductivity [mS/cm]
# name 7 = c1mS/cm: Conductivity, 2 [mS/cm]
# name 8 = potemp090C: Potential Temperature [ITS-90, deg C]
# name 9 = potemp190C: Potential Temperature, 2 [ITS-90, deg C]
# name 10 = sal00: Salinity, Practical [PSU]
# name 11 = sal11: Salinity, Practical, 2 [PSU]
# name 12 = sigma-é00: Density [sigma-theta, kg/m^3]
# name 13 = sigma-é11: Density, 2 [sigma-theta, kg/m^3]
# name 14 = sbeox0Mg/L: Oxygen, SBE 43 [mg/l]
# name 15 = sbeox1Mg/L: Oxygen, SBE 43, 2 [mg/l]
# name 16 = sbox0Mm/Kg: Oxygen, SBE 43 [umol/kg]
# name 17 = sbox1Mm/Kg: Oxygen, SBE 43, 2 [umol/kg]
# name 18 = sbeox0V: Oxygen raw, SBE 43 [V]
# name 19 = sbeox1V: Oxygen raw, SBE 43, 2 [V]
# name 20 = v4: Voltage 4
# name 21 = flECO-AFL: Fluorescence, WET Labs ECO-AFL/FL [mg/m^3]
# name 22 = v3: Voltage 3
# name 23 = v6: Voltage 6
# name 24 = v7: Voltage 7
# name 25 = longitude: Longitude [deg]
# name 26 = latitude: Latitude [deg]
# name 27 = altM: Altimeter [m]
# name 28 = nbf: Bottles Fired
# name 29 = flag:  0.000e+00
# interval = seconds: 0.0416667
# start_time = Jun 28 2021 23:06:56 [NMEA time, header]
# bad_flag = -9.990e-29
*END*
[from data line 677]
      54791   2282.917     20.033     20.204     9.8162     9.8015  35.480951  35.468157     9.8140     9.7993    32.4990    32.4992    25.0303    25.0328     7.1391     6.9797    217.653    212.790     2.1038     1.9548     0.0647     0.5928     3.4542     1.2430     0.0147 -125.17456   48.13106      99.32         14  0.000e+00
      54792   2282.958     20.033     20.204     9.8154     9.7999  35.480256  35.467399     9.8132     9.7977    32.4990    32.4999    25.0304    25.0337     7.1392     6.9740    217.657    212.618     2.1038     1.9536     0.0635     0.5623     3.4542     1.2430     0.0147 -125.17456   48.13106      99.32         14  0.000e+00
      54793   2283.000     20.033     20.204     9.8147     9.7992  35.479118  35.467210     9.8125     9.7970    32.4985    32.5004    25.0301    25.0341     7.1394     6.9800    217.661    212.800     2.1038     1.9548     0.0647     0.5928     3.4542     1.2430     0.0147 -125.17456   48.13106      99.32         14  0.000e+00
      54794   2283.042     20.033     20.204     9.8126     9.7990  35.476905  35.467905     9.8104     9.7968    32.4981    32.5012    25.0302    25.0348     7.1451     6.9800    217.836    212.800     2.1050     1.9548     0.0635     0.5623     3.4542     1.2430     0.0147 -125.17456   48.13106      99.32         14  0.000e+00
      54795   2283.083     20.079     20.251     9.8101     9.7994  35.474630  35.468158     9.8079     9.7971    32.4980    32.5012    25.0305    25.0347     7.1456     6.9800    217.850    212.800     2.1050     1.9548     0.0647     0.5928     3.4542     1.2430     0.0147 -125.17456   48.13106      99.32         14  0.000e+00
      54796   2283.125     20.086     20.257     9.8087     9.8000  35.474314  35.468157     9.8064     9.7978    32.4990    32.5006    25.0315    25.0341     7.1458     6.9799    217.856    212.797     2.1050     1.9548     0.0635     0.5623     3.4542     1.2430     0.0147 -125.17456   48.13106      99.32         14  0.000e+00
      57054   2377.208     14.854     14.980    10.6798    10.6219  35.958929  35.907961    10.6781    10.6202    32.2122    32.2124    24.6613    24.6715     9.3742     9.1661    285.897    279.548     2.6496     2.4444     0.1074     1.6612     3.4505     1.0794     0.0147 -125.17450   48.13102      99.71         15  0.000e+00
      57055   2377.250     14.907     15.033    10.6804    10.6103  35.955243  35.904027    10.6787    10.6086    32.2079    32.2187    24.6579    24.6784     9.3797     9.1683    286.065    279.613     2.6508     2.4444     0.1087     1.6917     3.4493     1.0794     0.0147 -125.17450   48.13102      99.68         15  0.000e+00
      57056   2377.292     14.768     14.893    10.6740    10.6162  35.947744  35.912088    10.6723    10.6145    32.2061    32.2216    24.6576    24.6796     9.3810     9.1667    286.104    279.564     2.6508     2.4444     0.1087     1.6917     3.4493     1.0794     0.0147 -125.17450   48.13102      99.71         15  0.000e+00
      57057   2377.333     14.907     15.033    10.6681    10.6261  35.942598  35.919642    10.6664    10.6243    32.2062    32.2204    24.6587    24.6770     9.3824     9.1648    286.147    279.507     2.6508     2.4444     0.1074     1.6612     3.4493     1.0794     0.0147 -125.17450   48.13102      99.68         15  0.000e+00
      57058   2377.375     14.860     14.987    10.6628    10.6309  35.940629  35.920974    10.6611    10.6292    32.2089    32.2174    24.6617    24.6738     9.3833     9.1639    286.174    279.480     2.6508     2.4444     0.1087     1.6917     3.4493     1.0794     0.0147 -125.17450   48.13102      99.68         15  0.000e+00
      57059   2377.417     14.854     14.980    10.6597    10.6237  35.940121  35.913167    10.6580    10.6220    32.2111    32.2161    24.6640    24.6740     9.3838     9.1655    286.189    279.529     2.6508     2.4444     0.1087     1.6917     3.4505     1.0794     0.0147 -125.17450   48.13102      99.71         15  0.000e+00
      57060   2377.458     14.854     14.980    10.6551    10.6108  35.938342  35.901425    10.6534    10.6091    32.2134    32.2157    24.6666    24.6760     9.3846     9.1625    286.214    279.438     2.6508     2.4432     0.1087     1.6917     3.4505     1.0794     0.0147 -125.17450   48.13102      99.71         15  0.000e+00
      57061   2377.500     14.860     14.987    10.6530    10.5981  35.937008  35.891525    10.6512    10.5964    32.2140    32.2171    24.6674    24.6792     9.3903     9.1652    286.388    279.518     2.6520     2.4432     0.1087     1.6917     3.4505     1.0794     0.0147 -125.17450   48.13102      99.71         15  0.000e+00
      57062   2377.542     14.854     14.980    10.6541    10.5877  35.939168  35.884291    10.6524    10.5860    32.2151    32.2190    24.6681    24.6825     9.3900     9.1673    286.378    279.582     2.6520     2.4432     0.1074     1.6612     3.4493     1.0794     0.0147 -125.17450   48.13102      99.71         15  0.000e+00
      57063   2377.583     14.854     14.980    10.6584    10.5827  35.943870  35.882134    10.6567    10.5809    32.2160    32.2213    24.6680    24.6852     9.3838     9.1683    286.187    279.610     2.6508     2.4432     0.1087     1.6917     3.4505     1.0794     0.0147 -125.17450   48.13102      99.71         15  0.000e+00
      57064   2377.625     14.860     14.987    10.6648    10.5890  35.948635  35.889114    10.6631    10.5873    32.2151    32.2227    24.6662    24.6851     9.3878     9.1610    286.310    279.390     2.6520     2.4420     0.1074     1.6612     3.4505     1.0794     0.0147 -125.17450   48.13102      99.71         15  0.000e+00
      57065   2377.667     14.854     14.980    10.6693    10.6077  35.950351  35.905487    10.6675    10.6059    32.2129    32.2226    24.6637    24.6818     9.3870     9.1628    286.286    279.445     2.6520     2.4432     0.1087     1.6917     3.4493     1.0781     0.0147 -125.17450   48.13102      99.71         15  0.000e+00
      57066   2377.708     14.860     14.987    10.6706    10.6290  35.949969  35.923959    10.6689    10.6272    32.2113    32.2222    24.6623    24.6779     9.3868     9.1525    286.280    279.131     2.6520     2.4420     0.1087     1.6917     3.4505     1.0781     0.0147 -125.17450   48.13102      99.71         15  0.000e+00
      57067   2377.750     14.907     15.034    10.6699    10.6524  35.949016  35.941036    10.6682    10.6506    32.2110    32.2185    24.6621    24.6710     9.3870     9.1477    286.287    278.988     2.6520     2.4420     0.1087     1.6917     3.4505     1.0781     0.0147 -125.17450   48.13102      99.71         15  0.000e+00
      57068   2377.792     14.854     14.980    10.6699    10.6706  35.949779  35.952020    10.6682    10.6688    32.2117    32.2134    24.6627    24.6639     9.3869     9.1441    286.284    278.879     2.6520     2.4420     0.1087     1.6917     3.4493     1.0781     0.0147 -125.17450   48.13102      99.71         15  0.000e+00
      57069   2377.833     14.861     14.987    10.6723    10.6781  35.952066  35.956529    10.6705    10.6763    32.2119    32.2113    24.6625    24.6609     9.3864     9.1426    286.269    278.834     2.6520     2.4420     0.1123     1.7833     3.4493     1.0781     0.0147 -125.17450   48.13102      99.71         15  0.000e+00
      57070   2377.875     14.907     15.034    10.6755    10.6847  35.954862  35.959894    10.6738    10.6830    32.2118    32.2087    24.6618    24.6578     9.3858     9.1356    286.250    278.622     2.6520     2.4408     0.1172     1.9054     3.4505     1.0781     0.0147 -125.17450   48.13102      99.71         15  0.000e+00
      57071   2377.917     14.814     14.940    10.6773    10.6927  35.954163  35.965673    10.6756    10.6909    32.2096    32.2075    24.6597    24.6555     9.3854     9.1397    286.239    278.745     2.6520     2.4420     0.1172     1.9054     3.4493     1.0781     0.0147 -125.17450   48.13102      99.71         15  0.000e+00
      57072   2377.958     14.907     15.034    10.6759    10.6937  35.950922  35.966182    10.6741    10.6919    32.2076    32.2071    24.6585    24.6550     9.3859     9.1396    286.256    278.743     2.6520     2.4420     0.1172     1.9054     3.4493     1.0781     0.0147 -125.17450   48.13102      99.71         15  0.000e+00
      57073   2378.000     14.907     15.034    10.6729    10.6889  35.946982  35.961291    10.6712    10.6871    32.2063    32.2065    24.6580    24.6554     9.3866     9.1349    286.278    278.600     2.6520     2.4408     0.1172     1.9054     3.4505     1.0781     0.0147 -125.17450   48.13102      99.71         15  0.000e+00
      57074   2378.042     14.861     14.987    10.6686    10.6795  35.942153  35.953480    10.6669    10.6777    32.2053    32.2070    24.6579    24.6574     9.3876     9.1368    286.306    278.658     2.6520     2.4408     0.1172     1.9054     3.4505     1.0794     0.0147 -125.17450   48.13102      99.71         15  0.000e+00
      57075   2378.083     14.907     15.034    10.6637    10.6712  35.938786  35.946686    10.6620    10.6695    32.2063    32.2075    24.6595    24.6592     9.3886     9.1386    286.337    278.712     2.6520     2.4408     0.1172     1.9054     3.4505     1.0781     0.0147 -125.17450   48.13102      99.71         15  0.000e+00
      57076   2378.125     14.907     15.034    10.6597    10.6600  35.938087  35.941035    10.6579    10.6582    32.2091    32.2118    24.6624    24.6645     9.3893     9.1408    286.357    278.777     2.6520     2.4408     0.1172     1.9054     3.4505     1.0781     0.0147 -125.17450   48.13102      99.71         15  0.000e+00
      57077   2378.167     14.814     14.940    10.6592    10.6492  35.938532  35.934686    10.6575    10.6474    32.2100    32.2150    24.6632    24.6688     9.3892     9.1428    286.354    278.837     2.6520     2.4408     0.1172     1.9054     3.4493     1.0781     0.0147 -125.17450   48.13102      99.71         15  0.000e+00
      57078   2378.208     14.907     15.034    10.6584    10.6387  35.939168  35.927958    10.6567    10.6370    32.2113    32.2175    24.6644    24.6726     9.3841     9.1450    286.199    278.903     2.6508     2.4408     0.1172     1.9054     3.4493     1.0781     0.0147 -125.17450   48.13102      99.71         15  0.000e+00
      57079   2378.250     14.914     15.041    10.6571    10.6311  35.939104  35.923197    10.6553    10.6293    32.2124    32.2195    24.6654    24.6754     9.3843     9.1465    286.205    278.949     2.6508     2.4408     0.1172     1.9054     3.4493     1.0781     0.0147 -125.17450   48.13102      99.71         15  0.000e+00
      57080   2378.292     14.854     14.981    10.6551    10.6306  35.939359  35.922879    10.6534    10.6288    32.2144    32.2197    24.6674    24.6756     9.3846     9.1408    286.212    278.774     2.6508     2.4396     0.1172     1.9054     3.4493     1.0781     0.0147 -125.17450   48.13102      99.71         15  0.000e+00
      57081   2378.333     14.907     15.034    10.6549    10.6397  35.939359  35.929862    10.6532    10.6380    32.2146    32.2185    24.6675    24.6732     9.3847     9.1389    286.214    278.719     2.6508     2.4396     0.1172     1.9054     3.4493     1.0781     0.0147 -125.17450   48.13102      99.71         15  0.000e+00
      57082   2378.375     14.914     15.041    10.6558    10.6542  35.938406  35.940147    10.6540    10.6524    32.2129    32.2160    24.6660    24.6688     9.3793     9.1418    286.051    278.806     2.6496     2.4408     0.1172     1.9054     3.4493     1.0781     0.0147 -125.17450   48.13102      99.71         15  0.000e+00
      57083   2378.417     14.907     15.034    10.6528    10.6634  35.935864  35.945734    10.6511    10.6617    32.2129    32.2134    24.6666    24.6651     9.3799     9.1342    286.070    278.575     2.6496     2.4396     0.1172     1.9054     3.4493     1.0781     0.0147 -125.17450   48.13102      99.71         15  0.000e+00
      57084   2378.458     14.861     14.987    10.6512    10.6641  35.936690  35.945480    10.6494    10.6623    32.2153    32.2126    24.6687    24.6644     9.3801     9.1340    286.074    278.571     2.6496     2.4396     0.1172     1.9054     3.4493     1.0781     0.0147 -125.17450   48.13102      99.68         15  0.000e+00
      57085   2378.500     14.907     15.034    10.6528    10.6627  35.939295  35.944147    10.6511    10.6610    32.2164    32.2124    24.6693    24.6645     9.3797     9.1344    286.063    278.582     2.6496     2.4396     0.1172     1.9054     3.4505     1.0781     0.0147 -125.17450   48.13102      99.71         15  0.000e+00
      57086   2378.542     14.907     15.034    10.6550    10.6589  35.940947  35.941861    10.6532    10.6572    32.2161    32.2135    24.6687    24.6660     9.3793     9.1351    286.050    278.604     2.6496     2.4396     0.1172     1.9054     3.4493     1.0781     0.0147 -125.17450   48.13102      99.71         15  0.000e+00
      57087   2378.583     14.914     15.041    10.6558    10.6549  35.938596  35.936274    10.6540    10.6531    32.2131    32.2116    24.6662    24.6652     9.3793     9.1361    286.051    278.635     2.6496     2.4396     0.1172     1.9054     3.4493     1.0781     0.0147 -125.17450   48.13102      99.71         15  0.000e+00
      57088   2378.625     14.907     15.034    10.6543    10.6385  35.936372  35.924275    10.6525    10.6368    32.2122    32.2140    24.6657    24.6699     9.3796     9.1395    286.062    278.736     2.6496     2.4396     0.1172     1.9054     3.4493     1.0781     0.0147 -125.17450   48.13102      99.71         15  0.000e+00
      57089   2378.667     14.914     15.041    10.6517    10.6225  35.934403  35.911072    10.6499    10.6208    32.2125    32.2150    24.6664    24.6734     9.3749     9.1486    285.917    279.014     2.6484     2.4408     0.1172     1.9054     3.4505     1.0769     0.0147 -125.17450   48.13102      99.71         15  0.000e+00
      57090   2378.708     14.907     15.034    10.6475    10.6098  35.932434  35.900346    10.6458    10.6081    32.2142    32.2155    24.6685    24.6760     9.3809     9.1513    286.101    279.095     2.6496     2.4408     0.1172     1.9054     3.4505     1.0769     0.0147 -125.17450   48.13102      99.71         15  0.000e+00
      57091   2378.750     14.954     15.081    10.6449    10.5978  35.930782  35.891398    10.6432    10.5960    32.2148    32.2172    24.6694    24.6793     9.3762     9.1538    285.957    279.171     2.6484     2.4408     0.1172     1.9054     3.4493     1.0769     0.0147 -125.17450   48.13102      99.71         15  0.000e+00
      57092   2378.792     14.914     15.041    10.6428    10.5873  35.928749  35.884862    10.6411    10.5856    32.2147    32.2199    24.6697    24.6833     9.3766     9.1559    285.969    279.233     2.6484     2.4408     0.1172     1.9054     3.4493     1.0769     0.0147 -125.17450   48.13102      99.68         15  0.000e+00
      57093   2378.833     14.907     15.034    10.6413    10.5808  35.928622  35.881627    10.6396    10.5791    32.2159    32.2224    24.6709    24.6863     9.3769     9.1571    285.976    279.270     2.6484     2.4408     0.1172     1.9054     3.4493     1.0769     0.0147 -125.17450   48.13102      99.71         15  0.000e+00
      57094   2378.875     14.954     15.081    10.6416    10.5765  35.930719  35.880104    10.6399    10.5748    32.2177    32.2247    24.6722    24.6888     9.3767     9.1637    285.972    279.471     2.6484     2.4420     0.1172     1.9054     3.4493     1.0769     0.0147 -125.17450   48.13102      99.68         15  0.000e+00
      57095   2378.917     14.914     15.041    10.6433    10.5773  35.931862  35.883087    10.6416    10.5756    32.2173    32.2270    24.6716    24.6905     9.3764     9.1634    285.960    279.459     2.6484     2.4420     0.1136     1.8138     3.4493     1.0769     0.0147 -125.17450   48.13102      99.71         15  0.000e+00
