West Coast/WCOA-7/CTD_Data/RB2102_CTD_090_01.ros
* Sea-Bird SBE 9 Data File:
* FileName = C:\Users\scs.user.rb\CTD\RB2102\Data\RB2102_CTD_090_01.hex
* Software Version Seasave V 7.26.7.107
* Temperature SN = 6202
* Conductivity SN = 4907
* Number of Bytes Per Scan = 41
* Number of Voltage Words = 4
* Number of Scans Averaged by the Deck Unit = 1
* NMEA Latitude = 37 48.61 N
* NMEA Longitude = 122 30.93 W
* NMEA UTC (Time) = Jul 12 2021  21:28:41
* NMEA baud rate = 4800
# nquan = 30
# nvalues = 485                                   
# units = specified
# name 0 = scan: Scan Count
# name 1 = timeS: Time, Elapsed [seconds]
# name 2 = depSM: Depth [salt water, m]
# name 3 = prDM: Pressure, Digiquartz [db]
# name 4 = t090C: Temperature [ITS-90, deg C]
# name 5 = t190C: Temperature, 2 [ITS-90, deg C]
# name 6 = c0mS/cm: Conductivity [mS/cm]
# name 7 = c1mS/cm: Conductivity, 2 [mS/cm]
# name 8 = potemp090C: Potential Temperature [ITS-90, deg C]
# name 9 = potemp190C: Potential Temperature, 2 [ITS-90, deg C]
# name 10 = sal00: Salinity, Practical [PSU]
# name 11 = sal11: Salinity, Practical, 2 [PSU]
# name 12 = sigma-é00: Density [sigma-theta, kg/m^3]
# name 13 = sigma-é11: Density, 2 [sigma-theta, kg/m^3]
# name 14 = sbeox0Mg/L: Oxygen, SBE 43 [mg/l]
# name 15 = sbeox1Mg/L: Oxygen, SBE 43, 2 [mg/l]
# name 16 = sbox0Mm/Kg: Oxygen, SBE 43 [umol/kg]
# name 17 = sbox1Mm/Kg: Oxygen, SBE 43, 2 [umol/kg]
# name 18 = sbeox0V: Oxygen raw, SBE 43 [V]
# name 19 = sbeox1V: Oxygen raw, SBE 43, 2 [V]
# name 20 = v4: Voltage 4
# name 21 = flECO-AFL: Fluorescence, WET Labs ECO-AFL/FL [mg/m^3]
# name 22 = v3: Voltage 3
# name 23 = v6: Voltage 6
# name 24 = v7: Voltage 7
# name 25 = longitude: Longitude [deg]
# name 26 = latitude: Latitude [deg]
# name 27 = altM: Altimeter [m]
# name 28 = nbf: Bottles Fired
# name 29 = flag:  0.000e+00
# interval = seconds: 0.0416667
# start_time = Jul 12 2021 21:28:41 [NMEA time, header]
# bad_flag = -9.990e-29
*END*
[from data line 291]
      23048    960.292      9.737      9.810    15.7375    15.7390  41.415689  41.417738    15.7360    15.7375    33.0042    33.0047    24.2720    24.2721     7.0159     7.2407    214.053    220.913     2.2991     2.2308     0.1368     2.3938     3.2918     0.1294     0.1490 -122.51558   37.80994      28.82          6  0.000e+00
      23049    960.333      9.737      9.810    15.7370    15.7386  41.415487  41.417872    15.7354    15.7371    33.0044    33.0052    24.2723    24.2726     7.0159     7.2459    214.055    221.071     2.2991     2.2320     0.1355     2.3633     3.2906     0.1294     0.1490 -122.51558   37.80994      28.82          6  0.000e+00
      23050    960.375      9.697      9.770    15.7367    15.7387  41.415084  41.418007    15.7352    15.7372    33.0042    33.0052    24.2723    24.2726     7.0159     7.2407    214.055    220.913     2.2991     2.2308     0.1368     2.3938     3.2918     0.1294     0.1490 -122.51558   37.80994      28.82          6  0.000e+00
      25758   1073.208      5.039      5.076    16.0113    16.0120  41.586117  41.588080    16.0105    16.0112    32.9290    32.9302    24.1527    24.1534     7.0753     7.3155    215.892    223.220     2.3248     2.2589     0.1465     2.6380     3.2882     0.6374     0.5824 -122.51554   37.80990      33.21          7  0.000e+00
      25759   1073.250      5.039      5.076    16.0110    16.0112  41.585713  41.587945    16.0102    16.0104    32.9289    32.9307    24.1527    24.1540     7.0754     7.3156    215.894    223.222     2.3248     2.2589     0.1465     2.6380     3.2869     0.6361     0.5824 -122.51554   37.80990      33.21          7  0.000e+00
      25760   1073.292      5.039      5.076    16.0113    16.0108  41.586387  41.587339    16.0105    16.0100    32.9293    32.9305    24.1529    24.1540     7.0753     7.3156    215.892    223.225     2.3248     2.2589     0.1465     2.6380     3.2869     0.6361     0.5824 -122.51554   37.80990      33.21          7  0.000e+00
      25761   1073.333      4.939      4.976    16.0109    16.0105  41.585847  41.587204    16.0102    16.0097    32.9291    32.9306    24.1529    24.1542     7.0753     7.3156    215.891    223.223     2.3248     2.2589     0.1465     2.6380     3.2869     0.6361     0.5824 -122.51554   37.80990      33.21          7  0.000e+00
      25762   1073.375      5.005      5.043    16.0107    16.0103  41.585309  41.586935    16.0099    16.0096    32.9288    32.9305    24.1527    24.1541     7.0754     7.3157    215.894    223.226     2.3248     2.2589     0.1465     2.6380     3.2869     0.6361     0.5824 -122.51554   37.80990      33.21          7  0.000e+00
      25763   1073.417      5.039      5.076    16.0104    16.0101  41.585444  41.587070    16.0096    16.0093    32.9291    32.9308    24.1530    24.1544     7.0754     7.3157    215.896    223.227     2.3248     2.2589     0.1465     2.6380     3.2882     0.6374     0.5824 -122.51554   37.80990      33.26          7  0.000e+00
      25764   1073.458      5.039      5.076    16.0103    16.0097  41.585309  41.586666    16.0095    16.0089    32.9291    32.9308    24.1530    24.1545     7.0802     7.3158    216.040    223.229     2.3260     2.2589     0.1465     2.6380     3.2869     0.6361     0.5824 -122.51554   37.80990      33.28          7  0.000e+00
      25765   1073.500      5.039      5.076    16.0104    16.0097  41.585242  41.586734    16.0096    16.0090    32.9290    32.9308    24.1529    24.1545     7.0754     7.3158    215.896    223.229     2.3248     2.2589     0.1465     2.6380     3.2869     0.6361     0.5824 -122.51554   37.80990      33.28          7  0.000e+00
      25766   1073.542      5.091      5.130    16.0098    16.0095  41.585242  41.586868    16.0090    16.0087    32.9295    32.9311    24.1534    24.1548     7.0756     7.3158    215.900    223.231     2.3248     2.2589     0.1465     2.6380     3.2869     0.6349     0.5824 -122.51554   37.80990      33.28          7  0.000e+00
      25767   1073.583      5.039      5.076    16.0094    16.0084  41.584433  41.586599    16.0086    16.0076    32.9291    32.9318    24.1532    24.1556     7.0803     7.3159    216.044    223.234     2.3260     2.2589     0.1465     2.6380     3.2882     0.6374     0.5824 -122.51554   37.80990      33.28          7  0.000e+00
      25768   1073.625      5.039      5.076    16.0079    16.0090  41.583356  41.587003    16.0071    16.0082    32.9294    32.9317    24.1538    24.1553     7.0805     7.3158    216.050    223.231     2.3260     2.2589     0.1465     2.6380     3.2882     0.6386     0.5824 -122.51554   37.80990      33.28          7  0.000e+00
      25769   1073.667      5.091      5.130    16.0070    16.0101  41.583626  41.587474    16.0062    16.0093    32.9304    32.9312    24.1547    24.1547     7.0806     7.3157    216.054    223.228     2.3260     2.2589     0.1465     2.6380     3.2869     0.6386     0.5812 -122.51554   37.80990      33.26          7  0.000e+00
      25770   1073.708      5.052      5.090    16.0070    16.0105  41.583491  41.587272    16.0063    16.0097    32.9302    32.9307    24.1546    24.1542     7.0759     7.3157    215.909    223.226     2.3248     2.2589     0.1465     2.6380     3.2882     0.6374     0.5812 -122.51554   37.80990      33.26          7  0.000e+00
      25771   1073.750      5.039      5.076    16.0074    16.0106  41.583154  41.587205    16.0066    16.0098    32.9296    32.9305    24.1541    24.1541     7.0758     7.3106    215.908    223.070     2.3248     2.2576     0.1465     2.6380     3.2882     0.6374     0.5812 -122.51554   37.80990      33.26          7  0.000e+00
      25772   1073.792      5.138      5.177    16.0078    16.0107  41.583626  41.587205    16.0070    16.0099    32.9297    32.9304    24.1540    24.1540     7.0759     7.3157    215.909    223.228     2.3248     2.2589     0.1465     2.6380     3.2869     0.6374     0.5812 -122.51554   37.80988      33.26          7  0.000e+00
      25773   1073.833      5.091      5.130    16.0082    16.0110  41.584030  41.587407    16.0074    16.0102    32.9297    32.9303    24.1539    24.1538     7.0758     7.3106    215.906    223.070     2.3248     2.2576     0.1465     2.6380     3.2882     0.6374     0.5824 -122.51554   37.80988      33.26          7  0.000e+00
      25774   1073.875      5.091      5.130    16.0084    16.0110  41.584703  41.587272    16.0076    16.0102    32.9301    32.9303    24.1542    24.1538     7.0757     7.3157    215.904    223.226     2.3248     2.2589     0.1465     2.6380     3.2882     0.6361     0.5812 -122.51554   37.80988      33.26          7  0.000e+00
      25775   1073.917      5.091      5.130    16.0086    16.0103  41.584569  41.587205    16.0078    16.0095    32.9299    32.9307    24.1540    24.1543     7.0757     7.3157    215.904    223.228     2.3248     2.2589     0.1465     2.6380     3.2869     0.6361     0.5824 -122.51554   37.80988      33.24          7  0.000e+00
      25776   1073.958      5.092      5.130    16.0086    16.0099  41.584232  41.586599    16.0078    16.0091    32.9295    32.9305    24.1537    24.1542     7.0757     7.3158    215.904    223.230     2.3248     2.2589     0.1465     2.6380     3.2869     0.6361     0.5812 -122.51554   37.80988      33.24          7  0.000e+00
      25777   1074.000      5.105      5.143    16.0084    16.0095  41.584164  41.586465    16.0076    16.0087    32.9297    32.9308    24.1539    24.1545     7.0758     7.3159    215.906    223.232     2.3248     2.2589     0.1465     2.6380     3.2882     0.6349     0.5812 -122.51554   37.80988      33.24          7  0.000e+00
      25778   1074.042      5.138      5.177    16.0086    16.0096  41.584165  41.585926    16.0078    16.0088    32.9295    32.9302    24.1537    24.1540     7.0758     7.3159    215.906    223.233     2.3248     2.2589     0.1465     2.6380     3.2869     0.6349     0.5812 -122.51554   37.80988      33.24          7  0.000e+00
      25779   1074.083      5.091      5.130    16.0092    16.0091  41.584366  41.585791    16.0084    16.0084    32.9292    32.9305    24.1533    24.1543     7.0804     7.3159    216.046    223.234     2.3260     2.2589     0.1465     2.6380     3.2882     0.6349     0.5800 -122.51554   37.80988      33.24          7  0.000e+00
      25780   1074.125      5.138      5.177    16.0094    16.0086  41.584501  41.585792    16.0086    16.0078    32.9291    32.9309    24.1532    24.1548     7.0804     7.3160    216.046    223.237     2.3260     2.2589     0.1465     2.6380     3.2882     0.6349     0.5800 -122.51554   37.80988      33.24          7  0.000e+00
      25781   1074.167      5.091      5.130    16.0091    16.0086  41.583693  41.585791    16.0083    16.0078    32.9287    32.9309    24.1529    24.1548     7.0804     7.3160    216.047    223.235     2.3260     2.2589     0.1465     2.6380     3.2882     0.6349     0.5800 -122.51554   37.80988      33.21          7  0.000e+00
      25782   1074.208      5.138      5.177    16.0072    16.0090  41.583154  41.585791    16.0064    16.0082    32.9297    32.9306    24.1542    24.1545     7.0806     7.3160    216.055    223.236     2.3260     2.2589     0.1465     2.6380     3.2882     0.6337     0.5800 -122.51554   37.80988      33.21          7  0.000e+00
      25783   1074.250      5.138      5.177    16.0051    16.0089  41.582279  41.585792    16.0043    16.0081    32.9307    32.9307    24.1554    24.1545     7.0809     7.3160    216.062    223.236     2.3260     2.2589     0.1465     2.6380     3.2882     0.6325     0.5800 -122.51554   37.80988      33.21          7  0.000e+00
      25784   1074.292      5.151      5.190    16.0033    16.0090  41.581740  41.585994    16.0025    16.0082    32.9317    32.9308    24.1566    24.1546     7.0811     7.3160    216.069    223.236     2.3260     2.2589     0.1465     2.6380     3.2882     0.6325     0.5800 -122.51554   37.80988      33.21          7  0.000e+00
      25785   1074.333      5.138      5.177    16.0035    16.0089  41.581067  41.586128    16.0027    16.0081    32.9310    32.9310    24.1560    24.1548     7.0811     7.3160    216.069    223.235     2.3260     2.2589     0.1465     2.6380     3.2882     0.6325     0.5800 -122.51554   37.80988      33.21          7  0.000e+00
      25786   1074.375      5.138      5.177    16.0009    16.0090  41.578238  41.585590    16.0001    16.0082    32.9306    32.9304    24.1563    24.1543     7.0815     7.3160    216.080    223.236     2.3260     2.2589     0.1465     2.6380     3.2882     0.6313     0.5812 -122.51554   37.80988      33.26          7  0.000e+00
      25787   1074.417      5.184      5.223    15.9963    16.0089  41.574669  41.585926    15.9955    16.0081    32.9313    32.9308    24.1578    24.1546     7.0822     7.3160    216.100    223.237     2.3260     2.2589     0.1465     2.6380     3.2869     0.6313     0.5812 -122.51554   37.80988      33.33          7  0.000e+00
      25788   1074.458      5.138      5.177    15.9926    16.0088  41.572918  41.585859    15.9918    16.0080    32.9328    32.9308    24.1599    24.1547     7.0826     7.3160    216.113    223.236     2.3260     2.2589     0.1465     2.6380     3.2882     0.6313     0.5812 -122.51554   37.80988      33.38          7  0.000e+00
      25789   1074.500      5.138      5.177    15.9908    16.0086  41.572380  41.585994    15.9900    16.0078    32.9339    32.9311    24.1611    24.1550     7.0828     7.3160    216.119    223.237     2.3260     2.2589     0.1465     2.6380     3.2882     0.6313     0.5812 -122.51554   37.80988      33.36          7  0.000e+00
      25790   1074.542      5.184      5.223    15.9895    16.0086  41.571504  41.585859    15.9887    16.0078    32.9341    32.9309    24.1615    24.1548     7.0830     7.3161    216.125    223.238     2.3260     2.2589     0.1465     2.6380     3.2869     0.6313     0.5812 -122.51554   37.80988      33.36          7  0.000e+00
      25791   1074.583      5.138      5.177    15.9898    16.0086  41.572043  41.585994    15.9889    16.0078    32.9344    32.9311    24.1617    24.1550     7.0829     7.3160    216.122    223.237     2.3260     2.2589     0.1465     2.6380     3.2869     0.6398     0.5800 -122.51554   37.80988      33.36          7  0.000e+00
      25792   1074.625      5.197      5.237    15.9909    16.0085  41.573323  41.585590    15.9901    16.0077    32.9345    32.9308    24.1616    24.1548     7.0828     7.3161    216.119    223.239     2.3260     2.2589     0.1453     2.6075     3.2869     0.6496     0.5788 -122.51554   37.80988      33.31          7  0.000e+00
      25793   1074.667      5.184      5.223    15.9923    16.0083  41.573996  41.585657    15.9914    16.0075    32.9340    32.9310    24.1609    24.1549     7.0826     7.3161    216.113    223.239     2.3260     2.2589     0.1441     2.5770     3.2882     0.6545     0.5775 -122.51554   37.80988      33.26          7  0.000e+00
      25794   1074.708      5.138      5.177    15.9926    16.0080  41.573861  41.585522    15.9918    16.0072    32.9337    32.9311    24.1605    24.1551     7.0872     7.3161    216.255    223.239     2.3272     2.2589     0.1441     2.5770     3.2882     0.6545     0.5775 -122.51554   37.80988      33.24          7  0.000e+00
      25795   1074.750      5.237      5.277    15.9924    16.0076  41.573794  41.585119    15.9916    16.0068    32.9337    32.9311    24.1606    24.1552     7.0874     7.3112    216.258    223.089     2.3272     2.2576     0.1441     2.5770     3.2882     0.6545     0.5775 -122.51554   37.80988      33.24          7  0.000e+00
      25796   1074.792      5.184      5.223    15.9921    16.0058  41.573457  41.583436    15.9913    16.0050    32.9337    32.9311    24.1607    24.1556     7.0874     7.3165    216.258    223.251     2.3272     2.2589     0.1441     2.5770     3.2869     0.6545     0.5775 -122.51554   37.80988      33.24          7  0.000e+00
      25797   1074.833      5.184      5.223    15.9923    16.0027  41.573659  41.581282    15.9914    16.0019    32.9337    32.9318    24.1606    24.1568     7.0873     7.3118    216.257    223.109     2.3272     2.2576     0.1441     2.5770     3.2869     0.6545     0.5775 -122.51554   37.80988      33.24          7  0.000e+00
      25798   1074.875      5.184      5.223    15.9931    15.9996  41.573996  41.579397    15.9923    15.9988    32.9333    32.9327    24.1601    24.1582     7.0872     7.3123    216.254    223.122     2.3272     2.2576     0.1441     2.5770     3.2882     0.6557     0.5775 -122.51554   37.80988      33.26          7  0.000e+00
      25799   1074.917      5.151      5.190    15.9923    15.9972  41.574131  41.578186    15.9915    15.9964    32.9342    32.9336    24.1610    24.1594     7.0873     7.3126    216.256    223.130     2.3272     2.2576     0.1441     2.5770     3.2869     0.6557     0.5775 -122.51554   37.80988      33.28          7  0.000e+00
      25800   1074.958      5.237      5.277    15.9916    15.9968  41.573525  41.578388    15.9908    15.9959    32.9342    32.9342    24.1611    24.1600     7.0875     7.3127    216.261    223.134     2.3272     2.2576     0.1441     2.5770     3.2869     0.6557     0.5775 -122.51554   37.80988      33.28          7  0.000e+00
      25801   1075.000      5.237      5.277    15.9909    15.9974  41.573390  41.578859    15.9901    15.9966    32.9346    32.9340    24.1616    24.1597     7.0875     7.3126    216.263    223.131     2.3272     2.2576     0.1441     2.5770     3.2882     0.6557     0.5775 -122.51554   37.80988      33.28          7  0.000e+00
