West Coast/WCOA-7/CTD_Data/RB2102_CTD_015_01.ros
* Sea-Bird SBE 9 Data File:
* FileName = C:\Users\scs.user.rb\CTD\RB2102\Data\RB2102_CTD_015_01.hex
* Software Version Seasave V 7.26.7.107
* Temperature SN = 6202
* Conductivity SN = 4907
* Number of Bytes Per Scan = 41
* Number of Voltage Words = 4
* Number of Scans Averaged by the Deck Unit = 1
* NMEA Latitude = 48 50.40 N
* NMEA Longitude = 125 27.83 W
* NMEA UTC (Time) = Jun 28 2021  11:18:30
* NMEA baud rate = 4800
# nquan = 30
# nvalues = 637                                   
# units = specified
# name 0 = scan: Scan Count
# name 1 = timeS: Time, Elapsed [seconds]
# name 2 = depSM: Depth [salt water, m]
# name 3 = prDM: Pressure, Digiquartz [db]
# name 4 = t090C: Temperature [ITS-90, deg C]
# name 5 = t190C: Temperature, 2 [ITS-90, deg C]
# name 6 = c0mS/cm: Conductivity [mS/cm]
# name 7 = c1mS/cm: Conductivity, 2 [mS/cm]
# name 8 = potemp090C: Potential Temperature [ITS-90, deg C]
# name 9 = potemp190C: Potential Temperature, 2 [ITS-90, deg C]
# name 10 = sal00: Salinity, Practical [PSU]
# name 11 = sal11: Salinity, Practical, 2 [PSU]
# name 12 = sigma-é00: Density [sigma-theta, kg/m^3]
# name 13 = sigma-é11: Density, 2 [sigma-theta, kg/m^3]
# name 14 = sbeox0Mg/L: Oxygen, SBE 43 [mg/l]
# name 15 = sbeox1Mg/L: Oxygen, SBE 43, 2 [mg/l]
# name 16 = sbox0Mm/Kg: Oxygen, SBE 43 [umol/kg]
# name 17 = sbox1Mm/Kg: Oxygen, SBE 43, 2 [umol/kg]
# name 18 = sbeox0V: Oxygen raw, SBE 43 [V]
# name 19 = sbeox1V: Oxygen raw, SBE 43, 2 [V]
# name 20 = v4: Voltage 4
# name 21 = flECO-AFL: Fluorescence, WET Labs ECO-AFL/FL [mg/m^3]
# name 22 = v3: Voltage 3
# name 23 = v6: Voltage 6
# name 24 = v7: Voltage 7
# name 25 = longitude: Longitude [deg]
# name 26 = latitude: Latitude [deg]
# name 27 = altM: Altimeter [m]
# name 28 = nbf: Bottles Fired
# name 29 = flag:  0.000e+00
# interval = seconds: 0.0416667
# start_time = Jun 28 2021 11:18:30 [NMEA time, header]
# bad_flag = -9.990e-29
*END*
[from data line 532]
      45878   1911.542     11.562     11.661    10.6166    10.6482  35.689204  35.713277    10.6153    10.6468    32.0005    31.9968    24.5072    24.4990     9.2477     8.9442    282.082    272.827     2.6154     2.3968     0.2002     3.9811     3.2002     1.3541     0.1209 -125.46414   48.83996      87.28         11  0.000e+00
      45879   1911.583     11.569     11.668    10.6257    10.6676  35.693639  35.722080    10.6244    10.6662    31.9969    31.9886    24.5030    24.4893     9.2301     8.9233    281.547    272.192     2.6117     2.3932     0.2002     3.9811     3.2015     1.3541     0.1209 -125.46414   48.83996      87.25         11  0.000e+00
      45880   1911.625     11.563     11.662    10.6357    10.6834  35.697187  35.729807    10.6344    10.6821    31.9917    31.9824    24.4971    24.4817     9.2124     8.9088    281.009    271.752     2.6081     2.3907     0.2002     3.9811     3.2015     1.3541     0.1209 -125.46414   48.83996      87.20         11  0.000e+00
      45881   1911.667     11.563     11.662    10.6428    10.6940  35.700355  35.736141    10.6415    10.6926    31.9886    31.9794    24.4936    24.4776     9.1900     8.8895    280.324    271.163     2.6032     2.3871     0.2002     3.9811     3.2015     1.3541     0.1209 -125.46414   48.83996      87.18         11  0.000e+00
      45882   1911.708     11.569     11.668    10.6523    10.7064  35.705994  35.744060    10.6509    10.7050    31.9859    31.9764    24.4898    24.4731     9.1722     8.8756    279.785    270.740     2.5995     2.3846     0.2002     3.9811     3.2002     1.3541     0.1197 -125.46414   48.83996      87.18         11  0.000e+00
      45883   1911.750     11.563     11.662    10.6633    10.7214  35.712775  35.753626    10.6620    10.7201    31.9830    31.9728    24.4857    24.4677     9.1542     8.8611    279.236    270.300     2.5958     2.3822     0.2002     3.9811     3.2027     1.3541     0.1209 -125.46414   48.83996      87.20         11  0.000e+00
      45884   1911.792     11.516     11.615    10.6711    10.7375  35.720508  35.763194    10.6697    10.7361    31.9840    31.9683    24.4851    24.4614     9.1366     8.8407    278.700    269.680     2.5922     2.3785     0.2002     3.9811     3.2002     1.3529     0.1209 -125.46416   48.83996      87.18         11  0.000e+00
      49454   2060.542      3.154      3.181    15.9337    15.8265  39.096992  39.031891    15.9332    15.8260    30.8002    30.8264    22.5345    22.5783    13.4853    12.6217    412.135    385.724     3.9402     3.4823     0.2405     4.9884     3.1893     1.3492     0.0684 -125.46422   48.83990      96.51         12  0.000e+00
      49455   2060.583      3.187      3.214    15.9400    15.8129  39.095414  39.019885    15.9395    15.8124    30.7939    30.8264    22.5284    22.5813    13.4794    12.6253    411.957    385.835     3.9389     3.4823     0.2405     4.9884     3.1893     1.3492     0.0684 -125.46422   48.83990      96.56         12  0.000e+00
      49456   2060.625      3.134      3.161    15.9295    15.7710  39.082801  38.991680    15.9290    15.7705    30.7910    30.8343    22.5284    22.5965    13.4776    12.6358    411.903    386.149     3.9377     3.4823     0.2405     4.9884     3.1893     1.3504     0.0684 -125.46422   48.83990      96.68         12  0.000e+00
      49457   2060.667      3.187      3.214    15.9076    15.7364  39.068549  38.969582    15.9071    15.7359    30.7955    30.8418    22.5367    22.6099    13.4833    12.6446    412.072    386.412     3.9377     3.4823     0.2405     4.9884     3.1905     1.3492     0.0684 -125.46422   48.83990      96.70         12  0.000e+00
      49458   2060.708      3.234      3.261    15.9065    15.7154  39.062113  38.959879    15.9060    15.7149    30.7908    30.8496    22.5333    22.6205    13.4793    12.6497    411.952    386.563     3.9365     3.4823     0.2405     4.9884     3.1893     1.3492     0.0684 -125.46422   48.83990      96.70         12  0.000e+00
      49459   2060.750      3.187      3.215    15.9095    15.6995  39.068286  38.952078    15.9090    15.6990    30.7938    30.8552    22.5350    22.6283    13.4734    12.6534    411.770    386.675     3.9353     3.4823     0.2405     4.9884     3.1905     1.3504     0.0684 -125.46422   48.83990      96.70         12  0.000e+00
      49460   2060.792      3.234      3.261    15.9122    15.6879  39.078862  38.947753    15.9117    15.6874    30.8010    30.8604    22.5399    22.6348    13.4674    12.6562    411.584    386.758     3.9341     3.4823     0.2393     4.9579     3.1893     1.3492     0.0684 -125.46422   48.83990      96.70         12  0.000e+00
      49461   2060.833      3.187      3.215    15.9117    15.6942  39.073081  38.957456    15.9112    15.6937    30.7963    30.8640    22.5364    22.6362    13.4630    12.6541    411.453    386.694     3.9328     3.4823     0.2405     4.9884     3.1905     1.3504     0.0684 -125.46422   48.83990      96.56         12  0.000e+00
      49462   2060.875      3.287      3.315    15.8721    15.7182  39.037884  38.974438    15.8716    15.7177    30.7962    30.8602    22.5450    22.6280    13.4692    12.6482    411.637    386.515     3.9316     3.4823     0.2405     4.9884     3.1893     1.3492     0.0684 -125.46422   48.83990      96.19         12  0.000e+00
      49463   2060.917      3.201      3.228    15.8262    15.7385  39.010970  38.983026    15.8257    15.7380    30.8082    30.8520    22.5644    22.6172    13.4805    12.6432    411.975    386.368     3.9316     3.4823     0.2405     4.9884     3.1905     1.3492     0.0684 -125.46422   48.83990      96.09         12  0.000e+00
      49464   2060.958      3.333      3.361    15.8009    15.7444  39.004081  38.981583    15.8004    15.7439    30.8218    30.8461    22.5804    22.6115    13.4817    12.6372    412.005    386.185     3.9304     3.4811     0.2405     4.9884     3.1905     1.3492     0.0684 -125.46422   48.83990      96.12         12  0.000e+00
      49465   2061.000      3.234      3.261    15.7832    15.7289  39.002573  38.970108    15.7828    15.7284    30.8343    30.8481    22.5939    22.6164    13.4805    12.6410    411.963    386.300     3.9292     3.4811     0.2405     4.9884     3.1893     1.3492     0.0684 -125.46422   48.83990      96.12         12  0.000e+00
      49466   2061.042      3.287      3.315    15.7762    15.7100  39.003034  38.958307    15.7757    15.7095    30.8401    30.8524    22.5999    22.6238    13.4820    12.6458    412.007    386.443     3.9292     3.4811     0.2405     4.9884     3.1905     1.3492     0.0684 -125.46422   48.83990      96.12         12  0.000e+00
      49467   2061.083      3.287      3.315    15.7742    15.7025  39.002706  38.953718    15.7737    15.7020    30.8414    30.8542    22.6013    22.6269    13.4777    12.6425    411.874    386.341     3.9280     3.4799     0.2405     4.9884     3.1905     1.3492     0.0684 -125.46422   48.83990      96.14         12  0.000e+00
      49468   2061.125      3.287      3.315    15.7731    15.7003  39.003100  38.951816    15.7726    15.6998    30.8427    30.8543    22.6025    22.6274    13.4779    12.6431    411.880    386.359     3.9280     3.4799     0.2405     4.9884     3.1893     1.3492     0.0684 -125.46422   48.83990      96.21         12  0.000e+00
      49469   2061.167      3.333      3.361    15.7761    15.6889  39.002247  38.940672    15.7756    15.6884    30.8396    30.8533    22.5995    22.6292    13.4726    12.6514    411.720    386.614     3.9267     3.4811     0.2405     4.9884     3.1905     1.3504     0.0684 -125.46422   48.83990      96.24         12  0.000e+00
      49470   2061.208      3.333      3.362    15.7787    15.6645  38.999095  38.924680    15.7782    15.6640    30.8348    30.8583    22.5952    22.6383    13.4675    12.6576    411.566    386.799     3.9255     3.4811     0.2393     4.9579     3.1905     1.3492     0.0684 -125.46422   48.83990      96.24         12  0.000e+00
      49471   2061.250      3.300      3.328    15.7742    15.6418  38.993254  38.913147    15.7737    15.6413    30.8331    30.8658    22.5949    22.6491    13.4688    12.6578    411.606    386.802     3.9255     3.4799     0.2405     4.9884     3.1905     1.3504     0.0684 -125.46422   48.83990      96.24         12  0.000e+00
      49472   2061.292      3.333      3.362    15.7651    15.6268  38.984264  38.907381    15.7646    15.6263    30.8323    30.8725    22.5963    22.6574    13.4666    12.6510    411.539    386.591     3.9243     3.4774     0.2393     4.9579     3.1905     1.3492     0.0684 -125.46422   48.83990      96.24         12  0.000e+00
      49473   2061.333      3.379      3.408    15.7461    15.6182  38.973045  38.904695    15.7456    15.6177    30.8372    30.8768    22.6043    22.6626    13.4715    12.6582    411.683    386.809     3.9243     3.4786     0.2369     4.8969     3.1893     1.3504     0.0684 -125.46422   48.83990      96.21         12  0.000e+00
      49474   2061.375      3.287      3.315    15.7178    15.6091  38.962615  38.900895    15.7173    15.6086    30.8501    30.8806    22.6204    22.6676    13.4779    12.6603    411.875    386.869     3.9243     3.4786     0.2344     4.8358     3.1905     1.3504     0.0684 -125.46422   48.83990      96.12         12  0.000e+00
      49475   2061.417      3.432      3.462    15.6874    15.5996  38.955599  38.894737    15.6869    15.5990    30.8676    30.8826    22.6404    22.6711    13.4850    12.6577    412.082    386.789     3.9243     3.4774     0.2344     4.8358     3.1905     1.3492     0.0684 -125.46422   48.83990      96.09         12  0.000e+00
      49476   2061.458      3.379      3.408    15.6841    15.5844  38.956189  38.885958    15.6836    15.5839    30.8708    30.8867    22.6436    22.6776    13.4856    12.6613    412.098    386.899     3.9243     3.4774     0.2357     4.8663     3.1905     1.3504     0.0684 -125.46422   48.83990      96.09         12  0.000e+00
      49477   2061.500      3.379      3.408    15.6790    15.5723  38.955731  38.879866    15.6785    15.5718    30.8743    30.8908    22.6475    22.6834    13.4819    12.6591    411.984    386.827     3.9231     3.4762     0.2357     4.8663     3.1893     1.3492     0.0684 -125.46422   48.83990      96.12         12  0.000e+00
      49478   2061.542      3.380      3.408    15.6732    15.5715  38.949302  38.879080    15.6727    15.5710    30.8731    30.8908    22.6478    22.6835    13.4835    12.6593    412.034    386.834     3.9231     3.4762     0.2357     4.8663     3.1905     1.3504     0.0684 -125.46422   48.83990      96.12         12  0.000e+00
      49479   2061.583      3.399      3.428    15.6649    15.5733  38.939135  38.882487    15.6644    15.5728    30.8707    30.8923    22.6477    22.6843    13.4860    12.6587    412.111    386.816     3.9231     3.4762     0.2357     4.8663     3.1893     1.3492     0.0696 -125.46422   48.83990      96.14         12  0.000e+00
      49480   2061.625      3.432      3.462    15.6526    15.5754  38.931986  38.886156    15.6521    15.5749    30.8740    30.8939    22.6530    22.6851    13.4892    12.6529    412.205    386.638     3.9231     3.4750     0.2357     4.8663     3.1905     1.3504     0.0684 -125.46422   48.83990      96.21         12  0.000e+00
      49481   2061.667      3.432      3.462    15.6418    15.5794  38.925166  38.889694    15.6412    15.5789    30.8764    30.8939    22.6572    22.6842    13.4871    12.6518    412.141    386.605     3.9219     3.4750     0.2357     4.8663     3.1905     1.3492     0.0684 -125.46422   48.83990      96.24         12  0.000e+00
      49482   2061.708      3.380      3.408    15.6250    15.5846  38.913232  38.893428    15.6245    15.5841    30.8790    30.8932    22.6628    22.6826    13.4914    12.6452    412.269    386.404     3.9219     3.4737     0.2357     4.8663     3.1905     1.3492     0.0684 -125.46422   48.83990      96.24         12  0.000e+00
      49483   2061.750      3.433      3.462    15.6181    15.5936  38.905495  38.899259    15.6176    15.5931    30.8776    30.8913    22.6633    22.6791    13.4887    12.6430    412.186    386.338     3.9206     3.4737     0.2357     4.8663     3.1905     1.3492     0.0684 -125.46422   48.83990      96.24         12  0.000e+00
      49484   2061.792      3.479      3.509    15.6117    15.6001  38.904840  38.902666    15.6112    15.5995    30.8820    30.8892    22.6680    22.6761    13.4901    12.6415    412.229    386.294     3.9206     3.4737     0.2344     4.8358     3.1905     1.3504     0.0684 -125.46422   48.83990      96.24         12  0.000e+00
      49485   2061.833      3.433      3.462    15.6159    15.6054  38.911266  38.904435    15.6154    15.6048    30.8844    30.8866    22.6690    22.6730    13.4839    12.6350    412.038    386.097     3.9194     3.4725     0.2357     4.8663     3.1905     1.3492     0.0684 -125.46422   48.83990      96.24         12  0.000e+00
      49486   2061.875      3.479      3.509    15.6229    15.6120  38.918086  38.909022    15.6223    15.6114    30.8850    30.8855    22.6679    22.6707    13.4821    12.6334    411.982    386.048     3.9194     3.4725     0.2357     4.8663     3.1905     1.3504     0.0684 -125.46422   48.83990      96.21         12  0.000e+00
      49487   2061.917      3.492      3.522    15.6340    15.6254  38.921757  38.914919    15.6335    15.6249    30.8795    30.8802    22.6613    22.6636    13.4747    12.6303    411.760    385.954     3.9182     3.4725     0.2357     4.8663     3.1905     1.3492     0.0684 -125.46422   48.83990      96.19         12  0.000e+00
      49488   2061.958      3.433      3.462    15.6387    15.6322  38.921887  38.915442    15.6382    15.6317    30.8759    30.8753    22.6575    22.6584    13.4736    12.6235    411.728    385.750     3.9182     3.4713     0.2357     4.8663     3.1917     1.3492     0.0684 -125.46422   48.83990      96.21         12  0.000e+00
      49489   2062.000      3.479      3.509    15.6386    15.6328  38.920182  38.914328    15.6380    15.6322    30.8745    30.8739    22.6564    22.6572    13.4691    12.6236    411.589    385.752     3.9170     3.4713     0.2357     4.8663     3.1893     1.3492     0.0684 -125.46422   48.83990      96.19         12  0.000e+00
      49490   2062.042      3.479      3.509    15.6359    15.6336  38.918412  38.914590    15.6353    15.6331    30.8751    30.8735    22.6575    22.6567    13.4697    12.6234    411.609    385.746     3.9170     3.4713     0.2357     4.8663     3.1917     1.3492     0.0684 -125.46422   48.83990      96.21         12  0.000e+00
      49491   2062.083      3.525      3.555    15.6364    15.6353  38.920052  38.917540    15.6358    15.6348    30.8761    30.8747    22.6581    22.6573    13.4648    12.6229    411.458    385.731     3.9158     3.4713     0.2357     4.8663     3.1893     1.3492     0.0684 -125.46422   48.83990      96.24         12  0.000e+00
      49492   2062.125      3.479      3.509    15.6421    15.6493  38.922215  38.923568    15.6416    15.6488    30.8736    30.8691    22.6549    22.6499    13.4634    12.6143    411.416    385.472     3.9158     3.4701     0.2357     4.8663     3.1905     1.3492     0.0684 -125.46422   48.83990      96.31         12  0.000e+00
      49493   2062.167      3.479      3.509    15.6440    15.6630  38.922280  38.927827    15.6435    15.6625    30.8721    30.8622    22.6534    22.6416    13.4582    12.6112    411.258    385.380     3.9145     3.4701     0.2357     4.8663     3.1893     1.3492     0.0684 -125.46422   48.83990      96.34         12  0.000e+00
      49494   2062.208      3.525      3.555    15.6431    15.6647  38.920575  38.926057    15.6426    15.6641    30.8713    30.8593    22.6530    22.6390    13.4586    12.6111    411.270    385.376     3.9145     3.4701     0.2357     4.8663     3.1905     1.3492     0.0684 -125.46422   48.83990      96.34         12  0.000e+00
