West Coast/WCOA-7/CTD_Data/RB2102_CTD_088_01.ros
* Sea-Bird SBE 9 Data File:
* FileName = C:\Users\scs.user.rb\CTD\RB2102\Data\RB2102_CTD_088_01.hex
* Software Version Seasave V 7.26.7.107
* Temperature SN = 6202
* Conductivity SN = 4907
* Number of Bytes Per Scan = 41
* Number of Voltage Words = 4
* Number of Scans Averaged by the Deck Unit = 1
* NMEA Latitude = 37 53.54 N
* NMEA Longitude = 122 26.47 W
* NMEA UTC (Time) = Jul 12 2021  18:43:42
* NMEA baud rate = 4800
# nquan = 30
# nvalues = 432                                   
# units = specified
# name 0 = scan: Scan Count
# name 1 = timeS: Time, Elapsed [seconds]
# name 2 = depSM: Depth [salt water, m]
# name 3 = prDM: Pressure, Digiquartz [db]
# name 4 = t090C: Temperature [ITS-90, deg C]
# name 5 = t190C: Temperature, 2 [ITS-90, deg C]
# name 6 = c0mS/cm: Conductivity [mS/cm]
# name 7 = c1mS/cm: Conductivity, 2 [mS/cm]
# name 8 = potemp090C: Potential Temperature [ITS-90, deg C]
# name 9 = potemp190C: Potential Temperature, 2 [ITS-90, deg C]
# name 10 = sal00: Salinity, Practical [PSU]
# name 11 = sal11: Salinity, Practical, 2 [PSU]
# name 12 = sigma-é00: Density [sigma-theta, kg/m^3]
# name 13 = sigma-é11: Density, 2 [sigma-theta, kg/m^3]
# name 14 = sbeox0Mg/L: Oxygen, SBE 43 [mg/l]
# name 15 = sbeox1Mg/L: Oxygen, SBE 43, 2 [mg/l]
# name 16 = sbox0Mm/Kg: Oxygen, SBE 43 [umol/kg]
# name 17 = sbox1Mm/Kg: Oxygen, SBE 43, 2 [umol/kg]
# name 18 = sbeox0V: Oxygen raw, SBE 43 [V]
# name 19 = sbeox1V: Oxygen raw, SBE 43, 2 [V]
# name 20 = v4: Voltage 4
# name 21 = flECO-AFL: Fluorescence, WET Labs ECO-AFL/FL [mg/m^3]
# name 22 = v3: Voltage 3
# name 23 = v6: Voltage 6
# name 24 = v7: Voltage 7
# name 25 = longitude: Longitude [deg]
# name 26 = latitude: Latitude [deg]
# name 27 = altM: Altimeter [m]
# name 28 = nbf: Bottles Fired
# name 29 = flag:  0.000e+00
# interval = seconds: 0.0416667
# start_time = Jul 12 2021 18:43:42 [NMEA time, header]
# bad_flag = -9.990e-29
*END*
[from data line 97]
       9310    387.875     18.304     18.443    18.2245    18.2246  41.769594  41.772071    18.2214    18.2215    31.3201    31.3221    22.4025    22.4041     6.7804     6.9670    207.247    212.951     2.3053     2.2332     0.1209     1.9970     3.2418     0.1490     0.1832 -122.44138   37.89244       4.76          2  0.000e+00
      12720    529.958      9.942     10.017    18.7488    18.7540  41.374406  41.372108    18.7471    18.7523    30.6009    30.5952    21.7249    21.7193     6.8343     7.0186    209.033    214.671     2.3321     2.2589     0.1245     2.0886     3.2357     0.1551     0.1734 -122.44152   37.89242      13.26          3  0.000e+00
      12721    530.000     10.028     10.104    18.7492    18.7547  41.373868  41.371839    18.7474    18.7530    30.6001    30.5944    21.7243    21.7185     6.8343     7.0186    209.035    214.672     2.3321     2.2589     0.1245     2.0886     3.2344     0.1551     0.1734 -122.44152   37.89242      13.26          3  0.000e+00
      12722    530.042     10.081     10.157    18.7502    18.7549  41.372457  41.372175    18.7485    18.7531    30.5982    30.5945    21.7225    21.7186     6.8343     7.0186    209.035    214.672     2.3321     2.2589     0.1245     2.0886     3.2357     0.1551     0.1734 -122.44152   37.89242      13.26          3  0.000e+00
      12723    530.083      9.995     10.070    18.7513    18.7549  41.371045  41.372847    18.7495    18.7532    30.5963    30.5951    21.7208    21.7190     6.8387     7.0234    209.170    214.818     2.3333     2.2601     0.1245     2.0886     3.2357     0.1551     0.1734 -122.44152   37.89242      13.21          3  0.000e+00
      12724    530.125      9.981     10.057    18.7525    18.7544  41.370574  41.371638    18.7507    18.7527    30.5950    30.5945    21.7195    21.7186     6.8386     7.0235    209.167    214.821     2.3333     2.2601     0.1245     2.0886     3.2344     0.1551     0.1734 -122.44152   37.89242      13.19          3  0.000e+00
      12725    530.167     10.028     10.104    18.7531    18.7542  41.370305  41.371168    18.7514    18.7525    30.5943    30.5942    21.7188    21.7185     6.8341     7.0236    209.028    214.824     2.3321     2.2601     0.1245     2.0886     3.2344     0.1551     0.1734 -122.44152   37.89242      13.21          3  0.000e+00
      12726    530.208      9.981     10.057    18.7534    18.7544  41.371044  41.371974    18.7517    18.7526    30.5947    30.5948    21.7191    21.7189     6.8385     7.0235    209.163    214.821     2.3333     2.2601     0.1245     2.0886     3.2344     0.1551     0.1734 -122.44152   37.89242      13.21          3  0.000e+00
      12727    530.250      9.995     10.070    18.7528    18.7542  41.371649  41.372847    18.7511    18.7525    30.5956    30.5956    21.7199    21.7196     6.8385     7.0235    209.165    214.821     2.3333     2.2601     0.1245     2.0886     3.2344     0.1538     0.1734 -122.44152   37.89242      13.21          3  0.000e+00
      12728    530.292     10.028     10.103    18.7518    18.7540  41.372187  41.373250    18.7501    18.7523    30.5968    30.5960    21.7211    21.7199     6.8387     7.0235    209.168    214.822     2.3333     2.2601     0.1245     2.0886     3.2344     0.1551     0.1734 -122.44152   37.89242      13.21          3  0.000e+00
      12729    530.333     10.028     10.104    18.7514    18.7542  41.372389  41.373116    18.7497    18.7525    30.5973    30.5958    21.7215    21.7197     6.8387     7.0235    209.169    214.821     2.3333     2.2601     0.1245     2.0886     3.2344     0.1551     0.1746 -122.44152   37.89242      13.21          3  0.000e+00
      12730    530.375      9.981     10.057    18.7516    18.7540  41.372389  41.373250    18.7499    18.7523    30.5971    30.5961    21.7214    21.7200     6.8432     7.0235    209.305    214.820     2.3346     2.2601     0.1245     2.0886     3.2344     0.1563     0.1746 -122.44152   37.89242      13.21          3  0.000e+00
      12731    530.417      9.995     10.070    18.7520    18.7540  41.371918  41.373250    18.7503    18.7523    30.5964    30.5960    21.7207    21.7199     6.8431     7.0235    209.305    214.821     2.3346     2.2601     0.1245     2.0886     3.2344     0.1551     0.1746 -122.44152   37.89242      13.21          3  0.000e+00
      12732    530.458     10.028     10.103    18.7526    18.7538  41.371381  41.373317    18.7509    18.7521    30.5955    30.5962    21.7199    21.7202     6.8431     7.0235    209.305    214.822     2.3346     2.2601     0.1245     2.0886     3.2344     0.1551     0.1734 -122.44152   37.89242      13.21          3  0.000e+00
      12733    530.500      9.981     10.057    18.7523    18.7535  41.372120  41.373116    18.7506    18.7518    30.5964    30.5963    21.7206    21.7203     6.8386     7.0284    209.165    214.972     2.3333     2.2613     0.1245     2.0886     3.2344     0.1538     0.1722 -122.44152   37.89242      13.21          3  0.000e+00
      12734    530.542     10.028     10.103    18.7516    18.7537  41.372725  41.373049    18.7499    18.7519    30.5974    30.5961    21.7216    21.7201     6.8432     7.0235    209.306    214.823     2.3346     2.2601     0.1245     2.0886     3.2357     0.1538     0.1722 -122.44152   37.89242      13.24          3  0.000e+00
      12735    530.583      9.995     10.070    18.7507    18.7542  41.373061  41.373049    18.7490    18.7525    30.5983    30.5958    21.7225    21.7197     6.8432     7.0283    209.307    214.970     2.3346     2.2613     0.1245     2.0886     3.2344     0.1538     0.1722 -122.44152   37.89242      13.31          3  0.000e+00
      12736    530.625      9.981     10.057    18.7505    18.7542  41.373330  41.373048    18.7488    18.7525    30.5987    30.5958    21.7229    21.7197     6.8432     7.0283    209.307    214.969     2.3346     2.2613     0.1245     2.0886     3.2344     0.1538     0.1722 -122.44152   37.89242      13.33          3  0.000e+00
      12737    530.667     10.028     10.103    18.7501    18.7542  41.374271  41.372780    18.7483    18.7525    30.5998    30.5955    21.7238    21.7195     6.8433     7.0284    209.309    214.971     2.3346     2.2613     0.1245     2.0886     3.2357     0.1551     0.1734 -122.44152   37.89242      13.33          3  0.000e+00
      12738    530.708      9.981     10.057    18.7497    18.7546  41.375145  41.372309    18.7480    18.7528    30.6008    30.5949    21.7247    21.7189     6.8433     7.0283    209.308    214.969     2.3346     2.2613     0.1245     2.0886     3.2332     0.1551     0.1746 -122.44152   37.89242      13.31          3  0.000e+00
      12739    530.750     10.041     10.117    18.7492    18.7544  41.376355  41.371772    18.7474    18.7526    30.6022    30.5946    21.7258    21.7187     6.8433     7.0235    209.309    214.823     2.3346     2.2601     0.1245     2.0886     3.2332     0.1563     0.1746 -122.44152   37.89242      13.31          3  0.000e+00
      12740    530.792      9.981     10.057    18.7490    18.7547  41.376691  41.371638    18.7473    18.7530    30.6026    30.5942    21.7262    21.7184     6.8433     7.0283    209.308    214.969     2.3346     2.2613     0.1245     2.0886     3.2357     0.1563     0.1746 -122.44152   37.89242      13.33          3  0.000e+00
      12741    530.833      9.981     10.057    18.7485    18.7549  41.375683  41.371839    18.7468    18.7532    30.6022    30.5943    21.7260    21.7184     6.8434     7.0234    209.310    214.819     2.3346     2.2601     0.1245     2.0886     3.2344     0.1563     0.1758 -122.44152   37.89242      13.33          3  0.000e+00
      12742    530.875     10.028     10.103    18.7493    18.7549  41.373935  41.371974    18.7476    18.7532    30.6001    30.5944    21.7242    21.7184     6.8434     7.0283    209.311    214.970     2.3346     2.2613     0.1245     2.0886     3.2357     0.1563     0.1746 -122.44152   37.89242      13.33          3  0.000e+00
      12743    530.917      9.995     10.070    18.7502    18.7552  41.372658  41.371705    18.7485    18.7535    30.5984    30.5939    21.7227    21.7180     6.8433     7.0234    209.309    214.819     2.3346     2.2601     0.1245     2.0886     3.2357     0.1551     0.1746 -122.44152   37.89242      13.33          3  0.000e+00
      12744    530.958      9.981     10.057    18.7511    18.7556  41.372389  41.371234    18.7494    18.7539    30.5975    30.5932    21.7218    21.7174     6.8432     7.0234    209.307    214.818     2.3346     2.2601     0.1245     2.0886     3.2357     0.1563     0.1746 -122.44152   37.89242      13.33          3  0.000e+00
      12745    531.000     10.028     10.103    18.7518    18.7559  41.371650  41.370966    18.7501    18.7542    30.5964    30.5927    21.7208    21.7170     6.8432     7.0234    209.307    214.818     2.3346     2.2601     0.1245     2.0886     3.2332     0.1551     0.1746 -122.44152   37.89242      13.31          3  0.000e+00
      12746    531.042      9.995     10.070    18.7525    18.7557  41.371044  41.370898    18.7507    18.7540    30.5954    30.5928    21.7198    21.7171     6.8431     7.0234    209.305    214.818     2.3346     2.2601     0.1245     2.0886     3.2357     0.1563     0.1746 -122.44152   37.89242      13.31          3  0.000e+00
      12747    531.083      9.981     10.057    18.7531    18.7559  41.370641  41.371100    18.7513    18.7542    30.5946    30.5929    21.7191    21.7171     6.8431     7.0233    209.303    214.817     2.3346     2.2601     0.1245     2.0886     3.2344     0.1563     0.1746 -122.44152   37.89242      13.24          3  0.000e+00
      12748    531.125     10.028     10.103    18.7531    18.7561  41.369767  41.370966    18.7514    18.7543    30.5938    30.5926    21.7185    21.7169     6.8431     7.0234    209.305    214.818     2.3346     2.2601     0.1245     2.0886     3.2332     0.1563     0.1746 -122.44152   37.89242      13.21          3  0.000e+00
      12749    531.167     10.028     10.103    18.7537    18.7561  41.369902  41.371100    18.7519    18.7544    30.5935    30.5927    21.7181    21.7169     6.8431     7.0233    209.303    214.817     2.3346     2.2601     0.1245     2.0886     3.2357     0.1563     0.1746 -122.44152   37.89242      13.21          3  0.000e+00
      12750    531.208      9.942     10.017    18.7537    18.7559  41.370170  41.371436    18.7520    18.7542    30.5938    30.5932    21.7183    21.7173     6.8430     7.0233    209.301    214.815     2.3346     2.2601     0.1245     2.0886     3.2357     0.1563     0.1758 -122.44152   37.89242      13.21          3  0.000e+00
      12751    531.250     10.028     10.103    18.7537    18.7557  41.370238  41.371570    18.7519    18.7540    30.5938    30.5934    21.7183    21.7175     6.8431     7.0234    209.303    214.818     2.3346     2.2601     0.1245     2.0886     3.2344     0.1551     0.1746 -122.44152   37.89242      13.21          3  0.000e+00
      12752    531.292      9.981     10.057    18.7541    18.7554  41.370574  41.371839    18.7524    18.7537    30.5938    30.5939    21.7182    21.7179     6.8430     7.0234    209.300    214.818     2.3346     2.2601     0.1245     2.0886     3.2344     0.1551     0.1746 -122.44152   37.89242      13.24          3  0.000e+00
      12753    531.333     10.028     10.103    18.7542    18.7554  41.370305  41.371369    18.7525    18.7536    30.5935    30.5935    21.7180    21.7177     6.8430     7.0234    209.301    214.820     2.3346     2.2601     0.1245     2.0886     3.2357     0.1551     0.1746 -122.44152   37.89242      13.26          3  0.000e+00
      12754    531.375      9.995     10.070    18.7542    18.7552  41.370439  41.372041    18.7525    18.7535    30.5936    30.5942    21.7180    21.7182     6.8430     7.0234    209.300    214.818     2.3346     2.2601     0.1245     2.0886     3.2344     0.1551     0.1758 -122.44152   37.89242      13.26          3  0.000e+00
      12755    531.417     10.028     10.103    18.7538    18.7550  41.370574  41.372310    18.7521    18.7533    30.5940    30.5945    21.7184    21.7185     6.8430     7.0234    209.302    214.819     2.3346     2.2601     0.1245     2.0886     3.2344     0.1551     0.1746 -122.44152   37.89242      13.26          3  0.000e+00
      12756    531.458      9.981     10.057    18.7540    18.7551  41.370372  41.372309    18.7523    18.7534    30.5937    30.5945    21.7181    21.7185     6.8385     7.0185    209.162    214.669     2.3333     2.2589     0.1245     2.0886     3.2357     0.1551     0.1746 -122.44152   37.89242      13.26          3  0.000e+00
      12757    531.500      9.981     10.057    18.7543    18.7550  41.370237  41.372712    18.7526    18.7533    30.5934    30.5949    21.7179    21.7188     6.8384     7.0234    209.162    214.818     2.3333     2.2601     0.1245     2.0886     3.2357     0.1551     0.1746 -122.44152   37.89242      13.26          3  0.000e+00
      12758    531.542     10.041     10.117    18.7544    18.7547  41.370439  41.372444    18.7526    18.7529    30.5935    30.5949    21.7179    21.7189     6.8385     7.0235    209.163    214.821     2.3333     2.2601     0.1245     2.0886     3.2357     0.1551     0.1746 -122.44152   37.89242      13.26          3  0.000e+00
      12759    531.583      9.981     10.057    18.7546    18.7547  41.370170  41.372309    18.7528    18.7530    30.5931    30.5948    21.7176    21.7188     6.8339     7.0185    209.023    214.670     2.3321     2.2589     0.1245     2.0886     3.2357     0.1551     0.1746 -122.44152   37.89242      13.26          3  0.000e+00
      12760    531.625      9.981     10.057    18.7547    18.7547  41.369901  41.372309    18.7530    18.7530    30.5928    30.5948    21.7173    21.7188     6.8339     7.0185    209.022    214.670     2.3321     2.2589     0.1245     2.0886     3.2344     0.1551     0.1746 -122.44152   37.89242      13.26          3  0.000e+00
      12761    531.667     10.028     10.103    18.7550    18.7549  41.369296  41.372310    18.7533    18.7532    30.5920    30.5946    21.7166    21.7187     6.8339     7.0186    209.023    214.671     2.3321     2.2589     0.1245     2.0886     3.2344     0.1551     0.1758 -122.44152   37.89242      13.26          3  0.000e+00
      12762    531.708      9.995     10.070    18.7555    18.7552  41.368893  41.371503    18.7538    18.7535    30.5914    30.5937    21.7160    21.7179     6.8339     7.0234    209.022    214.819     2.3321     2.2601     0.1245     2.0886     3.2357     0.1551     0.1746 -122.44152   37.89242      13.26          3  0.000e+00
      12763    531.750     10.028     10.103    18.7559    18.7556  41.368624  41.370831    18.7542    18.7538    30.5908    30.5929    21.7155    21.7172     6.8338     7.0185    209.022    214.670     2.3321     2.2589     0.1245     2.0886     3.2344     0.1551     0.1746 -122.44152   37.89242      13.26          3  0.000e+00
      12764    531.792      9.981     10.057    18.7559    18.7557  41.368758  41.371100    18.7542    18.7540    30.5909    30.5930    21.7156    21.7172     6.8293     7.0185    208.882    214.668     2.3309     2.2589     0.1245     2.0886     3.2344     0.1538     0.1734 -122.44152   37.89242      13.26          3  0.000e+00
      12765    531.833     10.028     10.103    18.7559    18.7557  41.369027  41.370966    18.7542    18.7540    30.5912    30.5929    21.7158    21.7171     6.8293     7.0185    208.883    214.669     2.3309     2.2589     0.1245     2.0886     3.2357     0.1538     0.1734 -122.44152   37.89242      13.26          3  0.000e+00
      12766    531.875      9.995     10.070    18.7556    18.7559  41.368893  41.371100    18.7538    18.7542    30.5913    30.5929    21.7160    21.7170     6.8293     7.0185    208.883    214.668     2.3309     2.2589     0.1245     2.0886     3.2357     0.1538     0.1734 -122.44152   37.89242      13.26          3  0.000e+00
