West Coast/WCOA-7/CTD_Data/RB2102_CTD_030_01.ros
* Sea-Bird SBE 9 Data File:
* FileName = C:\Users\scs.user.rb\CTD\RB2102\Data\RB2102_CTD_030_01.hex
* Software Version Seasave V 7.26.7.107
* Temperature SN = 6202
* Conductivity SN = 4907
* Number of Bytes Per Scan = 41
* Number of Voltage Words = 4
* Number of Scans Averaged by the Deck Unit = 1
* NMEA Latitude = 46 07.89 N
* NMEA Longitude = 124 01.88 W
* NMEA UTC (Time) = Jul 01 2021  00:36:01
* NMEA baud rate = 4800
# nquan = 30
# nvalues = 539                                   
# units = specified
# name 0 = scan: Scan Count
# name 1 = timeS: Time, Elapsed [seconds]
# name 2 = depSM: Depth [salt water, m]
# name 3 = prDM: Pressure, Digiquartz [db]
# name 4 = t090C: Temperature [ITS-90, deg C]
# name 5 = t190C: Temperature, 2 [ITS-90, deg C]
# name 6 = c0mS/cm: Conductivity [mS/cm]
# name 7 = c1mS/cm: Conductivity, 2 [mS/cm]
# name 8 = potemp090C: Potential Temperature [ITS-90, deg C]
# name 9 = potemp190C: Potential Temperature, 2 [ITS-90, deg C]
# name 10 = sal00: Salinity, Practical [PSU]
# name 11 = sal11: Salinity, Practical, 2 [PSU]
# name 12 = sigma-é00: Density [sigma-theta, kg/m^3]
# name 13 = sigma-é11: Density, 2 [sigma-theta, kg/m^3]
# name 14 = sbeox0Mg/L: Oxygen, SBE 43 [mg/l]
# name 15 = sbeox1Mg/L: Oxygen, SBE 43, 2 [mg/l]
# name 16 = sbox0Mm/Kg: Oxygen, SBE 43 [umol/kg]
# name 17 = sbox1Mm/Kg: Oxygen, SBE 43, 2 [umol/kg]
# name 18 = sbeox0V: Oxygen raw, SBE 43 [V]
# name 19 = sbeox1V: Oxygen raw, SBE 43, 2 [V]
# name 20 = v4: Voltage 4
# name 21 = flECO-AFL: Fluorescence, WET Labs ECO-AFL/FL [mg/m^3]
# name 22 = v3: Voltage 3
# name 23 = v6: Voltage 6
# name 24 = v7: Voltage 7
# name 25 = longitude: Longitude [deg]
# name 26 = latitude: Latitude [deg]
# name 27 = altM: Altimeter [m]
# name 28 = nbf: Bottles Fired
# name 29 = flag:  0.000e+00
# interval = seconds: 0.0416667
# start_time = Jul 01 2021 00:36:01 [NMEA time, header]
# bad_flag = -9.990e-29
*END*
[from data line 146]
      17380    724.125     13.782     13.897    15.3492    15.2625  38.114168  38.201071    15.3471    15.2604    30.3826    30.5269    22.3413    22.4709    11.2965    11.1333    345.307    340.274     3.3346     3.0916     0.1526     2.7906     3.3162     0.3114     0.0000 -124.03094   46.13140      15.19          3  0.000e+00
      20001    833.333      9.825      9.906    16.4789    16.5028  37.796306  37.732403    16.4774    16.5013    29.2572    29.1848    21.2300    21.1692     9.9979     9.8461    305.944    301.317     3.0488     2.8352     0.1148     1.8444     3.3114     0.3431     0.0000 -124.03090   46.13138      19.41          4  0.000e+00
      20002    833.375      9.686      9.766    16.4793    16.5028  37.792805  37.729360    16.4778    16.5013    29.2540    29.1822    21.2275    21.1672     9.9979     9.8461    305.943    301.318     3.0488     2.8352     0.1148     1.8444     3.3114     0.3431     0.0000 -124.03090   46.13138      19.44          4  0.000e+00
      20003    833.417      9.778      9.860    16.4818    16.5035  37.787814  37.726317    16.4803    16.5020    29.2478    29.1791    21.2221    21.1647     9.9978     9.8463    305.944    301.323     3.0488     2.8352     0.1148     1.8444     3.3114     0.3431     0.0000 -124.03090   46.13138      19.44          4  0.000e+00
      20004    833.458      9.778      9.860    16.4847    16.5038  37.782758  37.722175    16.4832    16.5023    29.2413    29.1753    21.2165    21.1617     9.9977     9.8464    305.940    301.329     3.0488     2.8352     0.1136     1.8138     3.3114     0.3431     0.0000 -124.03090   46.13138      19.44          4  0.000e+00
      20005    833.500      9.725      9.806    16.4876    16.5038  37.778998  37.716737    16.4861    16.5023    29.2360    29.1706    21.2118    21.1581     9.9973     9.8467    305.932    301.337     3.0488     2.8352     0.1136     1.8138     3.3114     0.3431     0.0000 -124.03090   46.13138      19.44          4  0.000e+00
      20006    833.542      9.686      9.766    16.4895    16.5043  37.776405  37.709682    16.4880    16.5028    29.2324    29.1642    21.2087    21.1531     9.9971     9.8469    305.927    301.345     3.0488     2.8352     0.1136     1.8138     3.3114     0.3431     0.0000 -124.03090   46.13138      19.44          4  0.000e+00
      20007    833.583      9.725      9.806    16.4915    16.5045  37.773618  37.704051    16.4900    16.5030    29.2285    29.1592    21.2052    21.1492    10.0018     9.8472    306.070    301.356     3.0501     2.8352     0.1148     1.8444     3.3114     0.3431     0.0000 -124.03090   46.13138      19.46          4  0.000e+00
      20008    833.625      9.679      9.760    16.4924    16.5051  37.771350  37.699780    16.4909    16.5036    29.2259    29.1552    21.2030    21.1460    10.0017     9.8473    306.068    301.359     3.0501     2.8352     0.1148     1.8444     3.3114     0.3443     0.0000 -124.03090   46.13138      19.49          4  0.000e+00
      20009    833.667      9.639      9.720    16.4937    16.5050  37.770118  37.698291    16.4922    16.5035    29.2240    29.1539    21.2012    21.1450     9.9968     9.8473    305.917    301.360     3.0488     2.8352     0.1148     1.8444     3.3126     0.3443     0.0000 -124.03090   46.13138      19.49          4  0.000e+00
      20010    833.708      9.725      9.806    16.4941    16.5054  37.770637  37.698939    16.4926    16.5039    29.2241    29.1542    21.2012    21.1452     9.9968     9.8473    305.918    301.361     3.0488     2.8352     0.1148     1.8444     3.3126     0.3443     0.0000 -124.03090   46.13138      19.49          4  0.000e+00
      20011    833.750      9.633      9.713    16.4927    16.5059  37.771609  37.699197    16.4912    16.5044    29.2259    29.1541    21.2030    21.1450     9.9968     9.8471    305.919    301.354     3.0488     2.8352     0.1136     1.8138     3.3126     0.3443     0.0000 -124.03090   46.13138      19.49          4  0.000e+00
      20012    833.792      9.686      9.766    16.4914    16.5057  37.771350  37.698938    16.4899    16.5042    29.2267    29.1540    21.2038    21.1449     9.9971     9.8472    305.927    301.357     3.0488     2.8352     0.1136     1.8138     3.3114     0.3443     0.0000 -124.03088   46.13138      19.49          4  0.000e+00
      20013    833.833      9.633      9.713    16.4910    16.5060  37.769406  37.698291    16.4895    16.5045    29.2253    29.1532    21.2028    21.1443    10.0020     9.8523    306.076    301.513     3.0501     2.8364     0.1148     1.8444     3.3114     0.3443     0.0000 -124.03088   46.13138      19.49          4  0.000e+00
      20014    833.875      9.679      9.760    16.4902    16.5062  37.770832  37.697385    16.4887    16.5047    29.2271    29.1522    21.2044    21.1435    10.0021     9.8524    306.079    301.515     3.0501     2.8364     0.1148     1.8444     3.3126     0.3443     0.0000 -124.03088   46.13138      19.49          4  0.000e+00
      20015    833.917      9.580      9.660    16.4889    16.5060  37.775044  37.696414    16.4874    16.5045    29.2317    29.1516    21.2082    21.1430    10.0019     9.8523    306.073    301.514     3.0501     2.8364     0.1148     1.8444     3.3114     0.3443     0.0000 -124.03088   46.13138      19.49          4  0.000e+00
      20016    833.958      9.639      9.720    16.4878    16.5055  37.778414  37.694408    16.4863    16.5040    29.2354    29.1502    21.2113    21.1421    10.0020     9.8526    306.075    301.522     3.0501     2.8364     0.1148     1.8444     3.3114     0.3443     0.0000 -124.03088   46.13138      19.49          4  0.000e+00
      20017    834.000      9.633      9.713    16.4878    16.5051  37.779646  37.693826    16.4863    16.5036    29.2364    29.1501    21.2121    21.1421    10.0019     9.8527    306.072    301.525     3.0501     2.8364     0.1136     1.8138     3.3114     0.3443     0.0000 -124.03088   46.13138      19.49          4  0.000e+00
      20018    834.042      9.633      9.713    16.4868    16.5047  37.781072  37.694344    16.4853    16.5032    29.2384    29.1508    21.2139    21.1427    10.0020     9.8527    306.074    301.526     3.0501     2.8364     0.1148     1.8444     3.3114     0.3443     0.0000 -124.03088   46.13138      19.49          4  0.000e+00
      20019    834.083      9.593      9.673    16.4857    16.5049  37.781266  37.693308    16.4843    16.5034    29.2393    29.1498    21.2148    21.1419    10.0021     9.8527    306.077    301.526     3.0501     2.8364     0.1136     1.8138     3.3114     0.3443     0.0000 -124.03088   46.13138      19.49          4  0.000e+00
      20020    834.125      9.679      9.760    16.4851    16.5050  37.780683  37.691885    16.4836    16.5035    29.2393    29.1484    21.2149    21.1408    10.0024     9.8528    306.084    301.531     3.0501     2.8364     0.1136     1.8138     3.3114     0.3443     0.0000 -124.03088   46.13138      19.49          4  0.000e+00
      20021    834.167      9.580      9.660    16.4845    16.5047  37.779516  37.692208    16.4830    16.5032    29.2387    29.1489    21.2146    21.1413    10.0024     9.8527    306.085    301.528     3.0501     2.8364     0.1136     1.8138     3.3114     0.3443     0.0000 -124.03088   46.13138      19.49          4  0.000e+00
      20022    834.208      9.580      9.660    16.4849    16.5045  37.776924  37.693243    16.4834    16.5030    29.2362    29.1500    21.2126    21.1421    10.0025     9.8579    306.088    301.685     3.0501     2.8376     0.1148     1.8444     3.3101     0.3443     0.0000 -124.03088   46.13138      19.49          4  0.000e+00
      20023    834.250      9.593      9.673    16.4847    16.5040  37.773424  37.694991    16.4833    16.5025    29.2333    29.1518    21.2104    21.1437    10.0027     9.8579    306.095    301.685     3.0501     2.8376     0.1148     1.8444     3.3101     0.3443     0.0000 -124.03088   46.13138      19.49          4  0.000e+00
      20024    834.292      9.633      9.713    16.4849    16.5038  37.772258  37.695509    16.4834    16.5023    29.2322    29.1524    21.2095    21.1442    10.0028     9.8579    306.098    301.686     3.0501     2.8376     0.1136     1.8138     3.3114     0.3443     0.0000 -124.03088   46.13138      19.49          4  0.000e+00
      20025    834.333      9.580      9.660    16.4851    16.5037  37.773424  37.696220    16.4836    16.5022    29.2331    29.1532    21.2102    21.1447    10.0026     9.8579    306.093    301.684     3.0501     2.8376     0.1136     1.8138     3.3126     0.3443     0.0000 -124.03088   46.13138      19.49          4  0.000e+00
      20026    834.375      9.593      9.673    16.4852    16.5035  37.774591  37.697968    16.4838    16.5020    29.2340    29.1548    21.2108    21.1461    10.0025     9.8578    306.091    301.682     3.0501     2.8376     0.1136     1.8138     3.3126     0.3443     0.0000 -124.03088   46.13138      19.49          4  0.000e+00
      20027    834.417      9.580      9.660    16.4859    16.5031  37.773100  37.699974    16.4844    16.5016    29.2322    29.1568    21.2093    21.1476    10.0025     9.8578    306.090    301.680     3.0501     2.8376     0.1136     1.8138     3.3126     0.3443     0.0000 -124.03088   46.13138      19.49          4  0.000e+00
      20028    834.458      9.633      9.713    16.4869    16.5032  37.769990  37.701204    16.4854    16.5017    29.2288    29.1578    21.2064    21.1484    10.0026     9.8578    306.093    301.679     3.0501     2.8376     0.1148     1.8444     3.3126     0.3443     0.0000 -124.03088   46.13138      19.49          4  0.000e+00
      20029    834.500      9.580      9.660    16.4874    16.5033  37.767203  37.700491    16.4860    16.5018    29.2260    29.1571    21.2042    21.1479    10.0026     9.8577    306.094    301.678     3.0501     2.8376     0.1148     1.8444     3.3114     0.3443     0.0000 -124.03088   46.13138      19.49          4  0.000e+00
      20030    834.542      9.639      9.720    16.4880    16.5021  37.764028  37.702627    16.4865    16.5007    29.2229    29.1597    21.2017    21.1501    10.0027     9.8579    306.100    301.682     3.0501     2.8376     0.1148     1.8444     3.3114     0.3443     0.0000 -124.03088   46.13138      19.49          4  0.000e+00
      20031    834.583      9.580      9.660    16.4878    16.5005  37.764740  37.709941    16.4863    16.4991    29.2236    29.1672    21.2023    21.1562    10.0026     9.8577    306.097    301.674     3.0501     2.8376     0.1148     1.8444     3.3114     0.3443     0.0000 -124.03088   46.13138      19.46          4  0.000e+00
      20032    834.625      9.633      9.713    16.4880    16.4992  37.766231  37.718550    16.4865    16.4977    29.2248    29.1756    21.2031    21.1629    10.0026     9.8523    306.095    301.509     3.0501     2.8364     0.1148     1.8444     3.3114     0.3443     0.0000 -124.03088   46.13138      19.44          4  0.000e+00
      20033    834.667      9.593      9.673    16.4876    16.4964  37.764999  37.726123    16.4861    16.4949    29.2240    29.1841    21.2026    21.1701    10.0027     9.8524    306.098    301.508     3.0501     2.8364     0.1148     1.8444     3.3114     0.3443     0.0000 -124.03088   46.13138      19.46          4  0.000e+00
      20034    834.708      9.580      9.660    16.4861    16.4935  37.766814  37.730461    16.4846    16.4920    29.2267    29.1900    21.2050    21.1752    10.0028     9.8526    306.101    301.513     3.0501     2.8364     0.1136     1.8138     3.3114     0.3443     0.0000 -124.03088   46.13138      19.44          4  0.000e+00
      20035    834.750      9.633      9.713    16.4849    16.4919  37.760529  37.729296    16.4834    16.4904    29.2221    29.1901    21.2018    21.1757    10.0034     9.8530    306.120    301.525     3.0501     2.8364     0.1148     1.8444     3.3114     0.3443     0.0000 -124.03088   46.13138      19.46          4  0.000e+00
      20036    834.792      9.633      9.713    16.4876    16.4911  37.746663  37.727419    16.4861    16.4896    29.2082    29.1891    21.1905    21.1751    10.0037     9.8584    306.132    301.690     3.0501     2.8376     0.1148     1.8444     3.3101     0.3443     0.0000 -124.03088   46.13138      19.44          4  0.000e+00
      20037    834.833      9.639      9.720    16.4874    16.4924  37.750744  37.718939    16.4859    16.4909    29.2118    29.1809    21.1933    21.1685     9.9987     9.8534    305.980    301.541     3.0488     2.8364     0.1148     1.8444     3.3114     0.3443     0.0000 -124.03088   46.13138      19.37          4  0.000e+00
      20038    834.875      9.679      9.760    16.4851    16.4935  37.770508  37.711625    16.4836    16.4920    29.2305    29.1738    21.2082    21.1628    10.0029     9.8537    306.103    301.550     3.0501     2.8364     0.1136     1.8138     3.3114     0.3443     0.0000 -124.03088   46.13138      19.34          4  0.000e+00
      20039    834.917      9.633      9.713    16.4806    16.4948  37.793647  37.700363    16.4791    16.4933    29.2537    29.1631    21.2269    21.1544    10.0023     9.8540    306.079    301.562     3.0501     2.8364     0.1136     1.8138     3.3114     0.3443     0.0000 -124.03088   46.13138      19.34          4  0.000e+00
      20040    834.958      9.686      9.766    16.4757    16.5004  37.809466  37.667104    16.4742    16.4989    29.2709    29.1305    21.2412    21.1281    10.0023     9.8549    306.075    301.597     3.0501     2.8364     0.1148     1.8444     3.3114     0.3443     0.0000 -124.03088   46.13138      19.34          4  0.000e+00
      20041    835.000      9.633      9.713    16.4728    16.5067  37.811216  37.625644    16.4713    16.5052    29.2746    29.0903    21.2447    21.0959    10.0026     9.8559    306.083    301.638     3.0501     2.8364     0.1148     1.8444     3.3114     0.3443     0.0000 -124.03088   46.13138      19.34          4  0.000e+00
      20042    835.042      9.679      9.760    16.4732    16.5119  37.807326  37.595191    16.4717    16.5104    29.2709    29.0603    21.2418    21.0718    10.0028     9.8567    306.090    301.669     3.0501     2.8364     0.1136     1.8138     3.3114     0.3443     0.0000 -124.03088   46.13138      19.34          4  0.000e+00
      20043    835.083      9.686      9.766    16.4723    16.5158  37.809336  37.574701    16.4708    16.5143    29.2733    29.0399    21.2438    21.0552    10.0028     9.8571    306.091    301.687     3.0501     2.8364     0.1148     1.8444     3.3114     0.3443     0.0000 -124.03088   46.13138      19.27          4  0.000e+00
      20044    835.125      9.725      9.806    16.4726    16.5190  37.810957  37.561452    16.4711    16.5175    29.2744    29.0262    21.2446    21.0440    10.0028     9.8522    306.088    301.539     3.0501     2.8352     0.1136     1.8138     3.3114     0.3443     0.0000 -124.03088   46.13138      19.27          4  0.000e+00
      20045    835.167      9.679      9.760    16.4730    16.5196  37.811541  37.559772    16.4715    16.5181    29.2747    29.0243    21.2447    21.0425    10.0026     9.8573    306.083    301.695     3.0501     2.8364     0.1148     1.8444     3.3114     0.3443     0.0000 -124.03088   46.13138      19.24          4  0.000e+00
      20046    835.208      9.725      9.806    16.4725    16.5197  37.812513  37.565200    16.4710    16.5182    29.2759    29.0289    21.2458    21.0460    10.0027     9.8570    306.086    301.687     3.0501     2.8364     0.1148     1.8444     3.3114     0.3443     0.0000 -124.03088   46.13138      19.24          4  0.000e+00
