West Coast/WCOA-7/CTD_Data/RB2102_CTD_100_01.ros
* Sea-Bird SBE 9 Data File:
* FileName = C:\Users\scs.user.rb\CTD\RB2102\Data\RB2102_CTD_100_01.hex
* Software Version Seasave V 7.26.7.107
* Temperature SN = 6202
* Conductivity SN = 4907
* Number of Bytes Per Scan = 41
* Number of Voltage Words = 4
* Number of Scans Averaged by the Deck Unit = 1
* NMEA Latitude = 36 47.72 N
* NMEA Longitude = 121 50.81 W
* NMEA UTC (Time) = Jul 14 2021  22:30:36
* NMEA baud rate = 4800
# nquan = 30
# nvalues = 1173                                  
# units = specified
# name 0 = scan: Scan Count
# name 1 = timeS: Time, Elapsed [seconds]
# name 2 = depSM: Depth [salt water, m]
# name 3 = prDM: Pressure, Digiquartz [db]
# name 4 = t090C: Temperature [ITS-90, deg C]
# name 5 = t190C: Temperature, 2 [ITS-90, deg C]
# name 6 = c0mS/cm: Conductivity [mS/cm]
# name 7 = c1mS/cm: Conductivity, 2 [mS/cm]
# name 8 = potemp090C: Potential Temperature [ITS-90, deg C]
# name 9 = potemp190C: Potential Temperature, 2 [ITS-90, deg C]
# name 10 = sal00: Salinity, Practical [PSU]
# name 11 = sal11: Salinity, Practical, 2 [PSU]
# name 12 = sigma-é00: Density [sigma-theta, kg/m^3]
# name 13 = sigma-é11: Density, 2 [sigma-theta, kg/m^3]
# name 14 = sbeox0Mg/L: Oxygen, SBE 43 [mg/l]
# name 15 = sbeox1Mg/L: Oxygen, SBE 43, 2 [mg/l]
# name 16 = sbox0Mm/Kg: Oxygen, SBE 43 [umol/kg]
# name 17 = sbox1Mm/Kg: Oxygen, SBE 43, 2 [umol/kg]
# name 18 = sbeox0V: Oxygen raw, SBE 43 [V]
# name 19 = sbeox1V: Oxygen raw, SBE 43, 2 [V]
# name 20 = v4: Voltage 4
# name 21 = flECO-AFL: Fluorescence, WET Labs ECO-AFL/FL [mg/m^3]
# name 22 = v3: Voltage 3
# name 23 = v6: Voltage 6
# name 24 = v7: Voltage 7
# name 25 = longitude: Longitude [deg]
# name 26 = latitude: Latitude [deg]
# name 27 = altM: Altimeter [m]
# name 28 = nbf: Bottles Fired
# name 29 = flag:  0.000e+00
# interval = seconds: 0.0416667
# start_time = Jul 14 2021 22:30:36 [NMEA time, header]
# bad_flag = -9.990e-29
*END*
[from data line 1016]
      57168   2381.958      4.921      4.957    13.1316    13.1043  39.843578  39.830446    13.1309    13.1036    33.8126    33.8245    25.4470    25.4616     8.9240     9.0486    271.959    275.752     2.6838     2.5543     0.1819     3.5232     3.1917     0.0672     0.0000 -121.84692   36.79438      99.73         21  0.000e+00
      57169   2382.000      4.874      4.911    13.1278    13.0953  39.840732  39.826147    13.1271    13.0946    33.8133    33.8285    25.4483    25.4665     8.9346     9.0448    272.280    275.633     2.6862     2.5531     0.1819     3.5232     3.1905     0.0672     0.0000 -121.84692   36.79438      99.73         21  0.000e+00
      57170   2382.042      4.821      4.857    13.1253    13.0879  39.839143  39.825155    13.1246    13.0873    33.8141    33.8342    25.4494    25.4724     8.9399     9.0512    272.442    275.829     2.6874     2.5543     0.1832     3.5538     3.1905     0.0659     0.0000 -121.84692   36.79438      99.73         21  0.000e+00
      57171   2382.083      4.874      4.911    13.1253    13.0851  39.841924  39.825156    13.1246    13.0844    33.8167    33.8367    25.4514    25.4749     8.9448     9.0571    272.590    276.008     2.6886     2.5556     0.1819     3.5232     3.1905     0.0659     0.0000 -121.84692   36.79438      99.73         21  0.000e+00
      57172   2382.125      4.874      4.911    13.1290    13.0896  39.847087  39.826677    13.1283    13.0889    33.8183    33.8341    25.4519    25.4720     8.9489     9.0564    272.717    275.985     2.6899     2.5556     0.1832     3.5538     3.1905     0.0647     0.0000 -121.84692   36.79438      99.73         21  0.000e+00
      57173   2382.167      4.841      4.877    13.1353    13.0951  39.852449  39.827999    13.1346    13.0944    33.8178    33.8305    25.4502    25.4681     8.9577     9.0554    272.983    275.958     2.6923     2.5556     0.1832     3.5538     3.1905     0.0647     0.0000 -121.84692   36.79438      99.76         21  0.000e+00
      57174   2382.208      4.874      4.911    13.1408    13.0981  39.856024  39.828462    13.1401    13.0974    33.8162    33.8282    25.4479    25.4657     8.9617     9.0550    273.107    275.945     2.6935     2.5556     0.1819     3.5232     3.1905     0.0647     0.0000 -121.84692   36.79438      99.73         21  0.000e+00
      57175   2382.250      4.821      4.857    13.1456    13.1016  39.858076  39.827800    13.1449    13.1009    33.8139    33.8245    25.4452    25.4622     8.9658     9.0598    273.233    276.094     2.6947     2.5568     0.1819     3.5232     3.1905     0.0635     0.0000 -121.84692   36.79438      99.76         21  0.000e+00
      57176   2382.292      4.874      4.911    13.1466    13.1055  39.857282  39.828329    13.1460    13.1048    33.8122    33.8215    25.4436    25.4591     8.9757     9.0593    273.534    276.078     2.6972     2.5568     0.1832     3.5538     3.1905     0.0635     0.0000 -121.84692   36.79438      99.73         21  0.000e+00
      57177   2382.333      4.821      4.857    13.1455    13.1106  39.855759  39.830114    13.1448    13.1100    33.8118    33.8186    25.4436    25.4558     8.9808     9.0583    273.691    276.050     2.6984     2.5568     0.1832     3.5538     3.1905     0.0635     0.0000 -121.84692   36.79438      99.73         21  0.000e+00
      59069   2461.167      3.511      3.537    13.5323    13.5363  40.229790  40.235446    13.5318    13.5358    33.8210    33.8228    25.3725    25.3731     9.3582     9.5003    285.212    289.543     2.8107     2.6777     0.1697     3.2180     3.1868     0.0806     0.0000 -121.84694   36.79432      99.80         22  0.000e+00
      59070   2461.208      3.411      3.437    13.5340    13.5380  40.230852  40.236376    13.5335    13.5375    33.8206    33.8222    25.3718    25.3723     9.3578     9.5052    285.199    289.693     2.8107     2.6789     0.1685     3.1875     3.1893     0.0806     0.0000 -121.84694   36.79432      99.83         22  0.000e+00
      59071   2461.250      3.511      3.537    13.5356    13.5388  40.230387  40.236642    13.5351    13.5383    33.8186    33.8217    25.3700    25.3717     9.3528     9.5052    285.047    289.692     2.8095     2.6789     0.1685     3.1875     3.1893     0.0794     0.0000 -121.84694   36.79432      99.83         22  0.000e+00
      59072   2461.292      3.464      3.490    13.5355    13.5395  40.228991  40.236907    13.5350    13.5390    33.8175    33.8214    25.3691    25.3713     9.3577     9.5050    285.198    289.687     2.8107     2.6789     0.1697     3.2180     3.1868     0.0806     0.0000 -121.84694   36.79432      99.83         22  0.000e+00
      59073   2461.333      3.431      3.457    13.5337    13.5388  40.227463  40.236442    13.5332    13.5383    33.8177    33.8215    25.3696    25.3716     9.3531     9.5051    285.057    289.690     2.8095     2.6789     0.1685     3.1875     3.1880     0.0794     0.0000 -121.84694   36.79432      99.83         22  0.000e+00
      59074   2461.375      3.411      3.437    13.5305    13.5375  40.225071  40.236841    13.5300    13.5370    33.8183    33.8231    25.3707    25.3731     9.3537     9.5053    285.075    289.694     2.8095     2.6789     0.1685     3.1875     3.1868     0.0794     0.0000 -121.84694   36.79432      99.83         22  0.000e+00
      59075   2461.417      3.464      3.490    13.5258    13.5375  40.222214  40.237240    13.5253    13.5370    33.8197    33.8235    25.3728    25.3734     9.3595     9.5053    285.251    289.695     2.8107     2.6789     0.1697     3.2180     3.1868     0.0794     0.0000 -121.84694   36.79432      99.83         22  0.000e+00
      59076   2461.458      3.411      3.437    13.5213    13.5379  40.219489  40.237572    13.5208    13.5375    33.8212    33.8234    25.3749    25.3732     9.3553     9.5052    285.123    289.691     2.8095     2.6789     0.1685     3.1875     3.1880     0.0794     0.0000 -121.84694   36.79432      99.83         22  0.000e+00
      59077   2461.500      3.411      3.437    13.5186    13.5382  40.217429  40.237704    13.5181    13.5377    33.8216    33.8233    25.3758    25.3731     9.3558     9.5051    285.138    289.689     2.8095     2.6789     0.1697     3.2180     3.1868     0.0794     0.0000 -121.84694   36.79432      99.83         22  0.000e+00
      59078   2461.542      3.411      3.437    13.5174    13.5373  40.215968  40.237904    13.5169    13.5368    33.8213    33.8242    25.3758    25.3740     9.3561     9.5053    285.146    289.693     2.8095     2.6789     0.1697     3.2180     3.1880     0.0781     0.0000 -121.84694   36.79432      99.80         22  0.000e+00
      59079   2461.583      3.411      3.437    13.5170    13.5358  40.214506  40.237240    13.5165    13.5353    33.8203    33.8250    25.3751    25.3749     9.3562     9.5055    285.151    289.701     2.8095     2.6789     0.1697     3.2180     3.1868     0.0781     0.0000 -121.84694   36.79432      99.83         22  0.000e+00
      59080   2461.625      3.411      3.437    13.5161    13.5342  40.213443  40.236243    13.5157    13.5338    33.8201    33.8254    25.3751    25.3755     9.3613     9.5058    285.306    289.710     2.8107     2.6789     0.1697     3.2180     3.1880     0.0781     0.0000 -121.84694   36.79432      99.83         22  0.000e+00
      59081   2461.667      3.411      3.437    13.5151    13.5339  40.212313  40.235247    13.5146    13.5335    33.8199    33.8247    25.3752    25.3751     9.3566     9.5059    285.163    289.713     2.8095     2.6789     0.1697     3.2180     3.1880     0.0781     0.0000 -121.84694   36.79432      99.83         22  0.000e+00
      59082   2461.708      3.365      3.390    13.5142    13.5339  40.211648  40.234649    13.5138    13.5335    33.8201    33.8242    25.3755    25.3746     9.3567     9.5059    285.166    289.712     2.8095     2.6789     0.1697     3.2180     3.1868     0.0781     0.0000 -121.84694   36.79432      99.83         22  0.000e+00
      59083   2461.750      3.365      3.390    13.5133    13.5338  40.210984  40.234583    13.5128    13.5333    33.8203    33.8243    25.3758    25.3747     9.3569     9.5059    285.171    289.713     2.8095     2.6789     0.1697     3.2180     3.1880     0.0781     0.0000 -121.84694   36.79432      99.83         22  0.000e+00
      59084   2461.792      3.365      3.390    13.5125    13.5331  40.210187  40.234782    13.5120    13.5326    33.8203    33.8251    25.3760    25.3755     9.3571     9.5060    285.176    289.716     2.8095     2.6789     0.1697     3.2180     3.1880     0.0769     0.0000 -121.84694   36.79432      99.83         22  0.000e+00
      59085   2461.833      3.378      3.403    13.5110    13.5331  40.210054  40.235114    13.5106    13.5326    33.8214    33.8254    25.3772    25.3757     9.3573     9.5060    285.182    289.716     2.8095     2.6789     0.1697     3.2180     3.1880     0.0769     0.0000 -121.84694   36.79432      99.83         22  0.000e+00
      59086   2461.875      3.411      3.437    13.5098    13.5358  40.210519  40.236044    13.5093    13.5353    33.8230    33.8238    25.3786    25.3740     9.3575     9.5056    285.188    289.703     2.8095     2.6789     0.1697     3.2180     3.1880     0.0757     0.0000 -121.84694   36.79432      99.83         22  0.000e+00
      59087   2461.917      3.312      3.337    13.5086    13.5395  40.211848  40.236840    13.5081    13.5390    33.8253    33.8214    25.3806    25.3713     9.3575     9.5049    285.187    289.681     2.8095     2.6789     0.1697     3.2180     3.1880     0.0757     0.0000 -121.84694   36.79432      99.83         22  0.000e+00
      59088   2461.958      3.365      3.390    13.5086    13.5420  40.214174  40.237504    13.5081    13.5416    33.8274    33.8197    25.3823    25.3695     9.3574     9.5045    285.184    289.671     2.8095     2.6789     0.1685     3.1875     3.1893     0.0757     0.0000 -121.84694   36.79432      99.83         22  0.000e+00
      59089   2462.000      3.365      3.390    13.5092    13.5420  40.215237  40.239497    13.5087    13.5415    33.8279    33.8216    25.3826    25.3710     9.3523     9.5044    285.030    289.667     2.8083     2.6789     0.1697     3.2180     3.1880     0.0757     0.0000 -121.84694   36.79432      99.83         22  0.000e+00
      59090   2462.042      3.312      3.337    13.5101    13.5422  40.215769  40.240361    13.5097    13.5417    33.8276    33.8222    25.3821    25.3714     9.3521     9.5042    285.023    289.662     2.8083     2.6789     0.1697     3.2180     3.1868     0.0757     0.0000 -121.84694   36.79432      99.80         22  0.000e+00
      59091   2462.083      3.312      3.337    13.5116    13.5437  40.217098  40.241490    13.5112    13.5432    33.8275    33.8220    25.3817    25.3709     9.3518     9.5039    285.014    289.654     2.8083     2.6789     0.1697     3.2180     3.1868     0.0757     0.0000 -121.84694   36.79432      99.83         22  0.000e+00
      59092   2462.125      3.365      3.390    13.5129    13.5447  40.218626  40.242088    13.5125    13.5442    33.8278    33.8216    25.3817    25.3704     9.3516     9.5038    285.008    289.650     2.8083     2.6789     0.1697     3.2180     3.1880     0.0757     0.0000 -121.84694   36.79432      99.83         22  0.000e+00
      59093   2462.167      3.312      3.337    13.5141    13.5453  40.219955  40.242752    13.5136    13.5449    33.8281    33.8217    25.3817    25.3704     9.3562     9.5036    285.149    289.644     2.8095     2.6789     0.1685     3.1875     3.1880     0.0757     0.0000 -121.84694   36.79432      99.83         22  0.000e+00
      59094   2462.208      3.365      3.390    13.5160    13.5457  40.221816  40.242752    13.5155    13.5453    33.8281    33.8214    25.3813    25.3700     9.3510     9.5036    284.990    289.644     2.8083     2.6789     0.1697     3.2180     3.1868     0.0757     0.0000 -121.84694   36.79432      99.80         22  0.000e+00
      59095   2462.250      3.312      3.337    13.5180    13.5469  40.224341  40.243084    13.5175    13.5465    33.8287    33.8206    25.3814    25.3692     9.3554     9.5034    285.124    289.636     2.8095     2.6789     0.1697     3.2180     3.1868     0.0757     0.0000 -121.84694   36.79432      99.83         22  0.000e+00
      59096   2462.292      3.312      3.337    13.5206    13.5471  40.227730  40.241955    13.5202    13.5466    33.8295    33.8194    25.3814    25.3683     9.3499     9.5034    284.957    289.637     2.8083     2.6789     0.1697     3.2180     3.1880     0.0757     0.0000 -121.84694   36.79432      99.83         22  0.000e+00
      59097   2462.333      3.365      3.390    13.5241    13.5455  40.229790  40.241291    13.5236    13.5450    33.8283    33.8202    25.3798    25.3692     9.3543     9.5037    285.091    289.648     2.8095     2.6789     0.1697     3.2180     3.1868     0.0757     0.0000 -121.84694   36.79432      99.83         22  0.000e+00
      59098   2462.375      3.279      3.303    13.5265    13.5442  40.230853  40.240892    13.5260    13.5438    33.8273    33.8210    25.3786    25.3700     9.3538     9.5039    285.076    289.651     2.8095     2.6789     0.1685     3.1875     3.1880     0.0757     0.0000 -121.84694   36.79432      99.83         22  0.000e+00
      59099   2462.417      3.365      3.390    13.5288    13.5442  40.231717  40.240826    13.5283    13.5438    33.8260    33.8209    25.3771    25.3700     9.3535     9.5040    285.067    289.654     2.8095     2.6789     0.1697     3.2180     3.1880     0.0757     0.0000 -121.84694   36.79432      99.80         22  0.000e+00
      59100   2462.458      3.312      3.337    13.5311    13.5462  40.232315  40.241822    13.5307    13.5457    33.8245    33.8201    25.3755    25.3690     9.3531     9.5035    285.055    289.642     2.8095     2.6789     0.1685     3.1875     3.1880     0.0757     0.0000 -121.84694   36.79432      99.83         22  0.000e+00
      59101   2462.500      3.365      3.390    13.5330    13.5494  40.232315  40.244612    13.5325    13.5489    33.8228    33.8198    25.3738    25.3681     9.3529     9.5029    285.049    289.624     2.8095     2.6789     0.1697     3.2180     3.1880     0.0757     0.0000 -121.84694   36.79432      99.83         22  0.000e+00
      59102   2462.542      3.312      3.337    13.5335    13.5501  40.231915  40.249262    13.5331    13.5497    33.8220    33.8236    25.3730    25.3709     9.3528     9.5025    285.045    289.610     2.8095     2.6789     0.1685     3.1875     3.1880     0.0757     0.0000 -121.84694   36.79432      99.83         22  0.000e+00
      59103   2462.583      3.365      3.390    13.5340    13.5552  40.231118  40.256105    13.5335    13.5547    33.8208    33.8255    25.3720    25.3713     9.3528     9.5014    285.047    289.576     2.8095     2.6789     0.1697     3.2180     3.1880     0.0757     0.0000 -121.84694   36.79432      99.83         22  0.000e+00
      59104   2462.625      3.312      3.337    13.5331    13.5743  40.230786  40.263678    13.5327    13.5738    33.8213    33.8157    25.3726    25.3598     9.3529     9.4926    285.049    289.311     2.8095     2.6777     0.1697     3.2180     3.1880     0.0769     0.0000 -121.84694   36.79432      99.83         22  0.000e+00
      59105   2462.667      3.365      3.390    13.5325    13.5840  40.230321  40.269258    13.5320    13.5835    33.8214    33.8123    25.3728    25.3552     9.3531     9.4962    285.055    289.422     2.8095     2.6789     0.1697     3.2180     3.1880     0.0769     0.0000 -121.84694   36.79432      99.83         22  0.000e+00
