West Coast/WCOA-7/CTD_Data/RB2102_CTD_123_01.ros
* Sea-Bird SBE 9 Data File:
* FileName = C:\Users\scs.user.rb\CTD\RB2102\Data\RB2102_CTD_123_01.hex
* Software Version Seasave V 7.26.7.107
* Temperature SN = 6202
* Conductivity SN = 4907
* Number of Bytes Per Scan = 41
* Number of Voltage Words = 4
* Number of Scans Averaged by the Deck Unit = 1
* NMEA Latitude = 33 59.61 N
* NMEA Longitude = 119 22.28 W
* NMEA UTC (Time) = Jul 19 2021  22:20:50
* NMEA baud rate = 4800
# nquan = 30
# nvalues = 809                                   
# units = specified
# name 0 = scan: Scan Count
# name 1 = timeS: Time, Elapsed [seconds]
# name 2 = depSM: Depth [salt water, m]
# name 3 = prDM: Pressure, Digiquartz [db]
# name 4 = t090C: Temperature [ITS-90, deg C]
# name 5 = t190C: Temperature, 2 [ITS-90, deg C]
# name 6 = c0mS/cm: Conductivity [mS/cm]
# name 7 = c1mS/cm: Conductivity, 2 [mS/cm]
# name 8 = potemp090C: Potential Temperature [ITS-90, deg C]
# name 9 = potemp190C: Potential Temperature, 2 [ITS-90, deg C]
# name 10 = sal00: Salinity, Practical [PSU]
# name 11 = sal11: Salinity, Practical, 2 [PSU]
# name 12 = sigma-é00: Density [sigma-theta, kg/m^3]
# name 13 = sigma-é11: Density, 2 [sigma-theta, kg/m^3]
# name 14 = sbeox0Mg/L: Oxygen, SBE 43 [mg/l]
# name 15 = sbeox1Mg/L: Oxygen, SBE 43, 2 [mg/l]
# name 16 = sbox0Mm/Kg: Oxygen, SBE 43 [umol/kg]
# name 17 = sbox1Mm/Kg: Oxygen, SBE 43, 2 [umol/kg]
# name 18 = sbeox0V: Oxygen raw, SBE 43 [V]
# name 19 = sbeox1V: Oxygen raw, SBE 43, 2 [V]
# name 20 = v4: Voltage 4
# name 21 = flECO-AFL: Fluorescence, WET Labs ECO-AFL/FL [mg/m^3]
# name 22 = v3: Voltage 3
# name 23 = v6: Voltage 6
# name 24 = v7: Voltage 7
# name 25 = longitude: Longitude [deg]
# name 26 = latitude: Latitude [deg]
# name 27 = altM: Altimeter [m]
# name 28 = nbf: Bottles Fired
# name 29 = flag:  0.000e+00
# interval = seconds: 0.0416667
# start_time = Jul 19 2021 22:20:50 [NMEA time, header]
# bad_flag = -9.990e-29
*END*
[from data line 532]
      33765   1406.833     19.850     19.993    19.2659    19.2698  45.418333  45.423610    19.2623    19.2662    33.5367    33.5379    23.8364    23.8364     8.4299     7.8616    257.306    239.958     2.8230     2.5226     0.0794     0.9591     3.2442     0.0000     0.0000 -119.37126   33.99290      69.23         12  0.000e+00
      33766   1406.875     19.896     20.040    19.2662    19.2697  45.418124  45.423610    19.2627    19.2661    33.5362    33.5380    23.8360    23.8365     8.4299     7.8616    257.306    239.960     2.8230     2.5226     0.0794     0.9591     3.2442     0.0000     0.0000 -119.37126   33.99290      69.23         12  0.000e+00
      33767   1406.917     19.896     20.040    19.2663    19.2698  45.418333  45.423959    19.2627    19.2662    33.5364    33.5382    23.8361    23.8366     8.4299     7.8616    257.306    239.959     2.8230     2.5226     0.0794     0.9591     3.2442     0.0000     0.0000 -119.37126   33.99290      69.33         12  0.000e+00
      33768   1406.958     19.896     20.040    19.2664    19.2700  45.418682  45.424308    19.2629    19.2664    33.5365    33.5383    23.8362    23.8367     8.4343     7.8616    257.439    239.958     2.8242     2.5226     0.0794     0.9591     3.2442     0.0000     0.0000 -119.37126   33.99290      69.35         12  0.000e+00
      33769   1407.000     19.896     20.040    19.2664    19.2704  45.418543  45.424168    19.2628    19.2668    33.5365    33.5379    23.8361    23.8362     8.4343     7.8615    257.440    239.957     2.8242     2.5226     0.0794     0.9591     3.2430     0.0000     0.0000 -119.37126   33.99290      69.35         12  0.000e+00
      33770   1407.042     19.843     19.987    19.2666    19.2705  45.418682  45.424587    19.2631    19.2669    33.5364    33.5381    23.8360    23.8364     8.4342     7.8614    257.437    239.954     2.8242     2.5226     0.0794     0.9591     3.2442     0.0000     0.0000 -119.37126   33.99290      69.35         12  0.000e+00
      33771   1407.083     19.896     20.040    19.2663    19.2705  45.418822  45.425146    19.2627    19.2670    33.5368    33.5386    23.8364    23.8367     8.4299     7.8615    257.305    239.955     2.8230     2.5226     0.0794     0.9591     3.2430     0.0000     0.0000 -119.37126   33.99290      69.35         12  0.000e+00
      33772   1407.125     19.896     20.040    19.2666    19.2710  45.419101  45.424866    19.2630    19.2675    33.5367    33.5379    23.8363    23.8361     8.4299     7.8614    257.304    239.953     2.8230     2.5226     0.0794     0.9591     3.2454     0.0000     0.0000 -119.37126   33.99290      69.35         12  0.000e+00
      33773   1407.167     19.896     20.040    19.2664    19.2710  45.418473  45.425425    19.2628    19.2675    33.5364    33.5384    23.8361    23.8364     8.4299     7.8662    257.305    240.098     2.8230     2.5238     0.0794     0.9591     3.2442     0.0000     0.0000 -119.37126   33.99290      69.26         12  0.000e+00
      33774   1407.208     19.896     20.040    19.2666    19.2712  45.418962  45.425564    19.2630    19.2677    33.5366    33.5383    23.8362    23.8364     8.4299     7.8614    257.304    239.952     2.8230     2.5226     0.0794     0.9591     3.2442     0.0000     0.0000 -119.37126   33.99290      69.23         12  0.000e+00
      33775   1407.250     19.843     19.987    19.2666    19.2719  45.418891  45.425564    19.2631    19.2683    33.5366    33.5378    23.8362    23.8358     8.4298     7.8612    257.302    239.948     2.8230     2.5226     0.0794     0.9591     3.2430     0.0000     0.0000 -119.37126   33.99290      69.23         12  0.000e+00
      33776   1407.292     19.896     20.040    19.2669    19.2719  45.418542  45.426123    19.2633    19.2683    33.5360    33.5383    23.8357    23.8361     8.4254     7.8613    257.169    239.949     2.8217     2.5226     0.0794     0.9591     3.2442     0.0000     0.0000 -119.37126   33.99290      69.23         12  0.000e+00
      33777   1407.333     19.843     19.987    19.2668    19.2724  45.419590  45.425773    19.2632    19.2689    33.5370    33.5376    23.8365    23.8354     8.4254     7.8659    257.166    240.091     2.8217     2.5238     0.0794     0.9591     3.2442     0.0000     0.0000 -119.37126   33.99290      69.23         12  0.000e+00
      33778   1407.375     19.896     20.040    19.2673    19.2720  45.419101  45.426123    19.2637    19.2685    33.5362    33.5382    23.8357    23.8360     8.4254     7.8660    257.167    240.094     2.8217     2.5238     0.0794     0.9591     3.2442     0.0000     0.0000 -119.37126   33.99290      69.23         12  0.000e+00
      33779   1407.417     19.896     20.040    19.2673    19.2719  45.419101  45.426123    19.2637    19.2683    33.5362    33.5383    23.8357    23.8361     8.4254     7.8660    257.167    240.094     2.8217     2.5238     0.0794     0.9591     3.2442     0.0000     0.0000 -119.37126   33.99290      69.21         12  0.000e+00
      33780   1407.458     19.850     19.993    19.2673    19.2718  45.418612  45.425355    19.2637    19.2682    33.5358    33.5378    23.8354    23.8358     8.4254     7.8660    257.166    240.094     2.8217     2.5238     0.0794     0.9591     3.2454     0.0000     0.0000 -119.37126   33.99290      69.21         12  0.000e+00
      33781   1407.500     19.896     20.040    19.2669    19.2715  45.419031  45.425425    19.2634    19.2680    33.5364    33.5380    23.8360    23.8360     8.4210     7.8661    257.034    240.096     2.8205     2.5238     0.0806     0.9897     3.2430     0.0000     0.0000 -119.37126   33.99290      69.21         12  0.000e+00
      33782   1407.542     19.850     19.993    19.2668    19.2714  45.418822  45.425006    19.2632    19.2678    33.5364    33.5378    23.8360    23.8359     8.4210     7.8661    257.033    240.096     2.8205     2.5238     0.0806     0.9897     3.2430     0.0000     0.0000 -119.37126   33.99290      69.21         12  0.000e+00
      33783   1407.583     19.850     19.993    19.2667    19.2714  45.418752  45.425075    19.2632    19.2678    33.5364    33.5378    23.8360    23.8359     8.4166     7.8661    256.899    240.096     2.8193     2.5238     0.0806     0.9897     3.2454     0.0000     0.0000 -119.37126   33.99290      69.21         12  0.000e+00
      33784   1407.625     19.896     20.040    19.2666    19.2710  45.419101  45.424657    19.2630    19.2675    33.5367    33.5378    23.8363    23.8360     8.4166     7.8662    256.900    240.099     2.8193     2.5238     0.0806     0.9897     3.2442     0.0000     0.0000 -119.37126   33.99290      69.21         12  0.000e+00
      33785   1407.667     19.850     19.993    19.2666    19.2708  45.418891  45.424936    19.2631    19.2673    33.5366    33.5382    23.8362    23.8363     8.4166     7.8662    256.899    240.098     2.8193     2.5238     0.0806     0.9897     3.2442     0.0000     0.0000 -119.37126   33.99290      69.18         12  0.000e+00
      33786   1407.708     19.896     20.040    19.2666    19.2711  45.418822  45.426402    19.2630    19.2675    33.5365    33.5392    23.8361    23.8370     8.4122     7.8661    256.766    240.096     2.8181     2.5238     0.0806     0.9897     3.2442     0.0000     0.0000 -119.37126   33.99290      69.18         12  0.000e+00
      33787   1407.750     19.850     19.993    19.2666    19.2729  45.419101  45.428496    19.2630    19.2694    33.5368    33.5394    23.8363    23.8367     8.4078     7.8658    256.630    240.086     2.8168     2.5238     0.0806     0.9897     3.2442     0.0000     0.0000 -119.37126   33.99290      69.16         12  0.000e+00
      33788   1407.792     19.843     19.987    19.2666    19.2750  45.419241  45.430800    19.2631    19.2715    33.5369    33.5396    23.8364    23.8364     8.4078     7.8654    256.629    240.076     2.8168     2.5238     0.0806     0.9897     3.2442     0.0000     0.0000 -119.37126   33.99290      69.18         12  0.000e+00
      33789   1407.833     19.896     20.040    19.2666    19.2771  45.418333  45.431637    19.2630    19.2735    33.5361    33.5386    23.8358    23.8351     8.4079     7.8605    256.632    239.924     2.8168     2.5226     0.0806     0.9897     3.2442     0.0000     0.0000 -119.37126   33.99290      69.18         12  0.000e+00
      33790   1407.875     19.797     19.940    19.2666    19.2776  45.418333  45.432335    19.2631    19.2741    33.5361    33.5388    23.8358    23.8351     8.4034     7.8603    256.495    239.918     2.8156     2.5226     0.0806     0.9897     3.2442     0.0000     0.0000 -119.37126   33.99290      69.18         12  0.000e+00
      33791   1407.917     19.896     20.040    19.2664    19.2785  45.418263  45.432754    19.2628    19.2750    33.5362    33.5384    23.8360    23.8345     8.3991     7.8650    256.364    240.063     2.8144     2.5238     0.0806     0.9897     3.2454     0.0000     0.0000 -119.37126   33.99290      69.23         12  0.000e+00
      33792   1407.958     19.850     19.993    19.2666    19.2792  45.419241  45.432893    19.2631    19.2757    33.5369    33.5380    23.8364    23.8340     8.3990     7.8601    256.361    239.914     2.8144     2.5226     0.0806     0.9897     3.2454     0.0000     0.0000 -119.37126   33.99290      69.26         12  0.000e+00
      33793   1408.000     19.843     19.987    19.2669    19.2795  45.419869  45.433173    19.2634    19.2760    33.5371    33.5380    23.8365    23.8339     8.3945     7.8601    256.224    239.912     2.8132     2.5226     0.0806     0.9897     3.2442     0.0000     0.0000 -119.37126   33.99290      69.26         12  0.000e+00
      33794   1408.042     19.850     19.993    19.2678    19.2803  45.420847  45.433312    19.2642    19.2767    33.5372    33.5375    23.8364    23.8334     8.3944     7.8600    256.220    239.910     2.8132     2.5226     0.0806     0.9897     3.2442     0.0000     0.0000 -119.37126   33.99290      69.26         12  0.000e+00
      33795   1408.083     19.843     19.987    19.2690    19.2808  45.422243  45.434150    19.2655    19.2772    33.5374    33.5378    23.8362    23.8335     8.3941     7.8599    256.214    239.907     2.8132     2.5226     0.0806     0.9897     3.2442     0.0000     0.0000 -119.37126   33.99290      69.26         12  0.000e+00
      33796   1408.125     19.850     19.993    19.2706    19.2811  45.423500  45.434150    19.2670    19.2776    33.5372    33.5375    23.8356    23.8332     8.3895     7.8598    256.072    239.906     2.8120     2.5226     0.0806     0.9897     3.2442     0.0000     0.0000 -119.37126   33.99290      69.26         12  0.000e+00
      37348   1556.125      9.896      9.967    19.4729    19.4744  45.612017  45.614284    19.4711    19.4726    33.5335    33.5341    23.7805    23.7806     8.3171     7.7684    253.875    237.128     2.8034     2.5092     0.0537     0.3181     3.2430     0.0000     0.0000 -119.37120   33.99274      79.76         13  0.000e+00
      37349   1556.167      9.797      9.867    19.4729    19.4744  45.612016  45.614843    19.4711    19.4727    33.5335    33.5346    23.7806    23.7810     8.3170     7.7683    253.872    237.124     2.8034     2.5092     0.0525     0.2876     3.2430     0.0000     0.0000 -119.37120   33.99274      79.80         13  0.000e+00
      37350   1556.208      9.903      9.974    19.4727    19.4743  45.611877  45.614773    19.4709    19.4726    33.5335    33.5346    23.7806    23.7810     8.3171     7.7684    253.877    237.127     2.8034     2.5092     0.0525     0.2876     3.2430     0.0000     0.0000 -119.37120   33.99274      79.83         13  0.000e+00
      37351   1556.250      9.843      9.914    19.4729    19.4744  45.611946  45.614913    19.4711    19.4726    33.5334    33.5346    23.7805    23.7810     8.3127     7.7683    253.740    237.125     2.8022     2.5092     0.0537     0.3181     3.2405     0.0000     0.0000 -119.37120   33.99274      79.83         13  0.000e+00
      37352   1556.292      9.843      9.914    19.4727    19.4742  45.611737  45.615053    19.4709    19.4724    33.5334    33.5349    23.7806    23.7813     8.3127     7.7684    253.741    237.126     2.8022     2.5092     0.0537     0.3181     3.2405     0.0000     0.0000 -119.37120   33.99274      79.83         13  0.000e+00
      37353   1556.333      9.903      9.974    19.4725    19.4742  45.611457  45.614773    19.4707    19.4724    33.5333    33.5347    23.7805    23.7811     8.3128     7.7684    253.744    237.128     2.8022     2.5092     0.0537     0.3181     3.2418     0.0000     0.0000 -119.37120   33.99274      79.83         13  0.000e+00
      37354   1556.375      9.843      9.914    19.4724    19.4744  45.611597  45.614913    19.4706    19.4726    33.5336    33.5346    23.7807    23.7810     8.3083     7.7683    253.608    237.125     2.8010     2.5092     0.0525     0.2876     3.2418     0.0000     0.0000 -119.37120   33.99274      79.83         13  0.000e+00
      37355   1556.417      9.843      9.914    19.4727    19.4744  45.611877  45.614773    19.4709    19.4726    33.5335    33.5345    23.7806    23.7809     8.3039     7.7684    253.473    237.125     2.7998     2.5092     0.0525     0.2876     3.2430     0.0000     0.0000 -119.37120   33.99274      79.76         13  0.000e+00
      37356   1556.458      9.896      9.967    19.4727    19.4743  45.611877  45.614563    19.4709    19.4726    33.5335    33.5344    23.7806    23.7809     8.2996     7.7684    253.341    237.127     2.7985     2.5092     0.0525     0.2876     3.2430     0.0000     0.0000 -119.37120   33.99274      79.73         13  0.000e+00
      37357   1556.500      9.803      9.874    19.4727    19.4742  45.611946  45.614913    19.4709    19.4724    33.5336    33.5348    23.7807    23.7812     8.2995     7.7683    253.338    237.125     2.7985     2.5092     0.0537     0.3181     3.2418     0.0000     0.0000 -119.37120   33.99274      79.71         13  0.000e+00
      37358   1556.542      9.843      9.914    19.4727    19.4742  45.611737  45.615053    19.4709    19.4724    33.5334    33.5349    23.7806    23.7813     8.2995     7.7684    253.340    237.126     2.7985     2.5092     0.0537     0.3181     3.2418     0.0000     0.0000 -119.37120   33.99274      79.73         13  0.000e+00
      37359   1556.583      9.896      9.967    19.4727    19.4741  45.611807  45.615053    19.4709    19.4723    33.5335    33.5350    23.7806    23.7814     8.2996     7.7684    253.341    237.128     2.7985     2.5092     0.0537     0.3181     3.2418     0.0000     0.0000 -119.37120   33.99274      79.73         13  0.000e+00
      37360   1556.625      9.856      9.927    19.4727    19.4744  45.611387  45.614773    19.4709    19.4726    33.5331    33.5345    23.7803    23.7809     8.2952     7.7684    253.207    237.126     2.7973     2.5092     0.0525     0.2876     3.2418     0.0000     0.0000 -119.37120   33.99274      79.73         13  0.000e+00
      37361   1556.667      9.896      9.967    19.4730    19.4743  45.611807  45.614703    19.4712    19.4726    33.5332    33.5345    23.7803    23.7810     8.2952     7.7684    253.206    237.127     2.7973     2.5092     0.0537     0.3181     3.2418     0.0000     0.0000 -119.37120   33.99274      79.80         13  0.000e+00
      37362   1556.708      9.843      9.914    19.4727    19.4742  45.612156  45.614703    19.4709    19.4724    33.5338    33.5346    23.7808    23.7811     8.2951     7.7684    253.205    237.126     2.7973     2.5092     0.0537     0.3181     3.2418     0.0000     0.0000 -119.37120   33.99274      79.85         13  0.000e+00
      37363   1556.750      9.803      9.874    19.4727    19.4742  45.611806  45.614703    19.4709    19.4724    33.5335    33.5346    23.7806    23.7811     8.2951     7.7683    253.204    237.125     2.7973     2.5092     0.0537     0.3181     3.2430     0.0000     0.0000 -119.37120   33.99274      79.85         13  0.000e+00
