West Coast/WCOA-7/CTD_Data/RB2102_CTD_055_01.ros
* Sea-Bird SBE 9 Data File:
* FileName = C:\Users\scs.user.rb\CTD\RB2102\Data\RB2102_CTD_055_01.hex
* Software Version Seasave V 7.26.7.107
* Temperature SN = 6202
* Conductivity SN = 4907
* Number of Bytes Per Scan = 41
* Number of Voltage Words = 4
* Number of Scans Averaged by the Deck Unit = 1
* NMEA Latitude = 44 00.03 N
* NMEA Longitude = 124 48.03 W
* NMEA UTC (Time) = Jul 05 2021  03:20:33
* NMEA baud rate = 4800
# nquan = 30
# nvalues = 735                                   
# units = specified
# name 0 = scan: Scan Count
# name 1 = timeS: Time, Elapsed [seconds]
# name 2 = depSM: Depth [salt water, m]
# name 3 = prDM: Pressure, Digiquartz [db]
# name 4 = t090C: Temperature [ITS-90, deg C]
# name 5 = t190C: Temperature, 2 [ITS-90, deg C]
# name 6 = c0mS/cm: Conductivity [mS/cm]
# name 7 = c1mS/cm: Conductivity, 2 [mS/cm]
# name 8 = potemp090C: Potential Temperature [ITS-90, deg C]
# name 9 = potemp190C: Potential Temperature, 2 [ITS-90, deg C]
# name 10 = sal00: Salinity, Practical [PSU]
# name 11 = sal11: Salinity, Practical, 2 [PSU]
# name 12 = sigma-é00: Density [sigma-theta, kg/m^3]
# name 13 = sigma-é11: Density, 2 [sigma-theta, kg/m^3]
# name 14 = sbeox0Mg/L: Oxygen, SBE 43 [mg/l]
# name 15 = sbeox1Mg/L: Oxygen, SBE 43, 2 [mg/l]
# name 16 = sbox0Mm/Kg: Oxygen, SBE 43 [umol/kg]
# name 17 = sbox1Mm/Kg: Oxygen, SBE 43, 2 [umol/kg]
# name 18 = sbeox0V: Oxygen raw, SBE 43 [V]
# name 19 = sbeox1V: Oxygen raw, SBE 43, 2 [V]
# name 20 = v4: Voltage 4
# name 21 = flECO-AFL: Fluorescence, WET Labs ECO-AFL/FL [mg/m^3]
# name 22 = v3: Voltage 3
# name 23 = v6: Voltage 6
# name 24 = v7: Voltage 7
# name 25 = longitude: Longitude [deg]
# name 26 = latitude: Latitude [deg]
# name 27 = altM: Altimeter [m]
# name 28 = nbf: Bottles Fired
# name 29 = flag:  0.000e+00
# interval = seconds: 0.0416667
# start_time = Jul 05 2021 03:20:33 [NMEA time, header]
# bad_flag = -9.990e-29
*END*
[from data line 629]
      49808   2075.292      3.659      3.689    13.2023    13.2010  38.065369  38.063855    13.2018    13.2005    32.0759    32.0756    24.0889    24.0890     9.8473    10.1106    300.492    308.529     2.8889     2.7753     0.4286     9.6893     3.2063     0.1087     0.1306 -124.80130   44.00056       0.98         13  0.000e+00
      49809   2075.333      3.606      3.635    13.2025    13.2009  38.065109  38.063790    13.2020    13.2004    32.0756    32.0757    24.0886    24.0891     9.8472    10.1106    300.490    308.528     2.8889     2.7753     0.4298     9.7198     3.2051     0.1087     0.1306 -124.80130   44.00056       0.98         13  0.000e+00
      49810   2075.375      3.659      3.689    13.2022    13.2012  38.065239  38.064180    13.2017    13.2007    32.0759    32.0758    24.0890    24.0891     9.8473    10.1106    300.494    308.527     2.8889     2.7753     0.4286     9.6893     3.2051     0.1074     0.1306 -124.80130   44.00056       0.98         13  0.000e+00
      49811   2075.417      3.606      3.635    13.2025    13.2009  38.065369  38.064309    13.2020    13.2004    32.0758    32.0762    24.0888    24.0894     9.8472    10.1105    300.490    308.527     2.8889     2.7753     0.4249     9.5977     3.2051     0.1074     0.1306 -124.80130   44.00056       0.98         13  0.000e+00
      49812   2075.458      3.573      3.602    13.2023    13.2010  38.065369  38.064049    13.2018    13.2005    32.0760    32.0758    24.0890    24.0891     9.8472    10.1105    300.489    308.525     2.8889     2.7753     0.4200     9.4756     3.2063     0.1087     0.1306 -124.80130   44.00056       1.00         13  0.000e+00
      49813   2075.500      3.606      3.635    13.2025    13.2010  38.065109  38.064049    13.2020    13.2005    32.0756    32.0758    24.0886    24.0891     9.8472    10.1105    300.490    308.526     2.8889     2.7753     0.4188     9.4451     3.2051     0.1123     0.1282 -124.80130   44.00056       1.00         13  0.000e+00
      49814   2075.542      3.560      3.589    13.2021    13.2012  38.065044  38.063724    13.2016    13.2007    32.0758    32.0754    24.0889    24.0888     9.8472    10.1105    300.490    308.524     2.8889     2.7753     0.4176     9.4146     3.2063     0.1136     0.1282 -124.80130   44.00056       1.00         13  0.000e+00
      49815   2075.583      3.513      3.542    13.2022    13.2012  38.064589  38.064114    13.2017    13.2007    32.0754    32.0758    24.0886    24.0890     9.8471    10.1104    300.489    308.522     2.8889     2.7753     0.4188     9.4451     3.2051     0.1123     0.1282 -124.80130   44.00056       1.00         13  0.000e+00
      49858   2077.375      3.170      3.195    13.1978    13.1997  38.061078  38.062619    13.1974    13.1992    32.0759    32.0758    24.0898    24.0893     9.8426    10.1320    300.350    309.182     2.8877     2.7802     0.4017     9.0177     3.2051     0.1026     0.1294 -124.80130   44.00056       1.00         14  0.000e+00
      49859   2077.417      3.170      3.195    13.1979    13.1992  38.061208  38.062294    13.1975    13.1988    32.0759    32.0759    24.0898    24.0895     9.8426    10.1321    300.349    309.185     2.8877     2.7802     0.4017     9.0177     3.2051     0.1026     0.1282 -124.80130   44.00056       1.03         14  0.000e+00
      49860   2077.458      3.071      3.095    13.1979    13.1990  38.061337  38.062034    13.1975    13.1986    32.0761    32.0758    24.0899    24.0895     9.8424    10.1320    300.345    309.182     2.8877     2.7802     0.4017     9.0177     3.2051     0.1026     0.1282 -124.80130   44.00056       1.07         14  0.000e+00
      49861   2077.500      3.170      3.195    13.1981    13.1988  38.061338  38.061579    13.1977    13.1984    32.0759    32.0755    24.0897    24.0893     9.8425    10.1322    300.348    309.188     2.8877     2.7802     0.4017     9.0177     3.2051     0.1050     0.1270 -124.80130   44.00056       1.10         14  0.000e+00
      49862   2077.542      3.216      3.242    13.1979    13.1987  38.061143  38.061580    13.1975    13.1982    32.0758    32.0756    24.0897    24.0894     9.8426    10.1323    300.351    309.191     2.8877     2.7802     0.4017     9.0177     3.2039     0.1062     0.1270 -124.80130   44.00056       1.07         14  0.000e+00
      49863   2077.583      3.123      3.149    13.1980    13.1985  38.061273  38.061644    13.1976    13.1981    32.0760    32.0759    24.0898    24.0897     9.8425    10.1268    300.347    309.022     2.8877     2.7790     0.4017     9.0177     3.2063     0.1050     0.1270 -124.80130   44.00056       1.10         14  0.000e+00
      49864   2077.625      3.170      3.195    13.1983    13.1982  38.061793  38.061710    13.1979    13.1977    32.0762    32.0762    24.0899    24.0900     9.8425    10.1323    300.346    309.191     2.8877     2.7802     0.3956     8.8651     3.2063     0.1050     0.1270 -124.80130   44.00056       1.07         14  0.000e+00
      49865   2077.667      3.170      3.195    13.1985    13.1983  38.062248  38.061385    13.1980    13.1979    32.0764    32.0757    24.0901    24.0896     9.8424    10.1323    300.344    309.191     2.8877     2.7802     0.3919     8.7735     3.2051     0.1038     0.1270 -124.80130   44.00056       1.05         14  0.000e+00
      49866   2077.708      3.183      3.209    13.1986    13.1983  38.062053  38.061320    13.1982    13.1979    32.0761    32.0757    24.0898    24.0895     9.8424    10.1323    300.345    309.192     2.8877     2.7802     0.3919     8.7735     3.2051     0.1050     0.1270 -124.80130   44.00056       1.00         14  0.000e+00
      49867   2077.750      3.124      3.149    13.1988    13.1982  38.061988  38.061385    13.1984    13.1977    32.0759    32.0759    24.0896    24.0897     9.8423    10.1268    300.342    309.024     2.8877     2.7790     0.3919     8.7735     3.2063     0.1038     0.1270 -124.80130   44.00056       0.98         14  0.000e+00
      49868   2077.792      3.170      3.196    13.1988    13.1980  38.061728  38.061320    13.1983    13.1976    32.0757    32.0760    24.0895    24.0898     9.8424    10.1269    300.344    309.027     2.8877     2.7790     0.3919     8.7735     3.2063     0.1026     0.1270 -124.80130   44.00056       0.98         14  0.000e+00
      49869   2077.833      3.170      3.196    13.1986    13.1982  38.061858  38.061515    13.1982    13.1977    32.0759    32.0760    24.0897    24.0898     9.8424    10.1323    300.344    309.192     2.8877     2.7802     0.3919     8.7735     3.2063     0.1038     0.1270 -124.80130   44.00056       0.98         14  0.000e+00
      49870   2077.875      3.170      3.196    13.1988    13.1982  38.062053  38.061385    13.1984    13.1977    32.0760    32.0759    24.0897    24.0897     9.8474    10.1269    300.496    309.026     2.8889     2.7790     0.3919     8.7735     3.2051     0.1038     0.1270 -124.80130   44.00056       0.98         14  0.000e+00
      49871   2077.917      3.170      3.196    13.1991    13.1983  38.061988  38.061385    13.1987    13.1979    32.0756    32.0757    24.0894    24.0896     9.8423    10.1269    300.342    309.025     2.8877     2.7790     0.3919     8.7735     3.2063     0.1026     0.1270 -124.80130   44.00056       1.00         14  0.000e+00
      49872   2077.958      3.170      3.196    13.1986    13.1983  38.061988  38.061060    13.1982    13.1979    32.0761    32.0754    24.0898    24.0893     9.8424    10.1269    300.344    309.026     2.8877     2.7790     0.3919     8.7735     3.2063     0.1026     0.1270 -124.80130   44.00056       1.05         14  0.000e+00
      49873   2078.000      3.170      3.196    13.1986    13.1983  38.061468  38.061450    13.1982    13.1979    32.0756    32.0758    24.0894    24.0896     9.8424    10.1269    300.345    309.025     2.8877     2.7790     0.3919     8.7735     3.2051     0.1038     0.1270 -124.80130   44.00056       1.05         14  0.000e+00
      49874   2078.042      3.170      3.196    13.1985    13.1985  38.061078  38.061450    13.1980    13.1980    32.0753    32.0757    24.0893    24.0895     9.8475    10.1269    300.500    309.024     2.8889     2.7790     0.3919     8.7735     3.2051     0.1038     0.1270 -124.80130   44.00056       1.03         14  0.000e+00
      49875   2078.083      3.170      3.196    13.1985    13.1985  38.061468  38.061320    13.1980    13.1980    32.0757    32.0756    24.0895    24.0894     9.8475    10.1269    300.499    309.025     2.8889     2.7790     0.3919     8.7735     3.2063     0.1074     0.1258 -124.80130   44.00056       1.05         14  0.000e+00
      49876   2078.125      3.216      3.242    13.1986    13.1983  38.061663  38.061515    13.1982    13.1979    32.0757    32.0758    24.0895    24.0897     9.8475    10.1269    300.499    309.027     2.8889     2.7790     0.3919     8.7735     3.2063     0.1074     0.1258 -124.80130   44.00056       1.05         14  0.000e+00
      49877   2078.167      3.170      3.196    13.1981    13.1985  38.061403  38.061450    13.1977    13.1980    32.0759    32.0757    24.0898    24.0895     9.8475    10.1269    300.500    309.024     2.8889     2.7790     0.3919     8.7735     3.2063     0.1062     0.1258 -124.80130   44.00056       1.03         14  0.000e+00
      49878   2078.208      3.216      3.242    13.1985    13.1987  38.061403  38.061320    13.1980    13.1982    32.0756    32.0754    24.0895    24.0892     9.8475    10.1269    300.501    309.026     2.8889     2.7790     0.3919     8.7735     3.2051     0.1074     0.1258 -124.80130   44.00056       0.95         14  0.000e+00
      49879   2078.250      3.216      3.242    13.1980    13.1988  38.061338  38.062294    13.1975    13.1984    32.0760    32.0762    24.0898    24.0898     9.8476    10.1268    300.503    309.023     2.8889     2.7790     0.3919     8.7735     3.2051     0.1087     0.1258 -124.80130   44.00056       0.93         14  0.000e+00
      49880   2078.292      3.183      3.209    13.1985    13.1992  38.061793  38.062424    13.1980    13.1988    32.0760    32.0760    24.0898    24.0896     9.8475    10.1267    300.499    309.019     2.8889     2.7790     0.3919     8.7735     3.2051     0.1099     0.1258 -124.80130   44.00056       0.95         14  0.000e+00
      49881   2078.333      3.216      3.242    13.1986    13.1992  38.062248  38.062814    13.1982    13.1988    32.0763    32.0763    24.0899    24.0899     9.8475    10.1213    300.498    308.854     2.8889     2.7778     0.3919     8.7735     3.2063     0.1087     0.1258 -124.80130   44.00056       0.95         14  0.000e+00
      49882   2078.375      3.269      3.296    13.1989    13.1998  38.062378  38.063204    13.1985    13.1994    32.0761    32.0761    24.0898    24.0896     9.8475    10.1266    300.499    309.018     2.8889     2.7790     0.3932     8.8041     3.2051     0.1087     0.1258 -124.80130   44.00056       0.95         14  0.000e+00
      49883   2078.417      3.269      3.296    13.1988    13.2003  38.062378  38.063399    13.1984    13.1999    32.0762    32.0759    24.0899    24.0893     9.8475    10.1211    300.499    308.849     2.8889     2.7778     0.3919     8.7735     3.2063     0.1087     0.1258 -124.80130   44.00056       1.03         14  0.000e+00
      49884   2078.458      3.316      3.343    13.1993    13.2003  38.063093  38.063594    13.1988    13.1999    32.0765    32.0761    24.0900    24.0894     9.8524    10.1266    300.650    309.017     2.8901     2.7790     0.3919     8.7735     3.2051     0.1074     0.1258 -124.80130   44.00056       1.10         14  0.000e+00
      49885   2078.500      3.362      3.389    13.1996    13.2005  38.063353  38.063399    13.1992    13.2001    32.0764    32.0757    24.0898    24.0891     9.8524    10.1212    300.650    308.852     2.8901     2.7778     0.3919     8.7735     3.2063     0.1074     0.1258 -124.80130   44.00056       1.10         14  0.000e+00
      49886   2078.542      3.316      3.343    13.1995    13.2003  38.062963  38.063529    13.1990    13.1999    32.0762    32.0760    24.0897    24.0894     9.8524    10.1212    300.650    308.851     2.8901     2.7778     0.3919     8.7735     3.2051     0.1087     0.1245 -124.80130   44.00056       1.10         14  0.000e+00
      49887   2078.583      3.415      3.443    13.1996    13.2007  38.063419  38.063464    13.1992    13.2002    32.0765    32.0756    24.0899    24.0890     9.8525    10.1212    300.652    308.853     2.8901     2.7778     0.3919     8.7735     3.2051     0.1087     0.1245 -124.80130   44.00056       1.10         14  0.000e+00
      49888   2078.625      3.461      3.489    13.1998    13.2007  38.063159  38.063334    13.1993    13.2002    32.0760    32.0755    24.0895    24.0889     9.8525    10.1213    300.653    308.855     2.8901     2.7778     0.3919     8.7735     3.2063     0.1074     0.1245 -124.80130   44.00056       1.10         14  0.000e+00
      49889   2078.667      3.514      3.543    13.1998    13.2012  38.063029  38.064049    13.1993    13.2007    32.0759    32.0757    24.0895    24.0890     9.8526    10.1158    300.656    308.688     2.8901     2.7766     0.3919     8.7735     3.2051     0.1062     0.1258 -124.80130   44.00056       1.32         14  0.000e+00
      49890   2078.708      3.514      3.543    13.1998    13.2014  38.063484  38.064114    13.1993    13.2009    32.0763    32.0756    24.0898    24.0889     9.8526    10.1158    300.655    308.687     2.8901     2.7766     0.3956     8.8651     3.2051     0.1062     0.1245 -124.80130   44.00056       1.49         14  0.000e+00
      49891   2078.750      3.514      3.543    13.2003    13.2015  38.063679  38.064504    13.1998    13.2011    32.0761    32.0758    24.0895    24.0890     9.8575    10.1157    300.805    308.685     2.8913     2.7766     0.3980     8.9262     3.2051     0.1074     0.1245 -124.80130   44.00056       1.51         14  0.000e+00
      49892   2078.792      3.607      3.636    13.2006    13.2018  38.064459  38.064829    13.2001    13.2014    32.0765    32.0758    24.0898    24.0890     9.8575    10.1158    300.806    308.687     2.8913     2.7766     0.3980     8.9262     3.2051     0.1099     0.1245 -124.80130   44.00056       1.49         14  0.000e+00
      49893   2078.833      3.673      3.703    13.2006    13.2018  38.064265  38.064764    13.2001    13.2013    32.0763    32.0758    24.0896    24.0889     9.8576    10.1159    300.808    308.689     2.8913     2.7766     0.3980     8.9262     3.2051     0.1111     0.1233 -124.80130   44.00056       1.49         14  0.000e+00
      49894   2078.875      3.660      3.690    13.2009    13.2017  38.064004  38.064894    13.2004    13.2012    32.0758    32.0760    24.0891    24.0891     9.8626    10.1104    300.960    308.523     2.8926     2.7753     0.3980     8.9262     3.2051     0.1123     0.1221 -124.80130   44.00056       1.49         14  0.000e+00
      49895   2078.917      3.706      3.736    13.2008    13.2017  38.064005  38.064699    13.2003    13.2012    32.0759    32.0758    24.0892    24.0890     9.8626    10.1105    300.962    308.526     2.8926     2.7753     0.3980     8.9262     3.2051     0.1123     0.1233 -124.80130   44.00056       1.66         14  0.000e+00
      49896   2078.958      3.753      3.783    13.2011    13.2014  38.063745  38.064440    13.2006    13.2008    32.0754    32.0758    24.0888    24.0891     9.8627    10.1106    300.963    308.530     2.8926     2.7753     0.3980     8.9262     3.2051     0.1111     0.1233 -124.80130   44.00056       1.76         14  0.000e+00
