West Coast/WCOA-7/CTD_Data/RB2102_CTD_093_01.ros
* Sea-Bird SBE 9 Data File:
* FileName = C:\Users\scs.user.rb\CTD\RB2102\Data\RB2102_CTD_093_01.hex
* Software Version Seasave V 7.26.7.107
* Temperature SN = 6202
* Conductivity SN = 4907
* Number of Bytes Per Scan = 41
* Number of Voltage Words = 4
* Number of Scans Averaged by the Deck Unit = 1
* NMEA Latitude = 37 43.08 N
* NMEA Longitude = 122 48.87 W
* NMEA UTC (Time) = Jul 13 2021  01:48:44
* NMEA baud rate = 4800
# nquan = 30
# nvalues = 525                                   
# units = specified
# name 0 = scan: Scan Count
# name 1 = timeS: Time, Elapsed [seconds]
# name 2 = depSM: Depth [salt water, m]
# name 3 = prDM: Pressure, Digiquartz [db]
# name 4 = t090C: Temperature [ITS-90, deg C]
# name 5 = t190C: Temperature, 2 [ITS-90, deg C]
# name 6 = c0mS/cm: Conductivity [mS/cm]
# name 7 = c1mS/cm: Conductivity, 2 [mS/cm]
# name 8 = potemp090C: Potential Temperature [ITS-90, deg C]
# name 9 = potemp190C: Potential Temperature, 2 [ITS-90, deg C]
# name 10 = sal00: Salinity, Practical [PSU]
# name 11 = sal11: Salinity, Practical, 2 [PSU]
# name 12 = sigma-é00: Density [sigma-theta, kg/m^3]
# name 13 = sigma-é11: Density, 2 [sigma-theta, kg/m^3]
# name 14 = sbeox0Mg/L: Oxygen, SBE 43 [mg/l]
# name 15 = sbeox1Mg/L: Oxygen, SBE 43, 2 [mg/l]
# name 16 = sbox0Mm/Kg: Oxygen, SBE 43 [umol/kg]
# name 17 = sbox1Mm/Kg: Oxygen, SBE 43, 2 [umol/kg]
# name 18 = sbeox0V: Oxygen raw, SBE 43 [V]
# name 19 = sbeox1V: Oxygen raw, SBE 43, 2 [V]
# name 20 = v4: Voltage 4
# name 21 = flECO-AFL: Fluorescence, WET Labs ECO-AFL/FL [mg/m^3]
# name 22 = v3: Voltage 3
# name 23 = v6: Voltage 6
# name 24 = v7: Voltage 7
# name 25 = longitude: Longitude [deg]
# name 26 = latitude: Latitude [deg]
# name 27 = altM: Altimeter [m]
# name 28 = nbf: Bottles Fired
# name 29 = flag:  0.000e+00
# interval = seconds: 0.0416667
# start_time = Jul 13 2021 01:48:44 [NMEA time, header]
# bad_flag = -9.990e-29
*END*
[from data line 484]
      26445   1101.833      3.961      3.991    12.3435    12.3447  39.049892  39.050974    12.3430    12.3442    33.7612    33.7611    25.5616    25.5613     9.3852     9.6937    285.982    295.381     2.7582     2.6630     0.2357     4.8663     3.3297     0.2125     0.1563 -122.81496   37.71762      54.65         11  0.000e+00
      26446   1101.875      4.007      4.037    12.3435    12.3446  39.050023  39.051368    12.3430    12.3440    33.7613    33.7616    25.5617    25.5618     9.3853     9.6937    285.983    295.383     2.7582     2.6630     0.2344     4.8358     3.3309     0.2125     0.1563 -122.81496   37.71762      54.68         11  0.000e+00
      26447   1101.917      3.961      3.991    12.3435    12.3444  39.049892  39.051500    12.3430    12.3439    33.7612    33.7620    25.5616    25.5621     9.3852     9.6937    285.982    295.382     2.7582     2.6630     0.2344     4.8358     3.3309     0.2125     0.1563 -122.81496   37.71762      54.70         11  0.000e+00
      26448   1101.958      3.961      3.991    12.3435    12.3446  39.049695  39.051237    12.3430    12.3440    33.7610    33.7615    25.5615    25.5617     9.3852     9.6937    285.982    295.382     2.7582     2.6630     0.2344     4.8358     3.3309     0.2112     0.1551 -122.81496   37.71762      54.70         11  0.000e+00
      26449   1102.000      3.961      3.991    12.3434    12.3446  39.049563  39.051696    12.3429    12.3440    33.7610    33.7620    25.5615    25.5620     9.3852     9.6937    285.983    295.381     2.7582     2.6630     0.2344     4.8358     3.3309     0.2112     0.1551 -122.81496   37.71762      54.70         11  0.000e+00
      26450   1102.042      3.908      3.937    12.3436    12.3444  39.049629  39.051106    12.3431    12.3439    33.7608    33.7616    25.5613    25.5618     9.3851     9.6937    285.980    295.381     2.7582     2.6630     0.2344     4.8358     3.3297     0.2112     0.1563 -122.81496   37.71762      54.68         11  0.000e+00
      26451   1102.083      3.908      3.937    12.3435    12.3442  39.049892  39.051040    12.3430    12.3437    33.7612    33.7617    25.5616    25.5619     9.3851     9.6937    285.980    295.382     2.7582     2.6630     0.2344     4.8358     3.3309     0.2112     0.1563 -122.81496   37.71762      54.70         11  0.000e+00
      26452   1102.125      3.908      3.937    12.3436    12.3444  39.049629  39.051302    12.3431    12.3439    33.7608    33.7618    25.5613    25.5619     9.3851     9.6882    285.980    295.213     2.7582     2.6618     0.2332     4.8053     3.3309     0.2112     0.1563 -122.81496   37.71762      54.70         11  0.000e+00
      26453   1102.167      3.861      3.891    12.3437    12.3444  39.050154  39.051434    12.3432    12.3439    33.7613    33.7619    25.5617    25.5620     9.3850     9.6936    285.977    295.378     2.7582     2.6630     0.2344     4.8358     3.3309     0.2112     0.1563 -122.81496   37.71762      54.68         11  0.000e+00
      26454   1102.208      3.861      3.891    12.3439    12.3444  39.050220  39.051237    12.3434    12.3439    33.7612    33.7617    25.5616    25.5619     9.3850     9.6881    285.976    295.212     2.7582     2.6618     0.2344     4.8358     3.3309     0.2112     0.1563 -122.81496   37.71762      54.68         11  0.000e+00
      26455   1102.250      3.875      3.904    12.3440    12.3442  39.050285  39.050909    12.3435    12.3437    33.7612    33.7616    25.5615    25.5618     9.3850     9.6882    285.976    295.214     2.7582     2.6618     0.2344     4.8358     3.3297     0.2112     0.1563 -122.81496   37.71762      54.68         11  0.000e+00
      26456   1102.292      3.861      3.891    12.3439    12.3444  39.050351  39.050843    12.3434    12.3439    33.7613    33.7614    25.5617    25.5616     9.3901     9.6881    286.129    295.213     2.7595     2.6618     0.2344     4.8358     3.3297     0.2100     0.1563 -122.81496   37.71762      54.68         11  0.000e+00
      26457   1102.333      3.808      3.837    12.3440    12.3442  39.049957  39.050580    12.3435    12.3437    33.7609    33.7613    25.5613    25.5616     9.3849     9.6881    285.974    295.212     2.7582     2.6618     0.2332     4.8053     3.3297     0.2112     0.1563 -122.81496   37.71762      54.68         11  0.000e+00
      26458   1102.375      3.808      3.837    12.3437    12.3442  39.049957  39.050974    12.3432    12.3437    33.7611    33.7617    25.5616    25.5619     9.3900     9.6881    286.129    295.211     2.7595     2.6618     0.2344     4.8358     3.3309     0.2100     0.1563 -122.81496   37.71762      54.65         11  0.000e+00
      26459   1102.417      3.808      3.837    12.3440    12.3442  39.050154  39.050974    12.3435    12.3437    33.7610    33.7617    25.5614    25.5619     9.3849     9.6881    285.973    295.211     2.7582     2.6618     0.2344     4.8358     3.3297     0.2076     0.1538 -122.81496   37.71762      54.60         11  0.000e+00
      26460   1102.458      3.808      3.837    12.3438    12.3442  39.049825  39.051105    12.3433    12.3437    33.7609    33.7618    25.5613    25.5620     9.3850     9.6881    285.975    295.211     2.7582     2.6618     0.2344     4.8358     3.3309     0.2063     0.1526 -122.81496   37.71762      54.58         11  0.000e+00
      26461   1102.500      3.762      3.790    12.3439    12.3441  39.050088  39.051171    12.3434    12.3436    33.7611    33.7620    25.5615    25.5621     9.3849     9.6880    285.972    295.210     2.7582     2.6618     0.2344     4.8358     3.3297     0.2063     0.1526 -122.81496   37.71762      54.58         11  0.000e+00
      26462   1102.542      3.762      3.790    12.3437    12.3440  39.050022  39.051171    12.3432    12.3435    33.7612    33.7620    25.5616    25.5622     9.3849     9.6826    285.973    295.043     2.7582     2.6606     0.2344     4.8358     3.3309     0.2063     0.1526 -122.81496   37.71762      54.58         11  0.000e+00
      26463   1102.583      3.808      3.837    12.3438    12.3442  39.050023  39.050383    12.3433    12.3437    33.7611    33.7611    25.5615    25.5614     9.3850     9.6827    285.975    295.045     2.7582     2.6606     0.2344     4.8358     3.3309     0.2063     0.1526 -122.81496   37.71762      54.58         11  0.000e+00
      26464   1102.625      3.716      3.744    12.3437    12.3442  39.049891  39.050645    12.3432    12.3437    33.7611    33.7614    25.5615    25.5616     9.3849     9.6880    285.972    295.208     2.7582     2.6618     0.2344     4.8358     3.3309     0.2051     0.1526 -122.81496   37.71762      54.60         11  0.000e+00
      26465   1102.667      3.716      3.744    12.3438    12.3441  39.049956  39.050908    12.3433    12.3436    33.7611    33.7618    25.5615    25.5620     9.3849     9.6825    285.971    295.041     2.7582     2.6606     0.2344     4.8358     3.3309     0.2051     0.1526 -122.81496   37.71762      54.63         11  0.000e+00
      26466   1102.708      3.716      3.744    12.3440    12.3442  39.049891  39.050842    12.3436    12.3437    33.7608    33.7616    25.5612    25.5618     9.3848     9.6880    285.970    295.208     2.7582     2.6618     0.2332     4.8053     3.3297     0.2076     0.1538 -122.81496   37.71762      54.63         11  0.000e+00
      26467   1102.750      3.729      3.757    12.3437    12.3439  39.049694  39.050842    12.3432    12.3434    33.7609    33.7619    25.5614    25.5621     9.3849     9.6826    285.973    295.043     2.7582     2.6606     0.2344     4.8358     3.3297     0.2112     0.1563 -122.81496   37.71762      54.65         11  0.000e+00
      26468   1102.792      3.716      3.744    12.3440    12.3442  39.049891  39.050580    12.3435    12.3437    33.7608    33.7613    25.5613    25.5616     9.3848     9.6825    285.971    295.041     2.7582     2.6606     0.2344     4.8358     3.3309     0.2112     0.1563 -122.81496   37.71762      54.63         11  0.000e+00
      26469   1102.833      3.716      3.744    12.3440    12.3440  39.049891  39.050974    12.3436    12.3435    33.7608    33.7619    25.5612    25.5621     9.3848     9.6825    285.970    295.041     2.7582     2.6606     0.2344     4.8358     3.3297     0.2112     0.1563 -122.81496   37.71762      54.63         11  0.000e+00
      26470   1102.875      3.663      3.690    12.3438    12.3441  39.050219  39.050908    12.3433    12.3436    33.7613    33.7618    25.5617    25.5620     9.3848     9.6879    285.969    295.206     2.7582     2.6618     0.2332     4.8053     3.3309     0.2100     0.1563 -122.81496   37.71762      54.58         11  0.000e+00
      26471   1102.917      3.716      3.744    12.3440    12.3439  39.049956  39.050580    12.3436    12.3434    33.7609    33.7616    25.5613    25.5619     9.3798     9.6881    285.817    295.210     2.7570     2.6618     0.2344     4.8358     3.3297     0.2100     0.1551 -122.81496   37.71762      54.46         11  0.000e+00
      26472   1102.958      3.616      3.644    12.3437    12.3441  39.050219  39.050842    12.3432    12.3436    33.7615    33.7618    25.5618    25.5619     9.3797     9.6879    285.814    295.205     2.7570     2.6618     0.2344     4.8358     3.3309     0.2063     0.1526 -122.81496   37.71762      54.43         11  0.000e+00
      26473   1103.000      3.716      3.744    12.3440    12.3441  39.049825  39.050842    12.3435    12.3436    33.7608    33.7617    25.5612    25.5619     9.3798     9.6880    285.817    295.208     2.7570     2.6618     0.2369     4.8969     3.3297     0.2088     0.1551 -122.81496   37.71762      54.43         11  0.000e+00
      26474   1103.042      3.616      3.644    12.3437    12.3442  39.049825  39.051039    12.3432    12.3437    33.7611    33.7618    25.5615    25.5620     9.3797     9.6879    285.815    295.204     2.7570     2.6618     0.2418     5.0190     3.3297     0.2100     0.1563 -122.81496   37.71762      54.43         11  0.000e+00
      26475   1103.083      3.663      3.690    12.3438    12.3442  39.049431  39.051170    12.3433    12.3437    33.7606    33.7619    25.5611    25.5621     9.3798     9.6879    285.817    295.205     2.7570     2.6618     0.2430     5.0495     3.3309     0.2100     0.1551 -122.81496   37.71762      54.43         11  0.000e+00
      26476   1103.125      3.616      3.644    12.3439    12.3442  39.049693  39.050382    12.3434    12.3437    33.7608    33.7612    25.5613    25.5615     9.3797     9.6879    285.814    295.205     2.7570     2.6618     0.2430     5.0495     3.3309     0.2076     0.1538 -122.81496   37.71762      54.46         11  0.000e+00
      26477   1103.167      3.616      3.644    12.3439    12.3442  39.049431  39.050382    12.3434    12.3437    33.7606    33.7612    25.5611    25.5615     9.3797     9.6879    285.815    295.205     2.7570     2.6618     0.2430     5.0495     3.3297     0.2063     0.1526 -122.81496   37.71762      54.48         11  0.000e+00
      26478   1103.208      3.616      3.644    12.3438    12.3444  39.049496  39.051104    12.3434    12.3439    33.7607    33.7617    25.5611    25.5619     9.3797     9.6878    285.815    295.203     2.7570     2.6618     0.2418     5.0190     3.3309     0.2063     0.1526 -122.81496   37.71762      54.51         11  0.000e+00
      26479   1103.250      3.630      3.657    12.3440    12.3442  39.049890  39.050973    12.3436    12.3437    33.7608    33.7618    25.5612    25.5619     9.3797     9.6879    285.813    295.204     2.7570     2.6618     0.2418     5.0190     3.3309     0.2088     0.1551 -122.81496   37.71762      54.51         11  0.000e+00
      26480   1103.292      3.616      3.644    12.3437    12.3442  39.049431  39.051301    12.3432    12.3437    33.7607    33.7621    25.5612    25.5622     9.3797     9.6933    285.815    295.370     2.7570     2.6630     0.2430     5.0495     3.3297     0.2112     0.1563 -122.81496   37.71762      54.48         11  0.000e+00
      26481   1103.333      3.616      3.644    12.3438    12.3444  39.049693  39.051236    12.3434    12.3439    33.7609    33.7618    25.5613    25.5620     9.3797     9.6878    285.814    295.202     2.7570     2.6618     0.2430     5.0495     3.3297     0.2125     0.1575 -122.81496   37.71762      54.48         11  0.000e+00
      26482   1103.375      3.570      3.597    12.3437    12.3442  39.050219  39.051170    12.3432    12.3437    33.7615    33.7620    25.5618    25.5621     9.3796     9.6933    285.812    295.369     2.7570     2.6630     0.2430     5.0495     3.3297     0.2112     0.1563 -122.81496   37.71762      54.51         11  0.000e+00
      26483   1103.417      3.616      3.644    12.3442    12.3442  39.050219  39.050645    12.3437    12.3437    33.7610    33.7614    25.5614    25.5617     9.3796     9.6879    285.812    295.204     2.7570     2.6618     0.2418     5.0190     3.3297     0.2100     0.1563 -122.81496   37.71762      54.51         11  0.000e+00
      26484   1103.458      3.570      3.597    12.3437    12.3444  39.050022  39.050973    12.3432    12.3439    33.7613    33.7616    25.5617    25.5618     9.3797     9.6932    285.813    295.368     2.7570     2.6630     0.2418     5.0190     3.3297     0.2112     0.1563 -122.81496   37.71762      54.51         11  0.000e+00
      26485   1103.500      3.616      3.644    12.3440    12.3444  39.049759  39.051301    12.3436    12.3439    33.7607    33.7619    25.5611    25.5620     9.3746     9.6933    285.660    295.369     2.7558     2.6630     0.2418     5.0190     3.3309     0.2088     0.1551 -122.81496   37.71762      54.51         11  0.000e+00
