West Coast/WCOA-7/CTD_Data/RB2102_CTD_089_01.ros
* Sea-Bird SBE 9 Data File:
* FileName = C:\Users\scs.user.rb\CTD\RB2102\Data\RB2102_CTD_089_01.hex
* Software Version Seasave V 7.26.7.107
* Temperature SN = 6202
* Conductivity SN = 4907
* Number of Bytes Per Scan = 41
* Number of Voltage Words = 4
* Number of Scans Averaged by the Deck Unit = 1
* NMEA Latitude = 37 49.85 N
* NMEA Longitude = 122 26.73 W
* NMEA UTC (Time) = Jul 12 2021  20:00:48
* NMEA baud rate = 4800
# nquan = 30
# nvalues = 448                                   
# units = specified
# name 0 = scan: Scan Count
# name 1 = timeS: Time, Elapsed [seconds]
# name 2 = depSM: Depth [salt water, m]
# name 3 = prDM: Pressure, Digiquartz [db]
# name 4 = t090C: Temperature [ITS-90, deg C]
# name 5 = t190C: Temperature, 2 [ITS-90, deg C]
# name 6 = c0mS/cm: Conductivity [mS/cm]
# name 7 = c1mS/cm: Conductivity, 2 [mS/cm]
# name 8 = potemp090C: Potential Temperature [ITS-90, deg C]
# name 9 = potemp190C: Potential Temperature, 2 [ITS-90, deg C]
# name 10 = sal00: Salinity, Practical [PSU]
# name 11 = sal11: Salinity, Practical, 2 [PSU]
# name 12 = sigma-é00: Density [sigma-theta, kg/m^3]
# name 13 = sigma-é11: Density, 2 [sigma-theta, kg/m^3]
# name 14 = sbeox0Mg/L: Oxygen, SBE 43 [mg/l]
# name 15 = sbeox1Mg/L: Oxygen, SBE 43, 2 [mg/l]
# name 16 = sbox0Mm/Kg: Oxygen, SBE 43 [umol/kg]
# name 17 = sbox1Mm/Kg: Oxygen, SBE 43, 2 [umol/kg]
# name 18 = sbeox0V: Oxygen raw, SBE 43 [V]
# name 19 = sbeox1V: Oxygen raw, SBE 43, 2 [V]
# name 20 = v4: Voltage 4
# name 21 = flECO-AFL: Fluorescence, WET Labs ECO-AFL/FL [mg/m^3]
# name 22 = v3: Voltage 3
# name 23 = v6: Voltage 6
# name 24 = v7: Voltage 7
# name 25 = longitude: Longitude [deg]
# name 26 = latitude: Latitude [deg]
# name 27 = altM: Altimeter [m]
# name 28 = nbf: Bottles Fired
# name 29 = flag:  0.000e+00
# interval = seconds: 0.0416667
# start_time = Jul 12 2021 20:00:48 [NMEA time, header]
# bad_flag = -9.990e-29
*END*
[from data line 387]
      22232    926.292      3.156      3.180    15.7654    15.7666  41.430858  41.433370    15.7649    15.7661    32.9968    32.9981    24.2599    24.2606     6.9073     7.1133    210.744    217.027     2.2735     2.2027     0.1343     2.3328     3.2723     0.2564     0.2955 -122.44384   37.83174      25.45          9  0.000e+00
      22233    926.333      3.156      3.180    15.7656    15.7666  41.431531  41.433370    15.7651    15.7661    32.9973    32.9981    24.2602    24.2606     6.9073     7.1133    210.743    217.027     2.2735     2.2027     0.1343     2.3328     3.2735     0.2564     0.2955 -122.44384   37.83174      25.52          9  0.000e+00
      22234    926.375      3.170      3.194    15.7658    15.7668  41.431262  41.433572    15.7653    15.7663    32.9969    32.9981    24.2599    24.2606     6.9073     7.1132    210.743    217.027     2.2735     2.2027     0.1343     2.3328     3.2723     0.2589     0.2955 -122.44384   37.83174      25.52          9  0.000e+00
      22235    926.417      3.110      3.134    15.7658    15.7666  41.431060  41.433437    15.7653    15.7661    32.9967    32.9981    24.2598    24.2607     6.9072     7.1132    210.742    217.026     2.2735     2.2027     0.1343     2.3328     3.2735     0.2601     0.2955 -122.44384   37.83174      25.52          9  0.000e+00
      22236    926.458      3.110      3.134    15.7661    15.7669  41.431060  41.433572    15.7656    15.7665    32.9964    32.9980    24.2595    24.2605     6.9072     7.1132    210.741    217.024     2.2735     2.2027     0.1343     2.3328     3.2735     0.2589     0.2943 -122.44384   37.83174      25.49          9  0.000e+00
      22237    926.500      3.156      3.180    15.7659    15.7668  41.431060  41.433168    15.7654    15.7663    32.9966    32.9977    24.2596    24.2603     6.9073     7.1132    210.742    217.027     2.2735     2.2027     0.1343     2.3328     3.2735     0.2589     0.2943 -122.44384   37.83174      25.52          9  0.000e+00
      22238    926.542      3.110      3.134    15.7661    15.7668  41.431060  41.433504    15.7656    15.7663    32.9964    32.9981    24.2595    24.2606     6.9072     7.1132    210.741    217.025     2.2735     2.2027     0.1343     2.3328     3.2723     0.2601     0.2955 -122.44384   37.83174      25.54          9  0.000e+00
      22239    926.583      3.156      3.180    15.7661    15.7669  41.431127  41.433437    15.7656    15.7664    32.9965    32.9978    24.2595    24.2604     6.9072     7.1132    210.742    217.026     2.2735     2.2027     0.1343     2.3328     3.2723     0.2601     0.2955 -122.44384   37.83174      25.54          9  0.000e+00
      22240    926.625      3.110      3.134    15.7663    15.7668  41.431329  41.433370    15.7658    15.7663    32.9965    32.9979    24.2595    24.2605     6.9072     7.1132    210.740    217.025     2.2735     2.2027     0.1343     2.3328     3.2723     0.2601     0.2955 -122.44384   37.83174      25.54          9  0.000e+00
      22241    926.667      3.110      3.134    15.7666    15.7669  41.430925  41.433572    15.7661    15.7665    32.9959    32.9980    24.2590    24.2605     6.9072     7.1132    210.739    217.024     2.2735     2.2027     0.1343     2.3328     3.2735     0.2601     0.2955 -122.44384   37.83174      25.54          9  0.000e+00
      22242    926.708      3.110      3.134    15.7668    15.7669  41.430993  41.433706    15.7663    15.7665    32.9958    32.9981    24.2589    24.2606     6.9071     7.1132    210.739    217.024     2.2735     2.2027     0.1343     2.3328     3.2735     0.2601     0.2955 -122.44384   37.83174      25.54          9  0.000e+00
      22243    926.750      3.110      3.134    15.7671    15.7671  41.430858  41.433437    15.7666    15.7666    32.9954    32.9977    24.2585    24.2602     6.9071     7.1131    210.738    217.024     2.2735     2.2027     0.1343     2.3328     3.2735     0.2589     0.2955 -122.44384   37.83174      25.57          9  0.000e+00
      22244    926.792      3.123      3.147    15.7673    15.7671  41.430993  41.433370    15.7668    15.7666    32.9954    32.9977    24.2584    24.2602     6.9071     7.1081    210.738    216.868     2.2735     2.2015     0.1343     2.3328     3.2735     0.2589     0.2955 -122.44384   37.83174      25.64         10  0.000e+00
      22245    926.833      3.156      3.180    15.7675    15.7673  41.431060  41.433101    15.7670    15.7668    32.9953    32.9973    24.2583    24.2599     6.9118     7.1081    210.882    216.869     2.2747     2.2015     0.1343     2.3328     3.2735     0.2589     0.2955 -122.44384   37.83174      25.67         10  0.000e+00
      22246    926.875      3.057      3.080    15.7678    15.7674  41.431396  41.433235    15.7673    15.7670    32.9953    32.9973    24.2582    24.2598     6.9070     7.1131    210.734    217.022     2.2735     2.2027     0.1343     2.3328     3.2735     0.2576     0.2943 -122.44384   37.83174      25.64         10  0.000e+00
      22247    926.917      3.057      3.080    15.7680    15.7676  41.431127  41.433571    15.7675    15.7671    32.9950    32.9974    24.2579    24.2599     6.9117     7.1130    210.878    217.021     2.2747     2.2027     0.1343     2.3328     3.2735     0.2576     0.2955 -122.44384   37.83174      25.64         10  0.000e+00
      22248    926.958      3.110      3.134    15.7680    15.7678  41.431060  41.433168    15.7675    15.7673    32.9949    32.9969    24.2579    24.2595     6.9117     7.1131    210.879    217.022     2.2747     2.2027     0.1343     2.3328     3.2735     0.2564     0.2955 -122.44384   37.83174      25.64         10  0.000e+00
      22249    927.000      3.110      3.134    15.7680    15.7680  41.431530  41.433235    15.7675    15.7675    32.9953    32.9968    24.2582    24.2594     6.9117     7.1131    210.879    217.021     2.2747     2.2027     0.1343     2.3328     3.2735     0.2564     0.2955 -122.44384   37.83174      25.62         10  0.000e+00
      22250    927.042      3.110      3.134    15.7680    15.7680  41.431530  41.433101    15.7675    15.7675    32.9953    32.9967    24.2582    24.2593     6.9117     7.1080    210.879    216.866     2.2747     2.2015     0.1343     2.3328     3.2735     0.2564     0.2955 -122.44384   37.83174      25.52         10  0.000e+00
      22251    927.083      3.057      3.080    15.7678    15.7681  41.431127  41.433235    15.7673    15.7677    32.9951    32.9967    24.2581    24.2592     6.9117     7.1130    210.878    217.019     2.2747     2.2027     0.1343     2.3328     3.2735     0.2564     0.2955 -122.44384   37.83174      25.47         10  0.000e+00
      22252    927.125      3.110      3.134    15.7678    15.7683  41.431060  41.433101    15.7673    15.7678    32.9950    32.9964    24.2580    24.2590     6.9165     7.1079    211.024    216.865     2.2759     2.2015     0.1343     2.3328     3.2735     0.2564     0.2955 -122.44384   37.83174      25.47         10  0.000e+00
      22253    927.167      3.057      3.080    15.7673    15.7686  41.431127  41.433033    15.7668    15.7682    32.9955    32.9961    24.2585    24.2587     6.9118     7.1129    210.880    217.018     2.2747     2.2027     0.1343     2.3328     3.2747     0.2564     0.2955 -122.44384   37.83174      25.47         10  0.000e+00
      22254    927.208      3.156      3.180    15.7678    15.7685  41.430724  41.433034    15.7673    15.7680    32.9947    32.9962    24.2578    24.2588     6.9165     7.1131    211.025    217.021     2.2759     2.2027     0.1355     2.3633     3.2747     0.2564     0.2955 -122.44384   37.83174      25.47         10  0.000e+00
      22255    927.250      3.070      3.094    15.7673    15.7685  41.430992  41.433033    15.7668    15.7680    32.9954    32.9962    24.2584    24.2588     6.9165     7.1130    211.024    217.019     2.2759     2.2027     0.1368     2.3938     3.2723     0.2564     0.2967 -122.44384   37.83174      25.47         10  0.000e+00
      22256    927.292      3.057      3.080    15.7671    15.7683  41.430723  41.433235    15.7666    15.7678    32.9953    32.9966    24.2584    24.2591     6.9118     7.1130    210.881    217.019     2.2747     2.2027     0.1368     2.3938     3.2735     0.2564     0.2955 -122.44384   37.83174      25.47         10  0.000e+00
      22257    927.333      3.110      3.134    15.7671    15.7681  41.431531  41.433370    15.7666    15.7676    32.9960    32.9968    24.2589    24.2593     6.9118     7.1130    210.881    217.021     2.2747     2.2027     0.1368     2.3938     3.2747     0.2564     0.2955 -122.44384   37.83174      25.49         10  0.000e+00
      22258    927.375      3.057      3.080    15.7673    15.7683  41.431261  41.433101    15.7668    15.7678    32.9957    32.9964    24.2586    24.2590     6.9118     7.1130    210.880    217.019     2.2747     2.2027     0.1368     2.3938     3.2747     0.2552     0.2955 -122.44384   37.83174      25.49         10  0.000e+00
      22259    927.417      3.110      3.134    15.7673    15.7683  41.430723  41.431891    15.7668    15.7678    32.9952    32.9953    24.2582    24.2582     6.9165     7.1131    211.026    217.022     2.2759     2.2027     0.1368     2.3938     3.2747     0.2552     0.2967 -122.44384   37.83174      25.47         10  0.000e+00
      22260    927.458      3.057      3.080    15.7673    15.7683  41.430992  41.431823    15.7668    15.7678    32.9954    32.9953    24.2584    24.2581     6.9165     7.1130    211.024    217.021     2.2759     2.2027     0.1368     2.3938     3.2723     0.2552     0.2967 -122.44384   37.83174      25.47         10  0.000e+00
      22261    927.500      3.110      3.134    15.7673    15.7680  41.431329  41.432429    15.7668    15.7675    32.9957    32.9961    24.2587    24.2588     6.9165     7.1131    211.025    217.022     2.2759     2.2027     0.1368     2.3938     3.2735     0.2552     0.2967 -122.44384   37.83174      25.49         10  0.000e+00
      22262    927.542      3.110      3.134    15.7673    15.7680  41.431194  41.432899    15.7668    15.7675    32.9956    32.9965    24.2586    24.2591     6.9165     7.1131    211.025    217.022     2.2759     2.2027     0.1368     2.3938     3.2735     0.2564     0.2955 -122.44384   37.83174      25.49         10  0.000e+00
      22263    927.583      3.110      3.134    15.7673    15.7680  41.431329  41.432698    15.7668    15.7675    32.9957    32.9964    24.2587    24.2590     6.9118     7.1131    210.881    217.022     2.2747     2.2027     0.1368     2.3938     3.2735     0.2564     0.2955 -122.44384   37.83174      25.49         10  0.000e+00
      22264    927.625      3.110      3.134    15.7673    15.7681  41.431194  41.432899    15.7668    15.7676    32.9956    32.9964    24.2586    24.2590     6.9118     7.1182    210.881    217.177     2.2747     2.2039     0.1368     2.3938     3.2735     0.2564     0.2955 -122.44384   37.83174      25.49         10  0.000e+00
      22265    927.667      3.070      3.094    15.7673    15.7681  41.430858  41.433033    15.7668    15.7677    32.9953    32.9965    24.2583    24.2591     6.9118     7.1181    210.880    217.176     2.2747     2.2039     0.1368     2.3938     3.2735     0.2564     0.2955 -122.44384   37.83174      25.47         10  0.000e+00
      22266    927.708      3.156      3.180    15.7671    15.7678  41.430993  41.433034    15.7666    15.7673    32.9955    32.9968    24.2586    24.2594     6.9119     7.1182    210.883    217.180     2.2747     2.2039     0.1368     2.3938     3.2723     0.2564     0.2943 -122.44384   37.83174      25.49         10  0.000e+00
      22267    927.750      3.156      3.180    15.7669    15.7681  41.430858  41.433034    15.7664    15.7676    32.9955    32.9965    24.2586    24.2591     6.9119     7.1182    210.884    217.178     2.2747     2.2039     0.1368     2.3938     3.2735     0.2576     0.2955 -122.44384   37.83174      25.49         10  0.000e+00
      22268    927.792      3.110      3.134    15.7666    15.7683  41.430656  41.433034    15.7661    15.7678    32.9957    32.9964    24.2588    24.2589     6.9072     7.1181    210.740    217.177     2.2735     2.2039     0.1368     2.3938     3.2735     0.2564     0.2955 -122.44384   37.83174      25.62         10  0.000e+00
      22269    927.833      3.156      3.180    15.7664    15.7678  41.430724  41.433034    15.7659    15.7673    32.9959    32.9968    24.2590    24.2594     6.9072     7.1182    210.741    217.180     2.2735     2.2039     0.1368     2.3938     3.2735     0.2576     0.2955 -122.44384   37.83174      25.67         10  0.000e+00
      22270    927.875      3.110      3.134    15.7666    15.7680  41.430387  41.432698    15.7661    15.7675    32.9954    32.9964    24.2586    24.2590     6.9072     7.1182    210.740    217.178     2.2735     2.2039     0.1368     2.3938     3.2735     0.2576     0.2955 -122.44384   37.83174      25.67         10  0.000e+00
      22271    927.917      3.156      3.180    15.7659    15.7676  41.430657  41.432899    15.7654    15.7671    32.9962    32.9968    24.2593    24.2594     6.9073     7.1183    210.743    217.180     2.2735     2.2039     0.1368     2.3938     3.2735     0.2576     0.2955 -122.44384   37.83174      25.67         10  0.000e+00
      22272    927.958      3.156      3.180    15.7659    15.7678  41.430522  41.432698    15.7654    15.7673    32.9961    32.9965    24.2593    24.2591     6.9073     7.1183    210.743    217.180     2.2735     2.2039     0.1368     2.3938     3.2735     0.2576     0.2943 -122.44384   37.83174      25.67         10  0.000e+00
      22273    928.000      3.156      3.180    15.7656    15.7676  41.430051  41.432631    15.7651    15.7671    32.9960    32.9966    24.2592    24.2592     6.9026     7.1183    210.601    217.181     2.2723     2.2039     0.1368     2.3938     3.2735     0.2589     0.2943 -122.44384   37.83174      25.67         10  0.000e+00
      22274    928.042      3.156      3.180    15.7656    15.7678  41.429984  41.432631    15.7651    15.7673    32.9959    32.9964    24.2592    24.2591     6.9026     7.1234    210.601    217.336     2.2723     2.2051     0.1368     2.3938     3.2747     0.2589     0.2943 -122.44384   37.83174      25.67         10  0.000e+00
      22275    928.083      3.170      3.194    15.7656    15.7673  41.429984  41.432631    15.7651    15.7668    32.9959    32.9968    24.2592    24.2595     6.8979     7.1183    210.457    217.182     2.2711     2.2039     0.1368     2.3938     3.2723     0.2601     0.2955 -122.44384   37.83174      25.64         10  0.000e+00
      22276    928.125      3.203      3.227    15.7658    15.7674  41.430589  41.432900    15.7653    15.7670    32.9963    32.9969    24.2594    24.2596     6.8979     7.1183    210.457    217.182     2.2711     2.2039     0.1368     2.3938     3.2747     0.2601     0.2955 -122.44384   37.83174      25.67         10  0.000e+00
      22277    928.167      3.156      3.180    15.7659    15.7671  41.430186  41.432698    15.7654    15.7666    32.9958    32.9970    24.2590    24.2597     6.8979     7.1183    210.456    217.182     2.2711     2.2039     0.1368     2.3938     3.2747     0.2601     0.2955 -122.44384   37.83174      25.67         10  0.000e+00
      22278    928.208      3.156      3.180    15.7661    15.7669  41.430455  41.432362    15.7656    15.7664    32.9959    32.9969    24.2591    24.2596     6.8978     7.1184    210.455    217.183     2.2711     2.2039     0.1368     2.3938     3.2723     0.2601     0.2955 -122.44384   37.83174      25.67         10  0.000e+00
      22279    928.250      3.203      3.227    15.7661    15.7668  41.430455  41.432026    15.7656    15.7663    32.9959    32.9967    24.2591    24.2595     6.8979     7.1236    210.456    217.341     2.2711     2.2051     0.1368     2.3938     3.2735     0.2613     0.2955 -122.44384   37.83174      25.71         10  0.000e+00
