West Coast/WCOA-7/CTD_Data/RB2102_CTD_009_01.ros
* Sea-Bird SBE 9 Data File:
* FileName = C:\Users\scs.user.rb\CTD\RB2102\Data\RB2102_CTD_009_01.hex
* Software Version Seasave V 7.26.7.107
* Temperature SN = 6202
* Conductivity SN = 4907
* Number of Bytes Per Scan = 41
* Number of Voltage Words = 4
* Number of Scans Averaged by the Deck Unit = 1
* NMEA Latitude = 48 25.95 N
* NMEA Longitude = 126 13.60 W
* NMEA UTC (Time) = Jun 27 2021  18:58:06
* NMEA baud rate = 4800
# nquan = 30
# nvalues = 980                                   
# units = specified
# name 0 = scan: Scan Count
# name 1 = timeS: Time, Elapsed [seconds]
# name 2 = depSM: Depth [salt water, m]
# name 3 = prDM: Pressure, Digiquartz [db]
# name 4 = t090C: Temperature [ITS-90, deg C]
# name 5 = t190C: Temperature, 2 [ITS-90, deg C]
# name 6 = c0mS/cm: Conductivity [mS/cm]
# name 7 = c1mS/cm: Conductivity, 2 [mS/cm]
# name 8 = potemp090C: Potential Temperature [ITS-90, deg C]
# name 9 = potemp190C: Potential Temperature, 2 [ITS-90, deg C]
# name 10 = sal00: Salinity, Practical [PSU]
# name 11 = sal11: Salinity, Practical, 2 [PSU]
# name 12 = sigma-é00: Density [sigma-theta, kg/m^3]
# name 13 = sigma-é11: Density, 2 [sigma-theta, kg/m^3]
# name 14 = sbeox0Mg/L: Oxygen, SBE 43 [mg/l]
# name 15 = sbeox1Mg/L: Oxygen, SBE 43, 2 [mg/l]
# name 16 = sbox0Mm/Kg: Oxygen, SBE 43 [umol/kg]
# name 17 = sbox1Mm/Kg: Oxygen, SBE 43, 2 [umol/kg]
# name 18 = sbeox0V: Oxygen raw, SBE 43 [V]
# name 19 = sbeox1V: Oxygen raw, SBE 43, 2 [V]
# name 20 = v4: Voltage 4
# name 21 = flECO-AFL: Fluorescence, WET Labs ECO-AFL/FL [mg/m^3]
# name 22 = v3: Voltage 3
# name 23 = v6: Voltage 6
# name 24 = v7: Voltage 7
# name 25 = longitude: Longitude [deg]
# name 26 = latitude: Latitude [deg]
# name 27 = altM: Altimeter [m]
# name 28 = nbf: Bottles Fired
# name 29 = flag:  0.000e+00
# interval = seconds: 0.0416667
# start_time = Jun 27 2021 18:58:06 [NMEA time, header]
# bad_flag = -9.990e-29
*END*
[from data line 436]
      63609   2650.333     99.257    100.125     7.7711     7.7786  34.526475  34.530687     7.7614     7.7690    33.3650    33.3622    26.0245    26.0213     5.5252     5.4268    168.285    165.288     1.6740     1.5726     0.0415     0.0129     3.1184     1.4615     2.4860 -126.22774   48.43190      99.44          9  0.000e+00
      63610   2650.375     99.204    100.071     7.7719     7.7777  34.526663  34.530250     7.7622     7.7680    33.3644    33.3627    26.0239    26.0218     5.5194     5.4268    168.108    165.290     1.6728     1.5726     0.0415     0.0129     3.1184     1.4615     2.4860 -126.22774   48.43190      99.44          9  0.000e+00
      63611   2650.417     99.210    100.078     7.7724     7.7773  34.526788  34.529500     7.7627     7.7676    33.3641    33.3623    26.0236    26.0215     5.5250     5.4207    168.279    165.104     1.6740     1.5714     0.0403    -0.0177     3.1184     1.4615     2.4860 -126.22774   48.43190      99.44          9  0.000e+00
      63612   2650.458     99.250    100.118     7.7727     7.7774  34.527476  34.529750     7.7630     7.7677    33.3645    33.3625    26.0239    26.0216     5.5193     5.4207    168.105    165.104     1.6728     1.5714     0.0403    -0.0177     3.1184     1.4615     2.4860 -126.22774   48.43190      99.41          9  0.000e+00
      63613   2650.500     99.157    100.025     7.7734     7.7777  34.527726  34.530124     7.7637     7.7680    33.3642    33.3626    26.0235    26.0217     5.5248     5.4206    168.274    165.101     1.6740     1.5714     0.0403    -0.0177     3.1172     1.4615     2.4860 -126.22774   48.43190      99.41          9  0.000e+00
      63773   2657.167     99.403    100.272     7.7657     7.7712  34.522786  34.523813     7.7561     7.7615    33.3660    33.3619    26.0261    26.0221     5.5373     5.4403    168.654    165.700     1.6764     1.5751     0.0427     0.0434     3.1197     1.4628     1.7448 -126.22774   48.43192      99.44         10  0.000e+00
      63774   2657.208     99.449    100.319     7.7664     7.7692  34.522786  34.523751     7.7567     7.7596    33.3654    33.3637    26.0255    26.0238     5.5373     5.4405    168.653    165.707     1.6764     1.5751     0.0415     0.0129     3.1184     1.4628     1.7448 -126.22774   48.43192      99.44         10  0.000e+00
      63775   2657.250     99.502    100.372     7.7667     7.7669  34.523474  34.523438     7.7571     7.7573    33.3658    33.3655    26.0258    26.0255     5.5429     5.4408    168.826    165.715     1.6777     1.5751     0.0427     0.0434     3.1172     1.4628     1.7448 -126.22774   48.43192      99.41         10  0.000e+00
      63776   2657.292     99.495    100.366     7.7670     7.7652  34.523224  34.522939     7.7574     7.7555    33.3652    33.3667    26.0253    26.0267     5.5372     5.4410    168.652    165.721     1.6764     1.5751     0.0427     0.0434     3.1172     1.4628     1.7448 -126.22774   48.43192      99.41         10  0.000e+00
      63777   2657.333     99.456    100.326     7.7672     7.7642  34.522848  34.522751     7.7575     7.7546    33.3647    33.3674    26.0248    26.0274     5.5429     5.4411    168.824    165.723     1.6777     1.5751     0.0427     0.0434     3.1172     1.4628     1.7448 -126.22774   48.43192      99.44         10  0.000e+00
      63778   2657.375     99.449    100.319     7.7673     7.7639  34.523223  34.522063     7.7576     7.7542    33.3650    33.3670    26.0251    26.0271     5.5429     5.4349    168.823    165.536     1.6777     1.5739     0.0427     0.0434     3.1197     1.4628     1.7436 -126.22774   48.43192      99.44         10  0.000e+00
      63779   2657.417     99.456    100.326     7.7675     7.7635  34.522848  34.522314     7.7579     7.7539    33.3644    33.3676    26.0245    26.0277     5.5429     5.4412    168.823    165.726     1.6777     1.5751     0.0415     0.0129     3.1197     1.4628     1.7448 -126.22774   48.43192      99.44         10  0.000e+00
      63780   2657.458     99.502    100.373     7.7670     7.7639  34.523224  34.522689     7.7574     7.7542    33.3652    33.3677    26.0253    26.0277     5.5429     5.4412    168.825    165.725     1.6777     1.5751     0.0415     0.0129     3.1197     1.4628     1.7448 -126.22774   48.43192      99.41         10  0.000e+00
      63781   2657.500     99.449    100.319     7.7665     7.7645  34.522911  34.522563     7.7569     7.7549    33.3654    33.3669    26.0255    26.0270     5.5429     5.4411    168.826    165.722     1.6777     1.5751     0.0415     0.0129     3.1184     1.4628     1.7448 -126.22774   48.43192      99.44         10  0.000e+00
      63782   2657.542     99.502    100.373     7.7661     7.7645  34.522536  34.522939     7.7564     7.7548    33.3654    33.3673    26.0256    26.0273     5.5430     5.4411    168.829    165.723     1.6777     1.5751     0.0427     0.0434     3.1172     1.4628     1.7448 -126.22774   48.43192      99.41         10  0.000e+00
      63783   2657.583     99.449    100.319     7.7659     7.7645  34.522661  34.522563     7.7562     7.7549    33.3657    33.3669    26.0259    26.0270     5.5430     5.4411    168.828    165.722     1.6777     1.5751     0.0427     0.0434     3.1184     1.4628     1.7448 -126.22774   48.43192      99.44         10  0.000e+00
      63784   2657.625     99.456    100.326     7.7661     7.7647  34.522786  34.522438     7.7564     7.7550    33.3657    33.3666    26.0258    26.0267     5.5430     5.4411    168.828    165.722     1.6777     1.5751     0.0427     0.0434     3.1172     1.4628     1.7448 -126.22774   48.43192      99.44         10  0.000e+00
      63785   2657.667     99.449    100.319     7.7664     7.7645  34.522786  34.522938     7.7567     7.7549    33.3654    33.3673    26.0255    26.0273     5.5373     5.4410    168.653    165.722     1.6764     1.5751     0.0415     0.0129     3.1184     1.4628     1.7448 -126.22774   48.43192      99.44         10  0.000e+00
      63786   2657.708     99.456    100.326     7.7665     7.7647  34.522786  34.522813     7.7569     7.7550    33.3652    33.3670    26.0254    26.0271     5.5373     5.4410    168.653    165.722     1.6764     1.5751     0.0427     0.0434     3.1197     1.4628     1.7448 -126.22774   48.43192      99.41         10  0.000e+00
      63787   2657.750     99.456    100.326     7.7665     7.7654  34.522535  34.523001     7.7569     7.7557    33.3650    33.3666    26.0252    26.0266     5.5430     5.4348    168.826    165.530     1.6777     1.5739     0.0427     0.0434     3.1184     1.4628     1.7448 -126.22774   48.43192      99.41         10  0.000e+00
      63788   2657.792     99.449    100.319     7.7664     7.7661  34.522223  34.523126     7.7567     7.7565    33.3648    33.3660    26.0250    26.0260     5.5430     5.4347    168.827    165.528     1.6777     1.5739     0.0415     0.0129     3.1172     1.4628     1.7448 -126.22774   48.43190      99.44         10  0.000e+00
      63789   2657.833     99.456    100.326     7.7657     7.7671  34.522348  34.523313     7.7561     7.7575    33.3655    33.3652    26.0257    26.0253     5.5431     5.4408    168.829    165.714     1.6777     1.5751     0.0427     0.0434     3.1172     1.4628     1.7448 -126.22774   48.43190      99.44         10  0.000e+00
      63790   2657.875     99.449    100.319     7.7654     7.7680  34.521973  34.523376     7.7558     7.7583    33.3655    33.3645    26.0257    26.0246     5.5431     5.4407    168.830    165.711     1.6777     1.5751     0.0415     0.0129     3.1197     1.4640     1.7448 -126.22774   48.43190      99.44         10  0.000e+00
      63791   2657.917     99.456    100.326     7.7653     7.7689  34.521848  34.523876     7.7556     7.7592    33.3655    33.3641    26.0257    26.0242     5.5431     5.4344    168.831    165.519     1.6777     1.5739     0.0415     0.0129     3.1197     1.4628     1.7448 -126.22774   48.43190      99.41         10  0.000e+00
      63792   2657.958     99.449    100.319     7.7651     7.7695  34.522285  34.524251     7.7554     7.7599    33.3661    33.3640    26.0263    26.0239     5.5431     5.4405    168.831    165.705     1.6777     1.5751     0.0415     0.0129     3.1184     1.4628     1.7448 -126.22774   48.43190      99.41         10  0.000e+00
      63793   2658.000     99.456    100.326     7.7653     7.7701  34.522473  34.525063     7.7556     7.7604    33.3661    33.3643    26.0262    26.0241     5.5431     5.4404    168.830    165.703     1.6777     1.5751     0.0415     0.0129     3.1172     1.4628     1.8889 -126.22774   48.43190      99.44         10  0.000e+00
      63794   2658.042     99.350    100.219     7.7653     7.7702  34.522473  34.525688     7.7556     7.7606    33.3662    33.3649    26.0263    26.0246     5.5430     5.4341    168.828    165.510     1.6777     1.5739     0.0415     0.0129     3.1197     1.4628     2.2686 -126.22774   48.43190      99.44         10  0.000e+00
      63795   2658.083     99.456    100.326     7.7656     7.7705  34.522473  34.526563     7.7560     7.7609    33.3658    33.3655    26.0259    26.0250     5.5374     5.4403    168.656    165.699     1.6764     1.5751     0.0415     0.0129     3.1184     1.4628     2.3968 -126.22774   48.43190      99.44         10  0.000e+00
      63796   2658.125     99.403    100.272     7.7657     7.7716  34.522911  34.527251     7.7561     7.7620    33.3662    33.3652    26.0262    26.0246     5.5373     5.4401    168.654    165.694     1.6764     1.5751     0.0415     0.0129     3.1172     1.4628     2.3907 -126.22774   48.43190      99.44         10  0.000e+00
      63797   2658.167     99.403    100.272     7.7667     7.7730  34.523536  34.527375     7.7571     7.7633    33.3659    33.3640    26.0258    26.0235     5.5429     5.4400    168.823    165.690     1.6777     1.5751     0.0415     0.0129     3.1184     1.4640     2.3724 -126.22774   48.43190      99.44         10  0.000e+00
      63798   2658.208     99.456    100.326     7.7683     7.7744  34.524412  34.528563     7.7587     7.7648    33.3653    33.3639    26.0251    26.0232     5.5370     5.4336    168.646    165.496     1.6764     1.5739     0.0415     0.0129     3.1172     1.4628     2.3663 -126.22774   48.43190      99.44         10  0.000e+00
      63799   2658.250     99.350    100.219     7.7700     7.7761  34.524849  34.529000     7.7603     7.7664    33.3642    33.3629    26.0241    26.0221     5.5368     5.4334    168.638    165.489     1.6764     1.5739     0.0415     0.0129     3.1197     1.4628     2.3675 -126.22774   48.43190      99.44         10  0.000e+00
      63800   2658.292     99.403    100.272     7.7717     7.7773  34.525162  34.529375     7.7620     7.7676    33.3629    33.3621    26.0228    26.0214     5.5366     5.4333    168.634    165.486     1.6764     1.5739     0.0415     0.0129     3.1172     1.4628     2.3687 -126.22774   48.43190      99.41         10  0.000e+00
      63801   2658.333     99.350    100.219     7.7719     7.7783  34.525475  34.529562     7.7622     7.7687    33.3631    33.3613    26.0229    26.0206     5.5366     5.4331    168.632    165.481     1.6764     1.5739     0.0403    -0.0177     3.1197     1.4628     2.3687 -126.22774   48.43190      99.44         10  0.000e+00
      63802   2658.375     99.403    100.272     7.7717     7.7785  34.525600  34.530063     7.7620     7.7688    33.3634    33.3616    26.0231    26.0208     5.5423     5.4331    168.806    165.481     1.6777     1.5739     0.0415     0.0129     3.1197     1.4640     2.3687 -126.22774   48.43190      99.41         10  0.000e+00
      63803   2658.417     99.357    100.226     7.7719     7.7788  34.525975  34.530188     7.7622     7.7691    33.3636    33.3615    26.0233    26.0207     5.5422     5.4392    168.804    165.668     1.6777     1.5751     0.0415     0.0129     3.1172     1.4628     2.3687 -126.22774   48.43190      99.44         10  0.000e+00
      63804   2658.458     99.350    100.219     7.7717     7.7793  34.525912  34.530187     7.7620     7.7696    33.3637    33.3611    26.0234    26.0203     5.5366     5.4392    168.632    165.667     1.6764     1.5751     0.0415     0.0129     3.1197     1.4628     2.3687 -126.22774   48.43190      99.41         10  0.000e+00
      63805   2658.500     99.357    100.226     7.7716     7.7789  34.525850  34.530250     7.7619     7.7692    33.3638    33.3615    26.0235    26.0206     5.5366     5.4392    168.632    165.668     1.6764     1.5751     0.0415     0.0129     3.1172     1.4628     2.3687 -126.22774   48.43190      99.44         10  0.000e+00
      63806   2658.542     99.350    100.219     7.7720     7.7788  34.526288  34.530188     7.7624     7.7691    33.3638    33.3615    26.0234    26.0207     5.5365     5.4330    168.630    165.479     1.6764     1.5739     0.0415     0.0129     3.1197     1.4628     2.3687 -126.22774   48.43190      99.41         10  0.000e+00
      63807   2658.583     99.310    100.179     7.7722     7.7799  34.526475  34.530875     7.7626     7.7703    33.3638    33.3612    26.0235    26.0202     5.5365     5.4329    168.629    165.474     1.6764     1.5739     0.0415     0.0129     3.1184     1.4628     2.3687 -126.22774   48.43190      99.44         10  0.000e+00
      63808   2658.625     99.304    100.172     7.7719     7.7808  34.526225  34.531312     7.7622     7.7711    33.3639    33.3609    26.0235    26.0199     5.5365     5.4328    168.630    165.471     1.6764     1.5739     0.0415     0.0129     3.1184     1.4628     2.3687 -126.22774   48.43190      99.44         10  0.000e+00
      63809   2658.667     99.357    100.226     7.7726     7.7806  34.526350  34.530937     7.7629     7.7709    33.3634    33.3606    26.0230    26.0197     5.5365     5.4328    168.629    165.473     1.6764     1.5739     0.0403    -0.0177     3.1197     1.4628     2.3687 -126.22774   48.43190      99.44         10  0.000e+00
      63810   2658.708     99.310    100.179     7.7728     7.7808  34.526850  34.531000     7.7632     7.7711    33.3637    33.3605    26.0232    26.0196     5.5364     5.4328    168.626    165.471     1.6764     1.5739     0.0415     0.0129     3.1172     1.4628     2.3687 -126.22774   48.43190      99.44         10  0.000e+00
      63811   2658.750     99.304    100.172     7.7732     7.7809  34.527539  34.531125     7.7635     7.7712    33.3641    33.3606    26.0235    26.0196     5.5363     5.4328    168.624    165.471     1.6764     1.5739     0.0403    -0.0177     3.1197     1.4628     2.3687 -126.22774   48.43190      99.41         10  0.000e+00
      63812   2658.792     99.257    100.125     7.7734     7.7804  34.527914  34.531125     7.7637     7.7708    33.3643    33.3610    26.0237    26.0200     5.5363     5.4328    168.622    165.471     1.6764     1.5739     0.0415     0.0129     3.1172     1.4628     2.3687 -126.22774   48.43190      99.44         10  0.000e+00
      63813   2658.833     99.304    100.172     7.7738     7.7801  34.527538  34.530687     7.7642     7.7704    33.3634    33.3608    26.0229    26.0200     5.5363     5.4329    168.623    165.474     1.6764     1.5739     0.0415     0.0129     3.1197     1.4628     2.3687 -126.22774   48.43190      99.41         10  0.000e+00
      63814   2658.875     99.257    100.125     7.7740     7.7801  34.527851  34.530937     7.7643     7.7704    33.3637    33.3611    26.0231    26.0202     5.5362     5.4328    168.621    165.472     1.6764     1.5739     0.0403    -0.0177     3.1197     1.4628     2.3687 -126.22774   48.43190      99.41         10  0.000e+00
