West Coast/WCOA-7/CTD_Data/RB2102_CTD_068_01.ros
* Sea-Bird SBE 9 Data File:
* FileName = C:\Users\scs.user.rb\CTD\RB2102\Data\RB2102_CTD_068_01.hex
* Software Version Seasave V 7.26.7.107
* Temperature SN = 6202
* Conductivity SN = 4907
* Number of Bytes Per Scan = 41
* Number of Voltage Words = 4
* Number of Scans Averaged by the Deck Unit = 1
* NMEA Latitude = 41 35.86 N
* NMEA Longitude = 124 09.19 W
* NMEA UTC (Time) = Jul 07 2021  05:05:10
* NMEA baud rate = 4800
# nquan = 30
# nvalues = 588                                   
# units = specified
# name 0 = scan: Scan Count
# name 1 = timeS: Time, Elapsed [seconds]
# name 2 = depSM: Depth [salt water, m]
# name 3 = prDM: Pressure, Digiquartz [db]
# name 4 = t090C: Temperature [ITS-90, deg C]
# name 5 = t190C: Temperature, 2 [ITS-90, deg C]
# name 6 = c0mS/cm: Conductivity [mS/cm]
# name 7 = c1mS/cm: Conductivity, 2 [mS/cm]
# name 8 = potemp090C: Potential Temperature [ITS-90, deg C]
# name 9 = potemp190C: Potential Temperature, 2 [ITS-90, deg C]
# name 10 = sal00: Salinity, Practical [PSU]
# name 11 = sal11: Salinity, Practical, 2 [PSU]
# name 12 = sigma-é00: Density [sigma-theta, kg/m^3]
# name 13 = sigma-é11: Density, 2 [sigma-theta, kg/m^3]
# name 14 = sbeox0Mg/L: Oxygen, SBE 43 [mg/l]
# name 15 = sbeox1Mg/L: Oxygen, SBE 43, 2 [mg/l]
# name 16 = sbox0Mm/Kg: Oxygen, SBE 43 [umol/kg]
# name 17 = sbox1Mm/Kg: Oxygen, SBE 43, 2 [umol/kg]
# name 18 = sbeox0V: Oxygen raw, SBE 43 [V]
# name 19 = sbeox1V: Oxygen raw, SBE 43, 2 [V]
# name 20 = v4: Voltage 4
# name 21 = flECO-AFL: Fluorescence, WET Labs ECO-AFL/FL [mg/m^3]
# name 22 = v3: Voltage 3
# name 23 = v6: Voltage 6
# name 24 = v7: Voltage 7
# name 25 = longitude: Longitude [deg]
# name 26 = latitude: Latitude [deg]
# name 27 = altM: Altimeter [m]
# name 28 = nbf: Bottles Fired
# name 29 = flag:  0.000e+00
# interval = seconds: 0.0416667
# start_time = Jul 07 2021 05:05:10 [NMEA time, header]
# bad_flag = -9.990e-29
*END*
[from data line 97]
      12288    511.958     25.097     25.296     9.7894     9.8200  36.396181  36.411146     9.7866     9.8172    33.4551    33.4419    25.7813    25.7659     6.7933     7.0674    206.956    215.313     2.0330     1.9817     0.2027     4.0422     3.3590     0.0757     0.0891 -124.15308   41.59814      10.04          2  0.000e+00
      12367    515.250     25.342     25.543     9.7977     9.7839  36.397203  36.390983     9.7949     9.7811    33.4482    33.4547    25.7746    25.7819     6.8139     7.0790    207.587    215.661     2.0379     1.9829     0.2198     4.4695     3.3590     0.0745     0.0879 -124.15308   41.59816       9.47          3  0.000e+00
      12368    515.292     25.097     25.296     9.7972     9.7882  36.396819  36.392832     9.7944     9.7854    33.4484    33.4527    25.7748    25.7797     6.8191     7.0781    207.746    215.636     2.0391     1.9829     0.2198     4.4695     3.3590     0.0745     0.0891 -124.15308   41.59816       9.47          3  0.000e+00
      12369    515.333     25.295     25.496     9.7962     9.7899  36.396884  36.393662     9.7934     9.7871    33.4493    33.4519    25.7757    25.7787     6.8194     7.0722    207.755    215.456     2.0391     1.9817     0.2186     4.4390     3.3590     0.0745     0.0879 -124.15308   41.59816       9.47          3  0.000e+00
      12370    515.375     25.196     25.396     9.7957     9.7907  36.397011  36.394045     9.7929     9.7878    33.4499    33.4516    25.7762    25.7784     6.8140     7.0779    207.590    215.628     2.0379     1.9829     0.2198     4.4695     3.3578     0.0745     0.0891 -124.15308   41.59816       9.50          3  0.000e+00
      12371    515.417     25.196     25.396     9.7954     9.7922  36.397011  36.394874     9.7926     9.7893    33.4502    33.4511    25.7765    25.7777     6.8194     7.0776    207.755    215.621     2.0391     1.9829     0.2198     4.4695     3.3590     0.0745     0.0879 -124.15308   41.59816       9.52          3  0.000e+00
      12372    515.458     25.150     25.349     9.7951     9.7935  36.396756  36.396087     9.7923     9.7906    33.4503    33.4511    25.7766    25.7776     6.8194     7.0715    207.755    215.435     2.0391     1.9817     0.2186     4.4390     3.3590     0.0745     0.0879 -124.15308   41.59816       9.52          3  0.000e+00
      12373    515.500     25.196     25.396     9.7946     9.7945  36.396884  36.396661     9.7918     9.7917    33.4509    33.4507    25.7772    25.7770     6.8195     7.0714    207.758    215.431     2.0391     1.9817     0.2186     4.4390     3.3590     0.0745     0.0879 -124.15308   41.59816       9.52          3  0.000e+00
      12374    515.542     25.196     25.396     9.7941     9.7963  36.396820  36.397235     9.7913     9.7934    33.4513    33.4497    25.7776    25.7760     6.8196     7.0712    207.760    215.424     2.0391     1.9817     0.2198     4.4695     3.3590     0.0745     0.0879 -124.15308   41.59816       9.50          3  0.000e+00
      12375    515.583     25.150     25.349     9.7941     9.7979  36.396692  36.398064     9.7913     9.7951    33.4512    33.4491    25.7775    25.7752     6.8196     7.0709    207.758    215.416     2.0391     1.9817     0.2198     4.4695     3.3590     0.0745     0.0879 -124.15308   41.59816       9.50          3  0.000e+00
      12376    515.625     25.150     25.349     9.7938     9.7992  36.396436  36.398830     9.7910     9.7964    33.4512    33.4486    25.7776    25.7746     6.8196     7.0648    207.760    215.232     2.0391     1.9805     0.2198     4.4695     3.3590     0.0745     0.0891 -124.15308   41.59816       9.52          3  0.000e+00
      12377    515.667     25.150     25.349     9.7941     9.8003  36.396564  36.399915     9.7913     9.7975    33.4510    33.4487    25.7774    25.7745     6.8196     7.0705    207.759    215.404     2.0391     1.9817     0.2186     4.4390     3.3578     0.0745     0.0891 -124.15308   41.59816       9.55          3  0.000e+00
      12378    515.708     25.150     25.349     9.7941     9.8008  36.396436  36.400234     9.7913     9.7980    33.4509    33.4486    25.7773    25.7743     6.8196     7.0646    207.759    215.224     2.0391     1.9805     0.2186     4.4390     3.3590     0.0745     0.0891 -124.15308   41.59816       9.52          3  0.000e+00
      12379    515.750     25.097     25.296     9.7946     9.8012  36.396819  36.400489     9.7918     9.7984    33.4509    33.4485    25.7771    25.7742     6.8194     7.0645    207.755    215.220     2.0391     1.9805     0.2198     4.4695     3.3590     0.0745     0.0879 -124.15308   41.59816       9.55          3  0.000e+00
      12380    515.792     25.097     25.296     9.7946     9.8017  36.396755  36.400808     9.7918     9.7989    33.4508    33.4483    25.7771    25.7740     6.8194     7.0644    207.755    215.218     2.0391     1.9805     0.2198     4.4695     3.3578     0.0745     0.0879 -124.15308   41.59816       9.52          3  0.000e+00
      12381    515.833     25.097     25.296     9.7947     9.8028  36.396883  36.401893     9.7919     9.8000    33.4508    33.4484    25.7771    25.7739     6.8194     7.0642    207.755    215.212     2.0391     1.9805     0.2186     4.4390     3.3590     0.0745     0.0879 -124.15308   41.59816       9.55          3  0.000e+00
      12382    515.875     25.097     25.296     9.7945     9.8048  36.396755  36.403871     9.7916     9.8020    33.4509    33.4486    25.7772    25.7737     6.8195     7.0638    207.756    215.202     2.0391     1.9805     0.2198     4.4695     3.3590     0.0745     0.0879 -124.15308   41.59816       9.57          3  0.000e+00
      12383    515.917     25.097     25.296     9.7940     9.8086  36.396883  36.406870     9.7911     9.8058    33.4515    33.4481    25.7778    25.7727     6.8195     7.0632    207.757    215.183     2.0391     1.9805     0.2186     4.4390     3.3578     0.0745     0.0879 -124.15308   41.59816       9.57          3  0.000e+00
      12384    515.958     25.050     25.249     9.7943     9.8135  36.397011  36.409295     9.7915     9.8107    33.4514    33.4461    25.7776    25.7703     6.8194     7.0625    207.755    215.160     2.0391     1.9805     0.2198     4.4695     3.3578     0.0745     0.0891 -124.15308   41.59816       9.57          3  0.000e+00
      12385    516.000     25.097     25.296     9.7943     9.8173  36.396500  36.410316     9.7915     9.8144    33.4508    33.4436    25.7772    25.7677     6.8195     7.0620    207.757    215.146     2.0391     1.9805     0.2063     4.1337     3.3602     0.0745     0.0879 -124.15308   41.59816       9.57          3  0.000e+00
      12386    516.042     25.050     25.249     9.7943     9.8191  36.396947  36.410826     9.7915     9.8163    33.4513    33.4425    25.7775    25.7665     6.8194     7.0558    207.755    214.959     2.0391     1.9792     0.1917     3.7674     3.3590     0.0745     0.0879 -124.15308   41.59816       9.57          3  0.000e+00
      12387    516.083     25.050     25.249     9.7945     9.8204  36.396308  36.410379     9.7917     9.8176    33.4505    33.4407    25.7769    25.7650     6.8194     7.0557    207.755    214.955     2.0391     1.9792     0.1880     3.6759     3.3602     0.0745     0.0879 -124.15308   41.59816       9.57          3  0.000e+00
      12388    516.125     24.997     25.195     9.7943     9.8193  36.396500  36.409294     9.7915     9.8165    33.4509    33.4407    25.7772    25.7651     6.8194     7.0558    207.754    214.959     2.0391     1.9792     0.1893     3.7064     3.3602     0.0745     0.0891 -124.15308   41.59816       9.60          3  0.000e+00
      12389    516.167     25.050     25.249     9.7941     9.8178  36.396436  36.407954     9.7913     9.8150    33.4510    33.4407    25.7773    25.7654     6.8195     7.0561    207.756    214.969     2.0391     1.9792     0.1893     3.7064     3.3578     0.0745     0.0891 -124.15308   41.59816       9.60          3  0.000e+00
      12390    516.208     25.050     25.249     9.7940     9.8169  36.396372  36.407188     9.7911     9.8141    33.4510    33.4407    25.7774    25.7655     6.8195     7.0563    207.757    214.973     2.0391     1.9792     0.1893     3.7064     3.3590     0.0745     0.0879 -124.15308   41.59816       9.60          3  0.000e+00
      12391    516.250     24.997     25.195     9.7938     9.8160  36.396117  36.406295     9.7910     9.8132    33.4509    33.4407    25.7774    25.7657     6.8195     7.0564    207.756    214.976     2.0391     1.9792     0.1893     3.7064     3.3578     0.0745     0.0891 -124.15308   41.59816       9.60          3  0.000e+00
      12392    516.292     24.997     25.195     9.7940     9.8148  36.396500  36.405338     9.7912     9.8120    33.4512    33.4408    25.7775    25.7660     6.8194     7.0566    207.755    214.982     2.0391     1.9792     0.1893     3.7064     3.3590     0.0745     0.0891 -124.15308   41.59816       9.60          3  0.000e+00
      12393    516.333     24.997     25.195     9.7941     9.8127  36.396436  36.405338     9.7913     9.8099    33.4510    33.4428    25.7773    25.7679     6.8194     7.0569    207.755    214.990     2.0391     1.9792     0.1893     3.7064     3.3590     0.0745     0.0891 -124.15308   41.59816       9.62          3  0.000e+00
      12394    516.375     24.997     25.195     9.7941     9.8114  36.396372  36.404444     9.7913     9.8086    33.4509    33.4431    25.7773    25.7683     6.8194     7.0571    207.755    214.996     2.0391     1.9792     0.1893     3.7064     3.3578     0.0745     0.0891 -124.15308   41.59816       9.65          3  0.000e+00
      12395    516.417     25.050     25.249     9.7938     9.8102  36.396117  36.403870     9.7910     9.8074    33.4509    33.4436    25.7773    25.7689     6.8195     7.0573    207.758    215.003     2.0391     1.9792     0.1893     3.7064     3.3578     0.0745     0.0879 -124.15308   41.59816       9.65          3  0.000e+00
      12396    516.458     24.951     25.149     9.7938     9.8092  36.396244  36.404062     9.7910     9.8064    33.4511    33.4447    25.7775    25.7699     6.8194     7.0573    207.755    215.003     2.0391     1.9792     0.1893     3.7064     3.3578     0.0745     0.0891 -124.15308   41.59816       9.65          3  0.000e+00
      12397    516.500     24.997     25.195     9.7931     9.8084  36.396372  36.403870     9.7903     9.8056    33.4518    33.4453    25.7781    25.7705     6.8195     7.0575    207.758    215.008     2.0391     1.9792     0.1893     3.7064     3.3590     0.0745     0.0879 -124.15308   41.59816       9.65          3  0.000e+00
      12398    516.542     24.951     25.149     9.7929     9.8081  36.395989  36.403360     9.7902     9.8053    33.4516    33.4451    25.7780    25.7704     6.8195     7.0575    207.758    215.009     2.0391     1.9792     0.1893     3.7064     3.3590     0.0745     0.0891 -124.15308   41.59816       9.65          3  0.000e+00
      12399    516.583     25.050     25.249     9.7929     9.8076  36.395989  36.403424     9.7901     9.8048    33.4516    33.4456    25.7780    25.7708     6.8196     7.0576    207.761    215.013     2.0391     1.9792     0.1905     3.7369     3.3590     0.0745     0.0891 -124.15308   41.59816       9.65          3  0.000e+00
      12400    516.625     24.951     25.149     9.7931     9.8084  36.396500  36.403743     9.7903     9.8056    33.4520    33.4451    25.7782    25.7704     6.8249     7.0516    207.920    214.829     2.0403     1.9780     0.1905     3.7369     3.3590     0.0745     0.0891 -124.15308   41.59816       9.67          3  0.000e+00
      12401    516.667     24.997     25.195     9.7931     9.8105  36.396436  36.404572     9.7903     9.8077    33.4519    33.4440    25.7782    25.7692     6.8195     7.0513    207.758    214.821     2.0391     1.9780     0.1893     3.7064     3.3590     0.0745     0.0891 -124.15308   41.59816       9.67          3  0.000e+00
      12402    516.708     24.951     25.149     9.7933     9.8114  36.396819  36.405210     9.7905     9.8086    33.4521    33.4439    25.7783    25.7690     6.8195     7.0511    207.755    214.816     2.0391     1.9780     0.1893     3.7064     3.3590     0.0745     0.0891 -124.15308   41.59816       9.67          3  0.000e+00
      12403    516.750     24.951     25.149     9.7933     9.8104  36.397202  36.405210     9.7905     9.8076    33.4525    33.4448    25.7786    25.7698     6.8248     7.0513    207.918    214.819     2.0403     1.9780     0.1893     3.7064     3.3590     0.0745     0.0891 -124.15308   41.59816       9.67          3  0.000e+00
      12404    516.792     24.997     25.195     9.7936     9.8086  36.397075  36.405083     9.7908     9.8058    33.4521    33.4464    25.7782    25.7713     6.8248     7.0515    207.919    214.827     2.0403     1.9780     0.1893     3.7064     3.3590     0.0745     0.0891 -124.15308   41.59816       9.67          3  0.000e+00
      12405    516.833     24.951     25.149     9.7936     9.8073  36.397010  36.405338     9.7908     9.8045    33.4520    33.4479    25.7782    25.7727     6.8248     7.0575    207.918    215.008     2.0403     1.9792     0.1893     3.7064     3.3590     0.0745     0.0891 -124.15308   41.59816       9.65          3  0.000e+00
      12406    516.875     24.997     25.195     9.7943     9.8066  36.397458  36.404892     9.7915     9.8038    33.4518    33.4480    25.7780    25.7729     6.8247     7.0518    207.916    214.835     2.0403     1.9780     0.1893     3.7064     3.3578     0.0745     0.0891 -124.15308   41.59816       9.65          3  0.000e+00
      12407    516.917     24.951     25.149     9.7948     9.8055  36.397394  36.404764     9.7920     9.8027    33.4513    33.4490    25.7775    25.7739     6.8246     7.0519    207.913    214.838     2.0403     1.9780     0.1905     3.7369     3.3590     0.0745     0.0891 -124.15308   41.59816       9.67          3  0.000e+00
      12408    516.958     24.951     25.149     9.7946     9.8051  36.397330  36.404764     9.7918     9.8023    33.4514    33.4493    25.7776    25.7741     6.8247     7.0519    207.914    214.839     2.0403     1.9780     0.1893     3.7064     3.3578     0.0745     0.0891 -124.15308   41.59816       9.67          3  0.000e+00
      12409    517.000     24.997     25.195     9.7949     9.8081  36.397521  36.404317     9.7921     9.8053    33.4513    33.4461    25.7775    25.7712     6.8246     7.0516    207.914    214.830     2.0403     1.9780     0.1893     3.7064     3.3590     0.0745     0.0891 -124.15308   41.59816       9.67          3  0.000e+00
      12410    517.042     24.997     25.195     9.7951     9.8124  36.397649  36.404125     9.7923     9.8096    33.4513    33.4418    25.7774    25.7672     6.8246     7.0511    207.913    214.815     2.0403     1.9780     0.1905     3.7369     3.3578     0.0745     0.0891 -124.15308   41.59816       9.67          3  0.000e+00
      12411    517.083     24.951     25.149     9.7949     9.8150  36.397457  36.403678     9.7921     9.8122    33.4513    33.4390    25.7774    25.7645     6.8246     7.0566    207.913    214.983     2.0403     1.9792     0.2027     4.0422     3.3590     0.0745     0.0891 -124.15308   41.59816       9.67          3  0.000e+00
      12412    517.125     24.997     25.195     9.7948     9.8132  36.397330  36.403742     9.7920     9.8104    33.4513    33.4407    25.7774    25.7661     6.8247     7.0569    207.914    214.991     2.0403     1.9792     0.2271     4.6527     3.3590     0.0745     0.0891 -124.15308   41.59816       9.67          3  0.000e+00
      12413    517.167     24.951     25.149     9.7948     9.8117  36.398096  36.403359     9.7920     9.8089    33.4521    33.4417    25.7781    25.7672     6.8246     7.0512    207.912    214.817     2.0403     1.9780     0.2344     4.8358     3.3590     0.0745     0.0891 -124.15308   41.59816       9.67          3  0.000e+00
