West Coast/WCOA-7/CTD_Data/RB2102_CTD_055_01.ros
* Sea-Bird SBE 9 Data File:
* FileName = C:\Users\scs.user.rb\CTD\RB2102\Data\RB2102_CTD_055_01.hex
* Software Version Seasave V 7.26.7.107
* Temperature SN = 6202
* Conductivity SN = 4907
* Number of Bytes Per Scan = 41
* Number of Voltage Words = 4
* Number of Scans Averaged by the Deck Unit = 1
* NMEA Latitude = 44 00.03 N
* NMEA Longitude = 124 48.03 W
* NMEA UTC (Time) = Jul 05 2021  03:20:33
* NMEA baud rate = 4800
# nquan = 30
# nvalues = 735                                   
# units = specified
# name 0 = scan: Scan Count
# name 1 = timeS: Time, Elapsed [seconds]
# name 2 = depSM: Depth [salt water, m]
# name 3 = prDM: Pressure, Digiquartz [db]
# name 4 = t090C: Temperature [ITS-90, deg C]
# name 5 = t190C: Temperature, 2 [ITS-90, deg C]
# name 6 = c0mS/cm: Conductivity [mS/cm]
# name 7 = c1mS/cm: Conductivity, 2 [mS/cm]
# name 8 = potemp090C: Potential Temperature [ITS-90, deg C]
# name 9 = potemp190C: Potential Temperature, 2 [ITS-90, deg C]
# name 10 = sal00: Salinity, Practical [PSU]
# name 11 = sal11: Salinity, Practical, 2 [PSU]
# name 12 = sigma-é00: Density [sigma-theta, kg/m^3]
# name 13 = sigma-é11: Density, 2 [sigma-theta, kg/m^3]
# name 14 = sbeox0Mg/L: Oxygen, SBE 43 [mg/l]
# name 15 = sbeox1Mg/L: Oxygen, SBE 43, 2 [mg/l]
# name 16 = sbox0Mm/Kg: Oxygen, SBE 43 [umol/kg]
# name 17 = sbox1Mm/Kg: Oxygen, SBE 43, 2 [umol/kg]
# name 18 = sbeox0V: Oxygen raw, SBE 43 [V]
# name 19 = sbeox1V: Oxygen raw, SBE 43, 2 [V]
# name 20 = v4: Voltage 4
# name 21 = flECO-AFL: Fluorescence, WET Labs ECO-AFL/FL [mg/m^3]
# name 22 = v3: Voltage 3
# name 23 = v6: Voltage 6
# name 24 = v7: Voltage 7
# name 25 = longitude: Longitude [deg]
# name 26 = latitude: Latitude [deg]
# name 27 = altM: Altimeter [m]
# name 28 = nbf: Bottles Fired
# name 29 = flag:  0.000e+00
# interval = seconds: 0.0416667
# start_time = Jul 05 2021 03:20:33 [NMEA time, header]
# bad_flag = -9.990e-29
*END*
[from data line 436]
      38881   1620.000     29.835     30.079     7.9955     7.9967  34.316599  34.319086     7.9926     7.9938    32.9602    32.9617    25.6732    25.6742     5.5563     5.7552    169.289    175.352     1.6947     1.6508     0.0476     0.1655     3.2173     0.0000     0.1026 -124.80150   44.00052      81.76          9  0.000e+00
      38882   1620.042     29.881     30.125     7.9955     7.9967  34.316162  34.318338     7.9926     7.9938    32.9597    32.9609    25.6728    25.6736     5.5619     5.7614    169.462    175.540     1.6960     1.6520     0.0476     0.1655     3.2173     0.0000     0.1026 -124.80150   44.00052      81.76          9  0.000e+00
      38883   1620.083     29.835     30.079     7.9956     7.9965  34.316661  34.318150     7.9927     7.9936    32.9602    32.9609    25.6732    25.6736     5.5619     5.7553    169.460    175.354     1.6960     1.6508     0.0476     0.1655     3.2173     0.0000     0.1026 -124.80150   44.00052      81.76          9  0.000e+00
      38884   1620.125     29.835     30.079     7.9955     7.9964  34.316474  34.318337     7.9926     7.9935    32.9601    32.9612    25.6731    25.6739     5.5563     5.7553    169.289    175.354     1.6947     1.6508     0.0476     0.1655     3.2173     0.0000     0.1026 -124.80150   44.00052      81.76          9  0.000e+00
      38885   1620.167     29.835     30.079     7.9955     7.9964  34.316537  34.318213     7.9926     7.9935    32.9601    32.9611    25.6731    25.6738     5.5619     5.7614    169.460    175.541     1.6960     1.6520     0.0476     0.1655     3.2173     0.0000     0.1026 -124.80150   44.00052      81.76          9  0.000e+00
      41978   1749.042     20.235     20.400     8.1288     8.1234  34.203795  34.212405     8.1268     8.1214    32.7197    32.7338    25.4648    25.4767     6.3580     6.5388    193.757    199.265     1.8730     1.8107     0.0513     0.2571     3.2161     0.0000     0.1172 -124.80152   44.00056      91.33         10  0.000e+00
      41979   1749.083     20.235     20.400     8.1287     8.1247  34.204232  34.211907     8.1267     8.1227    32.7202    32.7321    25.4653    25.4751     6.3580     6.5387    193.757    199.261     1.8730     1.8107     0.0513     0.2571     3.2149     0.0000     0.1172 -124.80152   44.00056      91.33         10  0.000e+00
      41980   1749.125     20.235     20.400     8.1288     8.1255  34.203234  34.212031     8.1268     8.1236    32.7191    32.7314    25.4644    25.4745     6.3580     6.5325    193.758    199.071     1.8730     1.8095     0.0513     0.2571     3.2161     0.0000     0.1172 -124.80152   44.00056      91.31         10  0.000e+00
      41981   1749.167     20.281     20.446     8.1287     8.1259  34.202113  34.211657     8.1267     8.1239    32.7180    32.7307    25.4635    25.4739     6.3637     6.5325    193.932    199.072     1.8742     1.8095     0.0537     0.3181     3.2161     0.0000     0.1172 -124.80152   44.00056      91.21         10  0.000e+00
      41982   1749.208     20.235     20.400     8.1285     8.1259  34.201365  34.211533     8.1265     8.1239    32.7174    32.7306    25.4631    25.4738     6.3638     6.5325    193.932    199.071     1.8742     1.8095     0.0537     0.3181     3.2161     0.0000     0.1172 -124.80152   44.00056      91.16         10  0.000e+00
      41983   1749.250     20.334     20.500     8.1286     8.1254  34.201240  34.211969     8.1266     8.1234    32.7171    32.7315    25.4629    25.4746     6.3638     6.5265    193.935    198.889     1.8742     1.8083     0.0549     0.3486     3.2149     0.0000     0.1172 -124.80152   44.00056      91.16         10  0.000e+00
      41984   1749.292     20.235     20.400     8.1283     8.1254  34.200617  34.212218     8.1263     8.1234    32.7167    32.7318    25.4626    25.4749     6.3638     6.5264    193.934    198.886     1.8742     1.8083     0.0549     0.3486     3.2149     0.0000     0.1172 -124.80152   44.00056      91.16         10  0.000e+00
      41985   1749.333     20.235     20.400     8.1285     8.1245  34.200617  34.211907     8.1265     8.1226    32.7166    32.7322    25.4625    25.4753     6.3638     6.5265    193.933    198.889     1.8742     1.8083     0.0537     0.3181     3.2149     0.0000     0.1172 -124.80152   44.00056      91.16         10  0.000e+00
      41986   1749.375     20.235     20.400     8.1286     8.1241  34.199744  34.212031     8.1266     8.1221    32.7156    32.7328    25.4617    25.4758     6.3638     6.5265    193.934    198.891     1.8742     1.8083     0.0549     0.3486     3.2149     0.0000     0.1172 -124.80152   44.00056      91.18         10  0.000e+00
      41987   1749.417     20.235     20.400     8.1287     8.1234  34.199620  34.211658     8.1267     8.1214    32.7153    32.7330    25.4615    25.4761     6.3694     6.5205    194.105    198.707     1.8755     1.8071     0.0537     0.3181     3.2161     0.0000     0.1172 -124.80152   44.00056      91.31         10  0.000e+00
      41988   1749.458     20.189     20.353     8.1287     8.1234  34.200056  34.211720     8.1267     8.1214    32.7158    32.7331    25.4618    25.4762     6.3694     6.5205    194.103    198.706     1.8755     1.8071     0.0537     0.3181     3.2161     0.0000     0.1172 -124.80152   44.00056      91.33         10  0.000e+00
      41989   1749.500     20.281     20.446     8.1286     8.1221  34.200056  34.212281     8.1266     8.1201    32.7159    32.7349    25.4619    25.4777     6.3694     6.5207    194.106    198.712     1.8755     1.8071     0.0537     0.3181     3.2161     0.0000     0.1172 -124.80152   44.00056      91.33         10  0.000e+00
      41990   1749.542     20.189     20.353     8.1287     8.1208  34.200492  34.212530     8.1267     8.1188    32.7163    32.7364    25.4622    25.4791     6.3693     6.5208    194.102    198.714     1.8755     1.8071     0.0537     0.3181     3.2149     0.0000     0.1172 -124.80152   44.00056      91.33         10  0.000e+00
      41991   1749.583     20.235     20.400     8.1287     8.1205  34.201302  34.213153     8.1267     8.1185    32.7171    32.7373    25.4629    25.4799     6.3693     6.5208    194.102    198.715     1.8755     1.8071     0.0537     0.3181     3.2161     0.0000     0.1172 -124.80152   44.00056      91.33         10  0.000e+00
      41992   1749.625     20.235     20.400     8.1287     8.1202  34.201863  34.213402     8.1267     8.1182    32.7177    32.7379    25.4633    25.4804     6.3693     6.5147    194.101    198.530     1.8755     1.8059     0.0537     0.3181     3.2161     0.0000     0.1172 -124.80152   44.00056      91.31         10  0.000e+00
      41993   1749.667     20.182     20.346     8.1288     8.1198  34.202362  34.213776     8.1268     8.1178    32.7182    32.7386    25.4636    25.4810     6.3692     6.5147    194.099    198.529     1.8755     1.8059     0.0537     0.3181     3.2161     0.0000     0.1172 -124.80152   44.00056      91.23         10  0.000e+00
      41994   1749.708     20.235     20.400     8.1287     8.1193  34.202673  34.214399     8.1267     8.1174    32.7186    32.7397    25.4640    25.4820     6.3749     6.5148    194.271    198.531     1.8767     1.8059     0.0549     0.3486     3.2149     0.0000     0.1172 -124.80152   44.00056      91.21         10  0.000e+00
      41995   1749.750     20.182     20.346     8.1287     8.1189  34.203795  34.215021     8.1267     8.1169    32.7198    32.7409    25.4650    25.4829     6.3748     6.5148    194.268    198.531     1.8767     1.8059     0.0537     0.3181     3.2149     0.0000     0.1172 -124.80152   44.00056      91.18         10  0.000e+00
      41996   1749.792     20.189     20.353     8.1286     8.1172  34.204543  34.217264     8.1266     8.1153    32.7207    32.7448    25.4657    25.4862     6.3748     6.5149    194.267    198.533     1.8767     1.8059     0.0537     0.3181     3.2161     0.0000     0.1160 -124.80152   44.00056      91.21         10  0.000e+00
      41997   1749.833     20.136     20.300     8.1282     8.1141  34.205976  34.220379     8.1262     8.1122    32.7226    32.7510    25.4672    25.4916     6.3747     6.5151    194.265    198.538     1.8767     1.8059     0.0537     0.3181     3.2161     0.0000     0.1160 -124.80152   44.00056      91.21         10  0.000e+00
      41998   1749.875     20.189     20.353     8.1279     8.1107  34.206912  34.222684     8.1259     8.1087    32.7239    32.7566    25.4683    25.4965     6.3747     6.5154    194.266    198.548     1.8767     1.8059     0.0537     0.3181     3.2149     0.0000     0.1160 -124.80152   44.00056      91.21         10  0.000e+00
      41999   1749.917     20.136     20.300     8.1274     8.1081  34.208283  34.224117     8.1254     8.1062    32.7257    32.7606    25.4698    25.5000     6.3747     6.5156    194.264    198.554     1.8767     1.8059     0.0549     0.3486     3.2161     0.0000     0.1160 -124.80152   44.00056      91.26         10  0.000e+00
      42000   1749.958     20.189     20.353     8.1267     8.1052  34.208657  34.226235     8.1247     8.1032    32.7268    32.7656    25.4707    25.5043     6.3748     6.5160    194.267    198.562     1.8767     1.8059     0.0549     0.3486     3.2149     0.0000     0.1160 -124.80152   44.00056      91.28         10  0.000e+00
      42001   1750.000     20.136     20.300     8.1267     8.1019  34.209592  34.228914     8.1247     8.1000    32.7278    32.7715    25.4715    25.5094     6.3747     6.5162    194.264    198.568     1.8767     1.8059     0.0537     0.3181     3.2161     0.0000     0.1160 -124.80152   44.00056      91.28         10  0.000e+00
      42002   1750.042     20.143     20.307     8.1264     8.0998  34.210090  34.230534     8.1245     8.0979    32.7286    32.7752    25.4722    25.5126     6.3803     6.5164    194.435    198.573     1.8779     1.8059     0.0537     0.3181     3.2161     0.0000     0.1160 -124.80152   44.00056      91.28         10  0.000e+00
      42003   1750.083     20.136     20.300     8.1255     8.0987  34.210464  34.231033     8.1236     8.0967    32.7298    32.7768    25.4733    25.5140     6.3804     6.5165    194.438    198.576     1.8779     1.8059     0.0537     0.3181     3.2149     0.0000     0.1172 -124.80152   44.00056      91.28         10  0.000e+00
      42004   1750.125     20.090     20.253     8.1246     8.0987  34.210527  34.231593     8.1226     8.0967    32.7308    32.7774    25.4742    25.5145     6.3805     6.5164    194.439    198.574     1.8779     1.8059     0.0537     0.3181     3.2149     0.0000     0.1160 -124.80152   44.00056      91.28         10  0.000e+00
      42005   1750.167     20.090     20.253     8.1236     8.0992  34.210028  34.231905     8.1216     8.0972    32.7312    32.7773    25.4747    25.5144     6.3806     6.5163    194.444    198.572     1.8779     1.8059     0.0537     0.3181     3.2149     0.0000     0.1172 -124.80152   44.00056      91.31         10  0.000e+00
      42006   1750.208     20.143     20.307     8.1228     8.0992  34.209904  34.232279     8.1208     8.0972    32.7318    32.7776    25.4752    25.5147     6.3808     6.5164    194.448    198.573     1.8779     1.8059     0.0537     0.3181     3.2161     0.0000     0.1172 -124.80152   44.00056      91.31         10  0.000e+00
      42007   1750.250     20.037     20.200     8.1222     8.0984  34.209904  34.232839     8.1202     8.0964    32.7324    32.7790    25.4758    25.5159     6.3807     6.5164    194.447    198.572     1.8779     1.8059     0.0537     0.3181     3.2161     0.0000     0.1172 -124.80152   44.00056      91.31         10  0.000e+00
      42008   1750.292     20.090     20.253     8.1217     8.0975  34.209654  34.233213     8.1197     8.0956    32.7326    32.7802    25.4760    25.5169     6.3808     6.5165    194.450    198.576     1.8779     1.8059     0.0525     0.2876     3.2149     0.0000     0.1172 -124.80152   44.00056      91.31         10  0.000e+00
      42009   1750.333     20.090     20.253     8.1215     8.0977  34.209779  34.233338     8.1195     8.0957    32.7329    32.7802    25.4763    25.5169     6.3865     6.5165    194.622    198.575     1.8791     1.8059     0.0525     0.2876     3.2161     0.0000     0.1172 -124.80152   44.00056      91.31         10  0.000e+00
      42010   1750.375     20.044     20.207     8.1212     8.0977  34.210153  34.233338     8.1192     8.0957    32.7336    32.7802    25.4769    25.5169     6.3864     6.5225    194.621    198.760     1.8791     1.8071     0.0525     0.2876     3.2149     0.0000     0.1172 -124.80152   44.00056      91.31         10  0.000e+00
      42011   1750.417     20.037     20.200     8.1202     8.0979  34.210215  34.233524     8.1183     8.0959    32.7345    32.7802    25.4778    25.5169     6.3865     6.5225    194.624    198.759     1.8791     1.8071     0.0525     0.2876     3.2149     0.0000     0.1172 -124.80152   44.00056      91.36         10  0.000e+00
      42012   1750.458     20.044     20.207     8.1193     8.0979  34.210216  34.233649     8.1174     8.0959    32.7354    32.7803    25.4785    25.5170     6.3866     6.5225    194.627    198.759     1.8791     1.8071     0.0525     0.2876     3.2161     0.0000     0.1172 -124.80152   44.00056      91.38         10  0.000e+00
      42013   1750.500     20.037     20.200     8.1183     8.0980  34.210216  34.233836     8.1163     8.0961    32.7364    32.7804    25.4795    25.5170     6.3868     6.5225    194.630    198.758     1.8791     1.8071     0.0537     0.3181     3.2149     0.0000     0.1172 -124.80152   44.00056      91.38         10  0.000e+00
      42014   1750.542     19.991     20.153     8.1173     8.0974  34.210714  34.234272     8.1154     8.0954    32.7378    32.7815    25.4808    25.5179     6.3868     6.5225    194.631    198.758     1.8791     1.8071     0.0525     0.2876     3.2149     0.0000     0.1184 -124.80152   44.00056      91.38         10  0.000e+00
      42015   1750.583     19.991     20.153     8.1173     8.0975  34.210590  34.234023     8.1154     8.0955    32.7377    32.7811    25.4807    25.5176     6.3868     6.5225    194.632    198.759     1.8791     1.8071     0.0537     0.3181     3.2149     0.0000     0.1184 -124.80152   44.00056      91.38         10  0.000e+00
      42016   1750.625     20.044     20.207     8.1169     8.0975  34.210527  34.233898     8.1150     8.0956    32.7380    32.7809    25.4809    25.5175     6.3869     6.5225    194.634    198.760     1.8791     1.8071     0.0525     0.2876     3.2149     0.0000     0.1184 -124.80152   44.00056      91.38         10  0.000e+00
      42017   1750.667     19.991     20.153     8.1168     8.0977  34.210527  34.233898     8.1148     8.0957    32.7381    32.7808    25.4811    25.5174     6.3869     6.5286    194.633    198.944     1.8791     1.8083     0.0525     0.2876     3.2149     0.0000     0.1184 -124.80152   44.00056      91.43         10  0.000e+00
      42018   1750.708     19.944     20.107     8.1168     8.0979  34.210963  34.234583     8.1148     8.0959    32.7386    32.7814    25.4814    25.5178     6.3924     6.5285    194.802    198.941     1.8803     1.8083     0.0537     0.3181     3.2149     0.0000     0.1184 -124.80152   44.00056      91.45         10  0.000e+00
      42019   1750.750     19.991     20.153     8.1170     8.0975  34.211088  34.234583     8.1150     8.0956    32.7385    32.7817    25.4814    25.5181     6.3924     6.5224    194.803    198.757     1.8803     1.8071     0.0525     0.2876     3.2161     0.0000     0.1184 -124.80152   44.00056      91.45         10  0.000e+00
