West Coast/WCOA-7/CTD_Data/RB2102_CTD_083_01.ros
* Sea-Bird SBE 9 Data File:
* FileName = C:\Users\scs.user.rb\CTD\RB2102\Data\RB2102_CTD_083_01.hex
* Software Version Seasave V 7.26.7.107
* Temperature SN = 6202
* Conductivity SN = 4907
* Number of Bytes Per Scan = 41
* Number of Voltage Words = 4
* Number of Scans Averaged by the Deck Unit = 1
* NMEA Latitude = 37 56.57 N
* NMEA Longitude = 122 52.83 W
* NMEA UTC (Time) = Jul 11 2021  04:28:52
* NMEA baud rate = 4800
# nquan = 30
# nvalues = 980                                   
# units = specified
# name 0 = scan: Scan Count
# name 1 = timeS: Time, Elapsed [seconds]
# name 2 = depSM: Depth [salt water, m]
# name 3 = prDM: Pressure, Digiquartz [db]
# name 4 = t090C: Temperature [ITS-90, deg C]
# name 5 = t190C: Temperature, 2 [ITS-90, deg C]
# name 6 = c0mS/cm: Conductivity [mS/cm]
# name 7 = c1mS/cm: Conductivity, 2 [mS/cm]
# name 8 = potemp090C: Potential Temperature [ITS-90, deg C]
# name 9 = potemp190C: Potential Temperature, 2 [ITS-90, deg C]
# name 10 = sal00: Salinity, Practical [PSU]
# name 11 = sal11: Salinity, Practical, 2 [PSU]
# name 12 = sigma-é00: Density [sigma-theta, kg/m^3]
# name 13 = sigma-é11: Density, 2 [sigma-theta, kg/m^3]
# name 14 = sbeox0Mg/L: Oxygen, SBE 43 [mg/l]
# name 15 = sbeox1Mg/L: Oxygen, SBE 43, 2 [mg/l]
# name 16 = sbox0Mm/Kg: Oxygen, SBE 43 [umol/kg]
# name 17 = sbox1Mm/Kg: Oxygen, SBE 43, 2 [umol/kg]
# name 18 = sbeox0V: Oxygen raw, SBE 43 [V]
# name 19 = sbeox1V: Oxygen raw, SBE 43, 2 [V]
# name 20 = v4: Voltage 4
# name 21 = flECO-AFL: Fluorescence, WET Labs ECO-AFL/FL [mg/m^3]
# name 22 = v3: Voltage 3
# name 23 = v6: Voltage 6
# name 24 = v7: Voltage 7
# name 25 = longitude: Longitude [deg]
# name 26 = latitude: Latitude [deg]
# name 27 = altM: Altimeter [m]
# name 28 = nbf: Bottles Fired
# name 29 = flag:  0.000e+00
# interval = seconds: 0.0416667
# start_time = Jul 11 2021 04:28:52 [NMEA time, header]
# bad_flag = -9.990e-29
*END*
[from data line 49]
      14299    595.750     44.234     44.572     9.4568     9.4560  36.581160  36.581645     9.4519     9.4511    33.9486    33.9499    26.2221    26.2232     2.5730     2.6859     78.352     81.792     1.0684     1.0611     0.0501     0.2265     3.3663     0.0281     0.0317 -122.88060   37.94284       6.57          2  0.000e+00
      14300    595.792     44.187     44.525     9.4571     9.4558  36.581544  36.581901     9.4522     9.4509    33.9488    33.9503    26.2221    26.2236     2.5729     2.6859     78.351     81.792     1.0684     1.0611     0.0501     0.2265     3.3663     0.0281     0.0317 -122.88060   37.94284       6.57          2  0.000e+00
      14301    595.833     44.234     44.572     9.4575     9.4552  36.581352  36.581325     9.4527     9.4503    33.9481    33.9503    26.2216    26.2237     2.5729     2.6801     78.351     81.614     1.0684     1.0598     0.0501     0.2265     3.3675     0.0281     0.0305 -122.88060   37.94284       6.57          2  0.000e+00
      14302    595.875     44.234     44.572     9.4579     9.4554  36.581544  36.581325     9.4530     9.4505    33.9480    33.9502    26.2214    26.2235     2.5675     2.6801     78.186     81.614     1.0672     1.0598     0.0501     0.2265     3.3675     0.0281     0.0305 -122.88060   37.94284       6.57          2  0.000e+00
      14303    595.917     44.187     44.525     9.4580     9.4554  36.581864  36.581901     9.4531     9.4505    33.9482    33.9508    26.2216    26.2240     2.5675     2.6860     78.185     81.792     1.0672     1.0611     0.0501     0.2265     3.3663     0.0281     0.0317 -122.88060   37.94284       6.54          2  0.000e+00
      14304    595.958     44.234     44.572     9.4579     9.4555  36.581672  36.581837     9.4530     9.4506    33.9481    33.9506    26.2215    26.2238     2.5675     2.6860     78.186     81.793     1.0672     1.0611     0.0501     0.2265     3.3675     0.0281     0.0317 -122.88060   37.94284       6.59          2  0.000e+00
      14305    596.000     44.187     44.525     9.4571     9.4552  36.581864  36.581517     9.4522     9.4503    33.9491    33.9506    26.2224    26.2239     2.5675     2.6860     78.187     81.793     1.0672     1.0611     0.0501     0.2265     3.3675     0.0281     0.0305 -122.88060   37.94284       6.62          2  0.000e+00
      14306    596.042     44.187     44.525     9.4569     9.4557  36.581416  36.581453     9.4520     9.4508    33.9488    33.9500    26.2222    26.2233     2.5676     2.6859     78.187     81.792     1.0672     1.0611     0.0488     0.1960     3.3663     0.0281     0.0305 -122.88060   37.94284       6.62          2  0.000e+00
      14307    596.083     44.174     44.512     9.4566     9.4555  36.581800  36.581197     9.4517     9.4506    33.9495    33.9499    26.2228    26.2233     2.5730     2.6801     78.352     81.613     1.0684     1.0598     0.0476     0.1655     3.3675     0.0281     0.0305 -122.88060   37.94284       6.62          2  0.000e+00
      14308    596.125     44.187     44.525     9.4574     9.4552  36.581928  36.581325     9.4525     9.4503    33.9489    33.9504    26.2222    26.2237     2.5675     2.6860     78.186     81.793     1.0672     1.0611     0.0476     0.1655     3.3675     0.0281     0.0305 -122.88060   37.94284       6.62          2  0.000e+00
      14309    596.167     44.187     44.525     9.4579     9.4550  36.582120  36.581453     9.4530     9.4501    33.9486    33.9506    26.2219    26.2239     2.5675     2.6860     78.185     81.793     1.0672     1.0611     0.0476     0.1655     3.3663     0.0281     0.0305 -122.88060   37.94284       6.59          2  0.000e+00
      14310    596.208     44.141     44.478     9.4585     9.4548  36.582504  36.581453     9.4536     9.4500    33.9484    33.9508    26.2216    26.2241     2.5675     2.6860     78.184     81.793     1.0672     1.0611     0.0476     0.1655     3.3663     0.0281     0.0305 -122.88060   37.94284       6.64          2  0.000e+00
      14311    596.250     44.187     44.525     9.4592     9.4548  36.583016  36.581197     9.4543     9.4500    33.9483    33.9505    26.2214    26.2239     2.5674     2.6801     78.183     81.614     1.0672     1.0598     0.0476     0.1655     3.3675     0.0281     0.0305 -122.88060   37.94284       6.67          2  0.000e+00
      14312    596.292     44.141     44.478     9.4599     9.4547  36.583463  36.581325     9.4550     9.4498    33.9481    33.9508    26.2212    26.2241     2.5674     2.6860     78.182     81.793     1.0672     1.0611     0.0476     0.1655     3.3675     0.0281     0.0305 -122.88060   37.94284       6.67          2  0.000e+00
      14313    596.333     44.187     44.525     9.4605     9.4547  36.583527  36.581069     9.4556     9.4498    33.9476    33.9505    26.2207    26.2239     2.5674     2.6860     78.181     81.794     1.0672     1.0611     0.0476     0.1655     3.3675     0.0281     0.0305 -122.88060   37.94284       6.67          2  0.000e+00
      14314    596.375     44.141     44.478     9.4613     9.4547  36.584039  36.581069     9.4565     9.4498    33.9473    33.9506    26.2203    26.2239     2.5673     2.6860     78.179     81.793     1.0672     1.0611     0.0488     0.1960     3.3651     0.0293     0.0317 -122.88060   37.94284       6.67          2  0.000e+00
      14315    596.417     44.141     44.478     9.4616     9.4547  36.583975  36.581133     9.4568     9.4498    33.9470    33.9506    26.2200    26.2240     2.5673     2.6801     78.179     81.614     1.0672     1.0598     0.0476     0.1655     3.3675     0.0281     0.0317 -122.88060   37.94284       6.64          2  0.000e+00
      14316    596.458     44.141     44.478     9.4615     9.4548  36.583847  36.581325     9.4566     9.4500    33.9470    33.9507    26.2201    26.2240     2.5673     2.6860     78.179     81.793     1.0672     1.0611     0.0476     0.1655     3.3663     0.0281     0.0305 -122.88060   37.94284       6.69          2  0.000e+00
      14317    596.500     44.141     44.478     9.4615     9.4547  36.583847  36.580941     9.4566     9.4498    33.9470    33.9504    26.2201    26.2238     2.5727     2.6801     78.344     81.614     1.0684     1.0598     0.0476     0.1655     3.3663     0.0281     0.0305 -122.88060   37.94284       6.69          2  0.000e+00
      14318    596.542     44.187     44.525     9.4615     9.4547  36.583847  36.580814     9.4566     9.4498    33.9470    33.9503    26.2200    26.2237     2.5673     2.6801     78.180     81.615     1.0672     1.0598     0.0488     0.1960     3.3663     0.0281     0.0305 -122.88060   37.94284       6.69          2  0.000e+00
      14319    596.583     44.141     44.478     9.4608     9.4545  36.583847  36.581005     9.4559     9.4496    33.9476    33.9507    26.2206    26.2241     2.5727     2.6860     78.345     81.793     1.0684     1.0611     0.0476     0.1655     3.3663     0.0281     0.0305 -122.88060   37.94284       6.69          2  0.000e+00
      14320    596.625     44.088     44.425     9.4608     9.4545  36.584103  36.580877     9.4560     9.4496    33.9479    33.9506    26.2209    26.2240     2.5727     2.6860     78.344     81.793     1.0684     1.0611     0.0476     0.1655     3.3663     0.0281     0.0305 -122.88060   37.94284       6.69          2  0.000e+00
      14321    596.667     44.187     44.525     9.4611     9.4545  36.583911  36.580814     9.4563     9.4496    33.9474    33.9504    26.2204    26.2239     2.5673     2.6860     78.180     81.794     1.0672     1.0611     0.0488     0.1960     3.3663     0.0293     0.0317 -122.88060   37.94284       6.69          2  0.000e+00
      14322    596.708     44.128     44.465     9.4620     9.4545  36.583847  36.580813     9.4571     9.4496    33.9465    33.9505    26.2196    26.2239     2.5673     2.6801     78.179     81.614     1.0672     1.0598     0.0488     0.1960     3.3663     0.0293     0.0317 -122.88060   37.94284       6.69          2  0.000e+00
      14323    596.750     44.088     44.425     9.4620     9.4542  36.583847  36.580813     9.4571     9.4493    33.9466    33.9508    26.2196    26.2242     2.5727     2.6801     78.343     81.614     1.0684     1.0598     0.0476     0.1655     3.3663     0.0293     0.0317 -122.88060   37.94284       6.69          2  0.000e+00
      14324    596.792     44.187     44.525     9.4621     9.4542  36.584359  36.580814     9.4572     9.4493    33.9469    33.9508    26.2199    26.2242     2.5673     2.6801     78.179     81.615     1.0672     1.0598     0.0476     0.1655     3.3663     0.0293     0.0317 -122.88060   37.94284       6.69          2  0.000e+00
      14325    596.833     44.088     44.425     9.4624     9.4542  36.584295  36.580813     9.4576     9.4493    33.9466    33.9508    26.2196    26.2242     2.5726     2.6801     78.342     81.614     1.0684     1.0598     0.0476     0.1655     3.3675     0.0293     0.0317 -122.88060   37.94284       6.69          2  0.000e+00
      14326    596.875     44.141     44.478     9.4620     9.4544  36.584231  36.580558     9.4571     9.4495    33.9469    33.9503    26.2199    26.2238     2.5673     2.6801     78.179     81.615     1.0672     1.0598     0.0476     0.1655     3.3663     0.0293     0.0317 -122.88060   37.94284       6.72          2  0.000e+00
      14327    596.917     44.187     44.525     9.4624     9.4542  36.583975  36.580686     9.4576     9.4493    33.9462    33.9506    26.2193    26.2241     2.5727     2.6801     78.343     81.615     1.0684     1.0598     0.0476     0.1655     3.3663     0.0305     0.0330 -122.88060   37.94284       6.69          2  0.000e+00
      14328    596.958     44.088     44.425     9.4626     9.4545  36.583847  36.581005     9.4577     9.4496    33.9459    33.9507    26.2190    26.2241     2.5672     2.6801     78.177     81.614     1.0672     1.0598     0.0488     0.1960     3.3663     0.0305     0.0330 -122.88060   37.94284       6.72          2  0.000e+00
      14329    597.000     44.141     44.478     9.4624     9.4542  36.584103  36.580877     9.4576     9.4493    33.9464    33.9508    26.2194    26.2242     2.5673     2.6801     78.178     81.615     1.0672     1.0598     0.0476     0.1655     3.3675     0.0305     0.0330 -122.88060   37.94284       6.72          2  0.000e+00
      14330    597.042     44.141     44.478     9.4621     9.4544  36.583719  36.581261     9.4572     9.4495    33.9463    33.9511    26.2194    26.2244     2.5673     2.6801     78.179     81.614     1.0672     1.0598     0.0476     0.1655     3.3663     0.0293     0.0317 -122.88060   37.94284       6.72          2  0.000e+00
      14331    597.083     44.141     44.478     9.4621     9.4545  36.583271  36.581453     9.4572     9.4496    33.9458    33.9511    26.2190    26.2244     2.5673     2.6860     78.179     81.793     1.0672     1.0611     0.0476     0.1655     3.3675     0.0293     0.0317 -122.88060   37.94284       6.72          2  0.000e+00
      14332    597.125     44.187     44.525     9.4624     9.4547  36.583463  36.581069     9.4576     9.4498    33.9457    33.9505    26.2189    26.2239     2.5673     2.6860     78.179     81.794     1.0672     1.0611     0.0476     0.1655     3.3663     0.0293     0.0317 -122.88060   37.94284       6.72          2  0.000e+00
      14333    597.167     44.088     44.425     9.4616     9.4548  36.583271  36.581325     9.4568     9.4500    33.9463    33.9507    26.2194    26.2240     2.5673     2.6801     78.179     81.613     1.0672     1.0598     0.0476     0.1655     3.3675     0.0281     0.0317 -122.88060   37.94284       6.72          2  0.000e+00
      14334    597.208     44.187     44.525     9.4611     9.4548  36.583207  36.581197     9.4563     9.4500    33.9466    33.9505    26.2198    26.2239     2.5673     2.6860     78.181     81.793     1.0672     1.0611     0.0476     0.1655     3.3651     0.0293     0.0317 -122.88060   37.94284       6.72          2  0.000e+00
      14335    597.250     44.141     44.478     9.4603     9.4552  36.583207  36.581325     9.4554     9.4503    33.9474    33.9504    26.2206    26.2237     2.5674     2.6801     78.181     81.613     1.0672     1.0598     0.0488     0.1960     3.3651     0.0293     0.0317 -122.88060   37.94284       6.72          2  0.000e+00
      14336    597.292     44.141     44.478     9.4605     9.4548  36.583463  36.581645     9.4556     9.4500    33.9475    33.9510    26.2206    26.2243     2.5674     2.6860     78.181     81.793     1.0672     1.0611     0.0488     0.1960     3.3651     0.0293     0.0317 -122.88060   37.94284       6.72          2  0.000e+00
      14337    597.333     44.174     44.512     9.4610     9.4552  36.583719  36.581517     9.4561     9.4503    33.9473    33.9506    26.2204    26.2239     2.5673     2.6801     78.180     81.613     1.0672     1.0598     0.0476     0.1655     3.3675     0.0281     0.0305 -122.88060   37.94284       6.72          2  0.000e+00
      14338    597.375     44.141     44.478     9.4613     9.4548  36.583399  36.580941     9.4564     9.4500    33.9467    33.9503    26.2199    26.2237     2.5673     2.6860     78.180     81.793     1.0672     1.0611     0.0476     0.1655     3.3675     0.0293     0.0305 -122.88060   37.94284       6.72          2  0.000e+00
      14339    597.417     44.141     44.478     9.4616     9.4550  36.583207  36.581005     9.4568     9.4502    33.9462    33.9502    26.2194    26.2236     2.5673     2.6860     78.180     81.793     1.0672     1.0611     0.0476     0.1655     3.3675     0.0293     0.0317 -122.88060   37.94284       6.72          2  0.000e+00
      14340    597.458     44.187     44.525     9.4620     9.4550  36.583015  36.581133     9.4571     9.4501    33.9457    33.9503    26.2189    26.2237     2.5727     2.6801     78.344     81.614     1.0684     1.0598     0.0488     0.1960     3.3663     0.0281     0.0305 -122.88060   37.94284       6.72          2  0.000e+00
      14341    597.500     44.187     44.525     9.4621     9.4548  36.582887  36.581133     9.4572     9.4500    33.9454    33.9505    26.2187    26.2238     2.5673     2.6860     78.180     81.793     1.0672     1.0611     0.0476     0.1655     3.3663     0.0281     0.0305 -122.88060   37.94284       6.72          2  0.000e+00
      14342    597.542     44.141     44.478     9.4620     9.4548  36.583079  36.580877     9.4571     9.4500    33.9457    33.9502    26.2190    26.2237     2.5673     2.6801     78.179     81.614     1.0672     1.0598     0.0476     0.1655     3.3663     0.0281     0.0305 -122.88060   37.94284       6.72          2  0.000e+00
      14343    597.583     44.187     44.525     9.4620     9.4547  36.583015  36.581005     9.4571     9.4498    33.9457    33.9505    26.2189    26.2239     2.5727     2.6801     78.344     81.614     1.0684     1.0598     0.0476     0.1655     3.3663     0.0281     0.0305 -122.88060   37.94284       6.72          2  0.000e+00
      14344    597.625     44.187     44.525     9.4616     9.4548  36.582887  36.581133     9.4568     9.4500    33.9458    33.9505    26.2191    26.2238     2.5727     2.6801     78.345     81.614     1.0684     1.0598     0.0488     0.1960     3.3663     0.0281     0.0305 -122.88060   37.94284       6.72          2  0.000e+00
      14345    597.667     44.187     44.525     9.4605     9.4545  36.582888  36.580878     9.4556     9.4496    33.9469    33.9505    26.2201    26.2239     2.5674     2.6801     78.182     81.615     1.0672     1.0598     0.0476     0.1655     3.3663     0.0281     0.0305 -122.88060   37.94284       6.72          2  0.000e+00
