West Coast/WCOA-7/CTD_Data/RB2102_CTD_059_01.ros
* Sea-Bird SBE 9 Data File:
* FileName = C:\Users\scs.user.rb\CTD\RB2102\Data\RB2102_CTD_059_01.hex
* Software Version Seasave V 7.26.7.107
* Temperature SN = 6202
* Conductivity SN = 4907
* Number of Bytes Per Scan = 41
* Number of Voltage Words = 4
* Number of Scans Averaged by the Deck Unit = 1
* NMEA Latitude = 43 18.03 N
* NMEA Longitude = 124 30.11 W
* NMEA UTC (Time) = Jul 05 2021  17:29:56
* NMEA baud rate = 4800
# nquan = 30
# nvalues = 637                                   
# units = specified
# name 0 = scan: Scan Count
# name 1 = timeS: Time, Elapsed [seconds]
# name 2 = depSM: Depth [salt water, m]
# name 3 = prDM: Pressure, Digiquartz [db]
# name 4 = t090C: Temperature [ITS-90, deg C]
# name 5 = t190C: Temperature, 2 [ITS-90, deg C]
# name 6 = c0mS/cm: Conductivity [mS/cm]
# name 7 = c1mS/cm: Conductivity, 2 [mS/cm]
# name 8 = potemp090C: Potential Temperature [ITS-90, deg C]
# name 9 = potemp190C: Potential Temperature, 2 [ITS-90, deg C]
# name 10 = sal00: Salinity, Practical [PSU]
# name 11 = sal11: Salinity, Practical, 2 [PSU]
# name 12 = sigma-é00: Density [sigma-theta, kg/m^3]
# name 13 = sigma-é11: Density, 2 [sigma-theta, kg/m^3]
# name 14 = sbeox0Mg/L: Oxygen, SBE 43 [mg/l]
# name 15 = sbeox1Mg/L: Oxygen, SBE 43, 2 [mg/l]
# name 16 = sbox0Mm/Kg: Oxygen, SBE 43 [umol/kg]
# name 17 = sbox1Mm/Kg: Oxygen, SBE 43, 2 [umol/kg]
# name 18 = sbeox0V: Oxygen raw, SBE 43 [V]
# name 19 = sbeox1V: Oxygen raw, SBE 43, 2 [V]
# name 20 = v4: Voltage 4
# name 21 = flECO-AFL: Fluorescence, WET Labs ECO-AFL/FL [mg/m^3]
# name 22 = v3: Voltage 3
# name 23 = v6: Voltage 6
# name 24 = v7: Voltage 7
# name 25 = longitude: Longitude [deg]
# name 26 = latitude: Latitude [deg]
# name 27 = altM: Altimeter [m]
# name 28 = nbf: Bottles Fired
# name 29 = flag:  0.000e+00
# interval = seconds: 0.0416667
# start_time = Jul 05 2021 17:29:56 [NMEA time, header]
# bad_flag = -9.990e-29
*END*
[from data line 339]
      29598   1233.208     29.716     29.957     8.3716     8.3745  35.375311  35.375604     8.3686     8.3715    33.7284    33.7259    26.2201    26.2177     3.8730     4.0246    117.941    122.556     1.3407     1.3175     0.0586     0.4402     3.2894     0.0916     0.0916 -124.50280   43.30052      60.81          7  0.000e+00
      29599   1233.250     29.663     29.903     8.3714     8.3743  35.374743  35.375730     8.3684     8.3713    33.7279    33.7262    26.2198    26.2180     3.8730     4.0246    117.941    122.556     1.3407     1.3175     0.0586     0.4402     3.2894     0.0928     0.0916 -124.50280   43.30052      60.81          7  0.000e+00
      29600   1233.292     29.663     29.903     8.3718     8.3743  35.375374  35.375477     8.3688     8.3713    33.7283    33.7259    26.2200    26.2178     3.8730     4.0246    117.940    122.556     1.3407     1.3175     0.0598     0.4707     3.2882     0.0916     0.0916 -124.50280   43.30052      60.81          7  0.000e+00
      29601   1233.333     29.716     29.957     8.3718     8.3743  35.374869  35.375414     8.3687     8.3713    33.7277    33.7258    26.2196    26.2177     3.8730     4.0246    117.941    122.557     1.3407     1.3175     0.0598     0.4707     3.2894     0.0928     0.0916 -124.50280   43.30052      60.81          7  0.000e+00
      32189   1341.167     19.946     20.107     9.1723     9.1742  35.969102  35.969616     9.1701     9.1721    33.5949    33.5936    25.9909    25.9896     4.8154     4.9932    146.671    152.087     1.5690     1.5336     0.0806     0.9897     3.2857     0.0781     0.1136 -124.50288   43.30052      71.06          8  0.000e+00
      32190   1341.208     19.893     20.054     9.1714     9.1742  35.968467  35.969680     9.1693     9.1720    33.5950    33.5937    25.9911    25.9897     4.8209     4.9932    146.838    152.086     1.5702     1.5336     0.0806     0.9897     3.2869     0.0781     0.1136 -124.50288   43.30052      71.04          8  0.000e+00
      32191   1341.250     19.893     20.054     9.1704     9.1742  35.968212  35.969870     9.1683     9.1721    33.5957    33.5939    25.9918    25.9898     4.8155     4.9932    146.675    152.086     1.5690     1.5336     0.0806     0.9897     3.2869     0.0781     0.1148 -124.50288   43.30052      71.01          8  0.000e+00
      32192   1341.292     19.939     20.100     9.1704     9.1738  35.968467  35.969743     9.1683     9.1717    33.5959    33.5941    25.9920    25.9900     4.8156     4.9932    146.676    152.088     1.5690     1.5336     0.0806     0.9897     3.2869     0.0781     0.1136 -124.50288   43.30052      71.04          8  0.000e+00
      32193   1341.333     19.992     20.154     9.1713     9.1732  35.968785  35.969616     9.1691     9.1711    33.5954    33.5945    25.9915    25.9904     4.8155     4.9933    146.675    152.091     1.5690     1.5336     0.0806     0.9897     3.2869     0.0781     0.1148 -124.50288   43.30052      71.01          8  0.000e+00
      32194   1341.375     19.939     20.100     9.1716     9.1726  35.969102  35.969616     9.1695     9.1704    33.5955    33.5951    25.9915    25.9910     4.8154     4.9934    146.673    152.091     1.5690     1.5336     0.0794     0.9591     3.2869     0.0781     0.1136 -124.50288   43.30052      71.01          8  0.000e+00
      32195   1341.417     19.992     20.154     9.1717     9.1717  35.969420  35.969426     9.1696     9.1695    33.5957    33.5957    25.9916    25.9917     4.8155     4.9935    146.673    152.095     1.5690     1.5336     0.0806     0.9897     3.2869     0.0781     0.1148 -124.50288   43.30052      70.94          8  0.000e+00
      32196   1341.458     19.939     20.100     9.1719     9.1714  35.969293  35.969299     9.1698     9.1693    33.5954    33.5959    25.9913    25.9918     4.8154     4.9935    146.672    152.095     1.5690     1.5336     0.0806     0.9897     3.2869     0.0781     0.1136 -124.50288   43.30052      70.89          8  0.000e+00
      32197   1341.500     19.992     20.154     9.1717     9.1717  35.969166  35.969108     9.1696     9.1695    33.5954    33.5954    25.9914    25.9914     4.8155     4.9935    146.673    152.095     1.5690     1.5336     0.0806     0.9897     3.2869     0.0781     0.1136 -124.50288   43.30052      70.89          8  0.000e+00
      32198   1341.542     19.939     20.100     9.1717     9.1721  35.969166  35.968981     9.1696     9.1699    33.5954    33.5949    25.9914    25.9909     4.8154     4.9934    146.672    152.093     1.5690     1.5336     0.0806     0.9897     3.2869     0.0781     0.1136 -124.50288   43.30052      70.89          8  0.000e+00
      32199   1341.583     20.039     20.201     9.1717     9.1712  35.968976  35.968728     9.1696     9.1691    33.5952    33.5954    25.9912    25.9915     4.8155     4.9936    146.674    152.098     1.5690     1.5336     0.0806     0.9897     3.2857     0.0781     0.1136 -124.50288   43.30052      70.87          8  0.000e+00
      32200   1341.625     19.946     20.107     9.1717     9.1704  35.969102  35.968283     9.1696     9.1682    33.5954    33.5958    25.9913    25.9919     4.8154     4.9936    146.672    152.099     1.5690     1.5336     0.0806     0.9897     3.2869     0.0781     0.1148 -124.50288   43.30052      70.89          8  0.000e+00
      32201   1341.667     19.986     20.147     9.1719     9.1703  35.969420  35.968537     9.1698     9.1682    33.5955    33.5961    25.9914    25.9922     4.8154     4.9936    146.672    152.099     1.5690     1.5336     0.0806     0.9897     3.2869     0.0781     0.1136 -124.50288   43.30052      70.89          8  0.000e+00
      32202   1341.708     19.992     20.154     9.1717     9.1704  35.969039  35.968855     9.1696     9.1682    33.5953    33.5964    25.9913    25.9924     4.8155     4.9936    146.673    152.099     1.5690     1.5336     0.0794     0.9591     3.2869     0.0781     0.1136 -124.50288   43.30052      70.89          8  0.000e+00
      32203   1341.750     20.039     20.201     9.1706     9.1708  35.968340  35.968601     9.1685     9.1686    33.5956    33.5957    25.9917    25.9918     4.8156     4.9936    146.678    152.099     1.5690     1.5336     0.0806     0.9897     3.2869     0.0781     0.1136 -124.50288   43.30052      70.89          8  0.000e+00
      32204   1341.792     19.992     20.154     9.1695     9.1712  35.967768  35.968600     9.1673     9.1690    33.5961    33.5953    25.9923    25.9914     4.8157     4.9935    146.680    152.097     1.5690     1.5336     0.0806     0.9897     3.2857     0.0781     0.1136 -124.50288   43.30052      70.89          8  0.000e+00
      32205   1341.833     19.986     20.147     9.1687     9.1711  35.967132  35.968473     9.1665     9.1690    33.5962    33.5953    25.9925    25.9914     4.8158     4.9936    146.683    152.097     1.5690     1.5336     0.0806     0.9897     3.2857     0.0781     0.1136 -124.50288   43.30052      70.89          8  0.000e+00
      32206   1341.875     20.039     20.201     9.1684     9.1698  35.967006  35.967140     9.1662     9.1676    33.5963    33.5951    25.9926    25.9915     4.8158     4.9937    146.684    152.103     1.5690     1.5336     0.0806     0.9897     3.2869     0.0781     0.1136 -124.50288   43.30052      70.89          8  0.000e+00
      32207   1341.917     20.039     20.201     9.1677     9.1675  35.966497  35.965933     9.1656     9.1654    33.5964    33.5960    25.9928    25.9925     4.8159     4.9940    146.687    152.111     1.5690     1.5336     0.0806     0.9897     3.2869     0.0781     0.1136 -124.50288   43.30052      70.82          8  0.000e+00
      32208   1341.958     20.039     20.201     9.1673     9.1657  35.966243  35.964218     9.1652     9.1636    33.5965    33.5959    25.9929    25.9928     4.8160     4.9942    146.688    152.117     1.5690     1.5336     0.0806     0.9897     3.2869     0.0781     0.1136 -124.50288   43.30052      70.77          8  0.000e+00
      32209   1342.000     20.039     20.201     9.1670     9.1638  35.965607  35.962821     9.1649     9.1616    33.5961    33.5963    25.9927    25.9934     4.8160     4.9944    146.689    152.124     1.5690     1.5336     0.0794     0.9591     3.2869     0.0781     0.1136 -124.50288   43.30052      70.77          8  0.000e+00
      32210   1342.042     20.092     20.254     9.1662     9.1628  35.964908  35.962059     9.1641     9.1606    33.5961    33.5964    25.9928    25.9936     4.8161     4.9946    146.693    152.129     1.5690     1.5336     0.0806     0.9897     3.2869     0.0781     0.1136 -124.50288   43.30052      70.79          8  0.000e+00
      32211   1342.083     20.039     20.201     9.1657     9.1615  35.964018  35.961551     9.1636     9.1593    33.5957    33.5971    25.9926    25.9944     4.8162     4.9947    146.694    152.132     1.5690     1.5336     0.0806     0.9897     3.2857     0.0781     0.1136 -124.50288   43.30052      70.77          8  0.000e+00
      32212   1342.125     20.092     20.254     9.1648     9.1612  35.963828  35.961297     9.1626     9.1590    33.5964    33.5972    25.9933    25.9945     4.8163     4.9948    146.698    152.134     1.5690     1.5336     0.0806     0.9897     3.2869     0.0781     0.1136 -124.50288   43.30052      70.77          8  0.000e+00
      32213   1342.167     20.039     20.201     9.1640     9.1613  35.963065  35.961424     9.1618     9.1591    33.5964    33.5972    25.9934    25.9944     4.8163     4.9947    146.699    152.132     1.5690     1.5336     0.0806     0.9897     3.2869     0.0781     0.1136 -124.50288   43.30052      70.77          8  0.000e+00
      32214   1342.208     20.092     20.254     9.1631     9.1613  35.962239  35.961107     9.1610     9.1591    33.5963    33.5968    25.9934    25.9942     4.8165     4.9948    146.703    152.134     1.5690     1.5336     0.0806     0.9897     3.2869     0.0781     0.1136 -124.50288   43.30052      70.77          8  0.000e+00
      32215   1342.250     20.085     20.247     9.1622     9.1585  35.961921  35.959265     9.1600     9.1564    33.5969    33.5975    25.9941    25.9952     4.8165     4.9951    146.706    152.143     1.5690     1.5336     0.0806     0.9897     3.2869     0.0781     0.1136 -124.50288   43.30052      70.77          8  0.000e+00
      32216   1342.292     20.092     20.254     9.1615     9.1547  35.960905  35.956979     9.1594     9.1526    33.5964    33.5987    25.9938    25.9967     4.8166     4.9955    146.709    152.156     1.5690     1.5336     0.0806     0.9897     3.2857     0.0781     0.1136 -124.50288   43.30052      70.77          8  0.000e+00
      32217   1342.333     20.085     20.247     9.1603     9.1523  35.959824  35.955455     9.1582     9.1502    33.5964    33.5994    25.9940    25.9976     4.8168     4.9957    146.713    152.163     1.5690     1.5336     0.0806     0.9897     3.2857     0.0781     0.1123 -124.50288   43.30052      70.77          8  0.000e+00
      32218   1342.375     20.092     20.254     9.1591     9.1508  35.959125  35.954947     9.1569     9.1486    33.5969    33.6003    25.9946    25.9986     4.8169     4.9959    146.716    152.168     1.5690     1.5336     0.0806     0.9897     3.2857     0.0781     0.1123 -124.50288   43.30052      70.77          8  0.000e+00
      32219   1342.417     20.085     20.247     9.1580     9.1502  35.958172  35.955074     9.1558     9.1481    33.5969    33.6010    25.9948    25.9992     4.8170     4.9960    146.720    152.169     1.5690     1.5336     0.0806     0.9897     3.2869     0.0781     0.1123 -124.50288   43.30052      70.74          8  0.000e+00
      32220   1342.458     20.138     20.301     9.1573     9.1501  35.957982  35.954947     9.1551     9.1480    33.5974    33.6009    25.9952    25.9992     4.8171     4.9960    146.723    152.171     1.5690     1.5336     0.0806     0.9897     3.2869     0.0781     0.1123 -124.50288   43.30052      70.74          8  0.000e+00
      32221   1342.500     20.138     20.301     9.1562     9.1500  35.957791  35.954884     9.1540     9.1479    33.5982    33.6010    25.9961    25.9992     4.8118     4.9960    146.560    152.171     1.5678     1.5336     0.0806     0.9897     3.2857     0.0781     0.1099 -124.50288   43.30052      70.74          8  0.000e+00
      32222   1342.542     20.039     20.201     9.1553     9.1501  35.957219  35.955074     9.1532     9.1480    33.5984    33.6011    25.9964    25.9993     4.8172     4.9959    146.726    152.169     1.5690     1.5336     0.0806     0.9897     3.2857     0.0781     0.1099 -124.50288   43.30052      70.74          8  0.000e+00
      32223   1342.583     20.191     20.354     9.1545     9.1499  35.956838  35.954948     9.1524     9.1477    33.5987    33.6011    25.9967    25.9994     4.8174     4.9961    146.732    152.173     1.5690     1.5336     0.0806     0.9897     3.2869     0.0781     0.1099 -124.50288   43.30052      70.74          8  0.000e+00
      32224   1342.625     20.085     20.247     9.1537     9.1497  35.956393  35.954884     9.1515     9.1475    33.5991    33.6013    25.9972    25.9996     4.8174     4.9901    146.732    151.991     1.5690     1.5324     0.0806     0.9897     3.2869     0.0781     0.1087 -124.50288   43.30052      70.74          8  0.000e+00
      32225   1342.667     20.138     20.301     9.1526     9.1494  35.956393  35.955074     9.1504     9.1472    33.6001    33.6018    25.9981    26.0000     4.8176     4.9961    146.736    152.173     1.5690     1.5336     0.0806     0.9897     3.2869     0.0781     0.1087 -124.50288   43.30052      70.74          8  0.000e+00
      32226   1342.708     20.138     20.301     9.1512     9.1500  35.955694  35.955138     9.1491     9.1478    33.6007    33.6013    25.9988    25.9995     4.8177     4.9960    146.740    152.171     1.5690     1.5336     0.0806     0.9897     3.2869     0.0781     0.1087 -124.50288   43.30052      70.74          8  0.000e+00
      32227   1342.750     20.138     20.301     9.1502     9.1505  35.955249  35.954947     9.1480     9.1484    33.6012    33.6005    25.9994    25.9988     4.8178     4.9960    146.743    152.170     1.5690     1.5336     0.0806     0.9897     3.2869     0.0781     0.1087 -124.50288   43.30052      70.74          8  0.000e+00
      32228   1342.792     20.138     20.301     9.1498     9.1505  35.954678  35.955074     9.1476     9.1483    33.6010    33.6008    25.9992    25.9990     4.8178     4.9960    146.744    152.170     1.5690     1.5336     0.0806     0.9897     3.2869     0.0781     0.1087 -124.50288   43.30052      70.74          8  0.000e+00
      32229   1342.833     20.138     20.301     9.1488     9.1512  35.954678  35.955392     9.1467     9.1490    33.6019    33.6004    26.0001    25.9986     4.8179     4.9959    146.747    152.168     1.5690     1.5336     0.0806     0.9897     3.2857     0.0781     0.1087 -124.50288   43.30052      70.74          8  0.000e+00
      32230   1342.875     20.138     20.301     9.1492     9.1520  35.954550  35.955963     9.1470     9.1498    33.6014    33.6003    25.9997    25.9984     4.8179     4.9958    146.746    152.165     1.5690     1.5336     0.0806     0.9897     3.2869     0.0781     0.1087 -124.50288   43.30052      70.74          8  0.000e+00
      32231   1342.917     20.191     20.354     9.1496     9.1525  35.954551  35.955836     9.1475     9.1503    33.6010    33.5996    25.9993    25.9978     4.8179     4.9958    146.746    152.165     1.5690     1.5336     0.0806     0.9897     3.2869     0.0781     0.1087 -124.50288   43.30052      70.72          8  0.000e+00
