West Coast/WCOA-7/CTD_Data/RB2102_CTD_116_01.ros
* Sea-Bird SBE 9 Data File:
* FileName = C:\Users\scs.user.rb\CTD\RB2102\Data\RB2102_CTD_116_01.hex
* Software Version Seasave V 7.26.7.107
* Temperature SN = 6202
* Conductivity SN = 4907
* Number of Bytes Per Scan = 41
* Number of Voltage Words = 4
* Number of Scans Averaged by the Deck Unit = 1
* NMEA Latitude = 34 24.69 N
* NMEA Longitude = 120 34.76 W
* NMEA UTC (Time) = Jul 18 2021  14:40:45
* NMEA baud rate = 4800
# nquan = 30
# nvalues = 833                                   
# units = specified
# name 0 = scan: Scan Count
# name 1 = timeS: Time, Elapsed [seconds]
# name 2 = depSM: Depth [salt water, m]
# name 3 = prDM: Pressure, Digiquartz [db]
# name 4 = t090C: Temperature [ITS-90, deg C]
# name 5 = t190C: Temperature, 2 [ITS-90, deg C]
# name 6 = c0mS/cm: Conductivity [mS/cm]
# name 7 = c1mS/cm: Conductivity, 2 [mS/cm]
# name 8 = potemp090C: Potential Temperature [ITS-90, deg C]
# name 9 = potemp190C: Potential Temperature, 2 [ITS-90, deg C]
# name 10 = sal00: Salinity, Practical [PSU]
# name 11 = sal11: Salinity, Practical, 2 [PSU]
# name 12 = sigma-é00: Density [sigma-theta, kg/m^3]
# name 13 = sigma-é11: Density, 2 [sigma-theta, kg/m^3]
# name 14 = sbeox0Mg/L: Oxygen, SBE 43 [mg/l]
# name 15 = sbeox1Mg/L: Oxygen, SBE 43, 2 [mg/l]
# name 16 = sbox0Mm/Kg: Oxygen, SBE 43 [umol/kg]
# name 17 = sbox1Mm/Kg: Oxygen, SBE 43, 2 [umol/kg]
# name 18 = sbeox0V: Oxygen raw, SBE 43 [V]
# name 19 = sbeox1V: Oxygen raw, SBE 43, 2 [V]
# name 20 = v4: Voltage 4
# name 21 = flECO-AFL: Fluorescence, WET Labs ECO-AFL/FL [mg/m^3]
# name 22 = v3: Voltage 3
# name 23 = v6: Voltage 6
# name 24 = v7: Voltage 7
# name 25 = longitude: Longitude [deg]
# name 26 = latitude: Latitude [deg]
# name 27 = altM: Altimeter [m]
# name 28 = nbf: Bottles Fired
# name 29 = flag:  0.000e+00
# interval = seconds: 0.0416667
# start_time = Jul 18 2021 14:40:45 [NMEA time, header]
# bad_flag = -9.990e-29
*END*
[from data line 242]
      36152   1506.292    123.907    124.839     9.9516     9.9625  37.010336  37.018053     9.9374     9.9483    33.8859    33.8836    26.0926    26.0889     3.9259     3.7340    119.567    113.722     1.3748     1.2796     0.0415     0.0129     3.1966     0.0000     0.0000 -120.57916   34.41168      99.58          5  0.000e+00
      36153   1506.333    124.006    124.940     9.9524     9.9638  37.010722  37.018053     9.9382     9.9496    33.8855    33.8823    26.0921    26.0877     3.9259     3.7339    119.567    113.721     1.3748     1.2796     0.0415     0.0129     3.1966     0.0000     0.0000 -120.57916   34.41168      99.58          5  0.000e+00
      36154   1506.375    123.933    124.866     9.9538     9.9646  37.010978  37.018503     9.9396     9.9504    33.8845    33.8820    26.0911    26.0873     3.9258     3.7338    119.563    113.718     1.3748     1.2796     0.0415     0.0129     3.1978     0.0000     0.0000 -120.57916   34.41168      99.61          5  0.000e+00
      40064   1669.292     99.390    100.132    10.4486    10.4518  37.352167  37.357563    10.4369    10.4400    33.7797    33.7822    25.9244    25.9258     4.3781     4.1744    133.361    127.157     1.4908     1.3834     0.0440     0.0739     3.1941     0.0000     0.0000 -120.57912   34.41172      99.54          6  0.000e+00
      40065   1669.333     99.443    100.185    10.4519    10.4525  37.352554  37.358595    10.4402    10.4408    33.7770    33.7824    25.9217    25.9259     4.3779     4.1744    133.355    127.155     1.4908     1.3834     0.0440     0.0739     3.1954     0.0000     0.0000 -120.57912   34.41172      99.54          6  0.000e+00
      40066   1669.375     99.290    100.032    10.4540    10.4534  37.352812  37.358723    10.4423    10.4417    33.7753    33.7818    25.9200    25.9252     4.3777     4.1742    133.347    127.150     1.4908     1.3834     0.0440     0.0739     3.1954     0.0000     0.0000 -120.57912   34.41172      99.54          6  0.000e+00
      40067   1669.417     99.396    100.139    10.4518    10.4534  37.351651  37.358401    10.4400    10.4417    33.7762    33.7815    25.9211    25.9249     4.3779     4.1743    133.355    127.152     1.4908     1.3834     0.0440     0.0739     3.1954     0.0000     0.0000 -120.57912   34.41172      99.54          6  0.000e+00
      40068   1669.458     99.343    100.085    10.4463    10.4541  37.349458  37.359304    10.4346    10.4424    33.7791    33.7817    25.9243    25.9251     4.3783     4.1742    133.368    127.149     1.4908     1.3834     0.0440     0.0739     3.1954     0.0000     0.0000 -120.57912   34.41172      99.54          6  0.000e+00
      40069   1669.500     99.390    100.132    10.4408    10.4559  37.347588  37.360335    10.4291    10.4442    33.7823    33.7811    25.9278    25.9242     4.3788     4.1741    133.382    127.145     1.4908     1.3834     0.0440     0.0739     3.1954     0.0000     0.0000 -120.57912   34.41172      99.54          6  0.000e+00
      40070   1669.542     99.443    100.185    10.4372    10.4587  37.346556  37.361560    10.4255    10.4470    33.7845    33.7797    25.9301    25.9227     4.3791     4.1681    133.391    126.963     1.4908     1.3822     0.0440     0.0739     3.1954     0.0000     0.0000 -120.57912   34.41172      99.54          6  0.000e+00
      40071   1669.583     99.436    100.179    10.4364    10.4607  37.346749  37.362398    10.4247    10.4490    33.7855    33.7787    25.9311    25.9216     4.3792     4.1679    133.393    126.957     1.4908     1.3822     0.0440     0.0739     3.1954     0.0000     0.0000 -120.57912   34.41172      99.51          6  0.000e+00
      40072   1669.625     99.396    100.139    10.4382    10.4612  37.348362  37.361818    10.4265    10.4495    33.7854    33.7777    25.9307    25.9207     4.3843     4.1736    133.549    127.133     1.4921     1.3834     0.0440     0.0739     3.1941     0.0000     0.0000 -120.57912   34.41172      99.54          6  0.000e+00
      40073   1669.667     99.390    100.132    10.4402    10.4610  37.349652  37.361366    10.4285    10.4493    33.7849    33.7774    25.9299    25.9205     4.3841     4.1737    133.543    127.133     1.4921     1.3834     0.0440     0.0739     3.1941     0.0000     0.0000 -120.57912   34.41172      99.54          6  0.000e+00
      40074   1669.708     99.443    100.185    10.4403    10.4617  37.350362  37.361753    10.4286    10.4500    33.7855    33.7771    25.9304    25.9201     4.3841     4.1736    133.543    127.133     1.4921     1.3834     0.0440     0.0739     3.1954     0.0000     0.0000 -120.57912   34.41172      99.54          6  0.000e+00
      40075   1669.750     99.443    100.185    10.4402    10.4618  37.351007  37.361560    10.4285    10.4501    33.7863    33.7768    25.9310    25.9199     4.3841     4.1736    133.543    127.132     1.4921     1.3834     0.0440     0.0739     3.1941     0.0000     0.0000 -120.57912   34.41172      99.54          6  0.000e+00
      40076   1669.792     99.436    100.179    10.4413    10.4617  37.351201  37.361044    10.4296    10.4500    33.7854    33.7764    25.9302    25.9196     4.3840     4.1736    133.540    127.133     1.4921     1.3834     0.0440     0.0739     3.1954     0.0000     0.0000 -120.57912   34.41172      99.54          6  0.000e+00
      40077   1669.833     99.443    100.185    10.4428    10.4615  37.351459  37.360657    10.4311    10.4498    33.7843    33.7762    25.9290    25.9194     4.3839     4.1737    133.537    127.134     1.4921     1.3834     0.0440     0.0739     3.1954     0.0000     0.0000 -120.57912   34.41172      99.54          6  0.000e+00
      40078   1669.875     99.436    100.179    10.4439    10.4606  37.351523  37.359819    10.4322    10.4488    33.7833    33.7762    25.9281    25.9196     4.3838     4.1738    133.534    127.137     1.4921     1.3834     0.0440     0.0739     3.1954     0.0000     0.0000 -120.57912   34.41172      99.54          6  0.000e+00
      40079   1669.917     99.443    100.185    10.4436    10.4589  37.351007  37.359819    10.4319    10.4472    33.7831    33.7778    25.9279    25.9211     4.3839     4.1739    133.536    127.140     1.4921     1.3834     0.0440     0.0739     3.1954     0.0000     0.0000 -120.57912   34.41172      99.54          6  0.000e+00
      40080   1669.958     99.436    100.179    10.4427    10.4576  37.350878  37.359690    10.4310    10.4458    33.7838    33.7789    25.9286    25.9222     4.3839     4.1740    133.538    127.143     1.4921     1.3834     0.0440     0.0739     3.1954     0.0000     0.0000 -120.57912   34.41172      99.51          6  0.000e+00
      40081   1670.000     99.496    100.239    10.4420    10.4567  37.350878  37.359368    10.4303    10.4450    33.7844    33.7793    25.9292    25.9227     4.3840     4.1741    133.540    127.146     1.4921     1.3834     0.0440     0.0739     3.1941     0.0000     0.0000 -120.57912   34.41172      99.54          6  0.000e+00
      40082   1670.042     99.436    100.179    10.4422    10.4556  37.350620  37.359755    10.4305    10.4439    33.7840    33.7808    25.9288    25.9241     4.3893     4.1741    133.701    127.147     1.4933     1.3834     0.0440     0.0739     3.1954     0.0000     0.0000 -120.57912   34.41172      99.54          6  0.000e+00
      40083   1670.083     99.443    100.185    10.4432    10.4541  37.350749  37.359691    10.4315    10.4424    33.7832    33.7821    25.9281    25.9253     4.3839     4.1742    133.537    127.151     1.4921     1.3834     0.0440     0.0739     3.1954     0.0000     0.0000 -120.57912   34.41172      99.54          6  0.000e+00
      40084   1670.125     99.496    100.239    10.4441    10.4539  37.350878  37.359627    10.4323    10.4422    33.7825    33.7822    25.9274    25.9254     4.3892     4.1743    133.698    127.152     1.4933     1.3834     0.0440     0.0739     3.1954     0.0000     0.0000 -120.57912   34.41172      99.51          6  0.000e+00
      40085   1670.167     99.436    100.179    10.4448    10.4539  37.350878  37.359368    10.4331    10.4422    33.7818    33.7819    25.9267    25.9252     4.3838     4.1743    133.533    127.151     1.4921     1.3834     0.0440     0.0739     3.1954     0.0000     0.0000 -120.57912   34.41172      99.54          6  0.000e+00
      40086   1670.208     99.443    100.185    10.4464    10.4542  37.350619  37.359304    10.4346    10.4425    33.7801    33.7816    25.9251    25.9249     4.3890     4.1742    133.692    127.151     1.4933     1.3834     0.0440     0.0739     3.1954     0.0000     0.0000 -120.57912   34.41172      99.54          6  0.000e+00
      40087   1670.250     99.536    100.279    10.4456    10.4547  37.350362  37.359304    10.4339    10.4429    33.7805    33.7811    25.9256    25.9245     4.3838     4.1743    133.534    127.151     1.4921     1.3834     0.0440     0.0739     3.1941     0.0000     0.0000 -120.57912   34.41172      99.51          6  0.000e+00
      40088   1670.292     99.396    100.139    10.4453    10.4549  37.350168  37.358917    10.4336    10.4432    33.7807    33.7806    25.9257    25.9240     4.3891     4.1742    133.694    127.149     1.4933     1.3834     0.0440     0.0739     3.1954     0.0000     0.0000 -120.57912   34.41172      99.51          6  0.000e+00
      40089   1670.333     99.536    100.279    10.4454    10.4551  37.350684  37.358917    10.4336    10.4433    33.7811    33.7804    25.9261    25.9238     4.3891     4.1742    133.696    127.151     1.4933     1.3834     0.0440     0.0739     3.1954     0.0000     0.0000 -120.57912   34.41172      99.54          6  0.000e+00
      40090   1670.375     99.443    100.185    10.4458    10.4551  37.350426  37.358465    10.4341    10.4434    33.7804    33.7800    25.9255    25.9235     4.3891     4.1742    133.694    127.150     1.4933     1.3834     0.0440     0.0739     3.1954     0.0000     0.0000 -120.57912   34.41172      99.54          6  0.000e+00
      40091   1670.417     99.436    100.179    10.4460    10.4548  37.350168  37.358337    10.4343    10.4430    33.7800    33.7801    25.9251    25.9237     4.3890     4.1742    133.694    127.150     1.4933     1.3834     0.0440     0.0739     3.1954     0.0000     0.0000 -120.57912   34.41172      99.51          6  0.000e+00
      40092   1670.458     99.496    100.239    10.4461    10.4536  37.350942  37.358530    10.4344    10.4419    33.7807    33.7814    25.9256    25.9249     4.3890     4.1743    133.694    127.154     1.4933     1.3834     0.0501     0.2265     3.1954     0.0000     0.0000 -120.57912   34.41172      99.54          6  0.000e+00
      40093   1670.500     99.496    100.239    10.4462    10.4529  37.350491  37.358659    10.4345    10.4412    33.7802    33.7821    25.9252    25.9256     4.3891     4.1744    133.694    127.155     1.4933     1.3834     0.0562     0.3792     3.1954     0.0000     0.0000 -120.57912   34.41172      99.51          6  0.000e+00
      40094   1670.542     99.436    100.179    10.4463    10.4526  37.350942  37.359369    10.4346    10.4409    33.7806    33.7832    25.9255    25.9264     4.3890     4.1744    133.692    127.154     1.4933     1.3834     0.0586     0.4402     3.1941     0.0000     0.0000 -120.57912   34.41172      99.54          6  0.000e+00
      40095   1670.583     99.496    100.239    10.4462    10.4528  37.351200  37.359111    10.4345    10.4410    33.7809    33.7827    25.9257    25.9260     4.3890     4.1744    133.693    127.155     1.4933     1.3834     0.0586     0.4402     3.1954     0.0000     0.0000 -120.57912   34.41172      99.51          6  0.000e+00
      40096   1670.625     99.489    100.232    10.4451    10.4529  37.351007  37.359433    10.4334    10.4412    33.7816    33.7829    25.9265    25.9262     4.3838     4.1744    133.533    127.154     1.4921     1.3834     0.0586     0.4402     3.1941     0.0000     0.0000 -120.57912   34.41172      99.54          6  0.000e+00
      40097   1670.667     99.496    100.239    10.4449    10.4536  37.351136  37.359111    10.4331    10.4419    33.7820    33.7820    25.9269    25.9253     4.3891     4.1743    133.696    127.153     1.4933     1.3834     0.0586     0.4402     3.1954     0.0000     0.0000 -120.57912   34.41172      99.54          6  0.000e+00
      40098   1670.708     99.436    100.179    10.4448    10.4539  37.351200  37.359175    10.4331    10.4422    33.7822    33.7817    25.9270    25.9251     4.3891     4.1743    133.695    127.151     1.4933     1.3834     0.0586     0.4402     3.1941     0.0000     0.0000 -120.57912   34.41172      99.54          6  0.000e+00
      40099   1670.750     99.496    100.239    10.4457    10.4548  37.351007  37.358788    10.4340    10.4430    33.7811    33.7806    25.9260    25.9240     4.3891     4.1742    133.694    127.151     1.4933     1.3834     0.0586     0.4402     3.1941     0.0000     0.0000 -120.57912   34.41172      99.54          6  0.000e+00
      40100   1670.792     99.436    100.179    10.4460    10.4560  37.351329  37.358788    10.4342    10.4443    33.7812    33.7794    25.9261    25.9229     4.3890     4.1741    133.693    127.147     1.4933     1.3834     0.0586     0.4402     3.1966     0.0000     0.0000 -120.57912   34.41172      99.54          6  0.000e+00
      40101   1670.833     99.496    100.239    10.4465    10.4576  37.351974  37.358207    10.4348    10.4458    33.7814    33.7774    25.9261    25.9210     4.3890     4.1741    133.692    127.145     1.4933     1.3834     0.0586     0.4402     3.1941     0.0000     0.0000 -120.57912   34.41172      99.54          6  0.000e+00
      40102   1670.875     99.443    100.185    10.4475    10.4582  37.351974  37.358207    10.4357    10.4465    33.7805    33.7768    25.9252    25.9205     4.3889     4.1740    133.689    127.143     1.4933     1.3834     0.0586     0.4402     3.1954     0.0000     0.0000 -120.57912   34.41172      99.54          6  0.000e+00
      40103   1670.917     99.489    100.232    10.4480    10.4582  37.351845  37.357756    10.4363    10.4465    33.7798    33.7763    25.9246    25.9201     4.3889     4.1682    133.689    126.968     1.4933     1.3822     0.0586     0.4402     3.1954     0.0000     0.0000 -120.57912   34.41172      99.51          6  0.000e+00
      40104   1670.958     99.443    100.185    10.4481    10.4572  37.351845  37.357627    10.4364    10.4455    33.7798    33.7771    25.9246    25.9209     4.3888     4.1741    133.688    127.146     1.4933     1.3834     0.0574     0.4097     3.1954     0.0000     0.0000 -120.57912   34.41172      99.54          6  0.000e+00
      40105   1671.000     99.436    100.179    10.4486    10.4557  37.351393  37.357627    10.4369    10.4440    33.7788    33.7785    25.9237    25.9223     4.3888     4.1742    133.687    127.149     1.4933     1.3834     0.0586     0.4402     3.1941     0.0000     0.0000 -120.57912   34.41172      99.54          6  0.000e+00
      40106   1671.042     99.496    100.239    10.4491    10.4548  37.351458  37.357885    10.4374    10.4430    33.7784    33.7797    25.9233    25.9233     4.3888     4.1743    133.687    127.152     1.4933     1.3834     0.0586     0.4402     3.1941     0.0000     0.0000 -120.57912   34.41172      99.54          6  0.000e+00
      40107   1671.083     99.436    100.179    10.4481    10.4544  37.351522  37.357434    10.4364    10.4427    33.7794    33.7795    25.9243    25.9233     4.3942     4.1743    133.850    127.152     1.4945     1.3834     0.0586     0.4402     3.1954     0.0000     0.0000 -120.57912   34.41172      99.54          6  0.000e+00
      40108   1671.125     99.443    100.185    10.4470    10.4549  37.351845  37.357498    10.4352    10.4432    33.7808    33.7791    25.9256    25.9229     4.3889     4.1742    133.690    127.151     1.4933     1.3834     0.0586     0.4402     3.1954     0.0000     0.0000 -120.57912   34.41172      99.51          6  0.000e+00
