West Coast/WCOA-7/CTD_Data/RB2102_CTD_102_01.ros
* Sea-Bird SBE 9 Data File:
* FileName = C:\Users\scs.user.rb\CTD\RB2102\Data\RB2102_CTD_102_01.hex
* Software Version Seasave V 7.26.7.107
* Temperature SN = 6202
* Conductivity SN = 4907
* Number of Bytes Per Scan = 41
* Number of Voltage Words = 4
* Number of Scans Averaged by the Deck Unit = 1
* NMEA Latitude = 36 46.98 N
* NMEA Longitude = 121 52.27 W
* NMEA UTC (Time) = Jul 15 2021  02:13:12
* NMEA baud rate = 4800
# nquan = 30
# nvalues = 1164                                  
# units = specified
# name 0 = scan: Scan Count
# name 1 = timeS: Time, Elapsed [seconds]
# name 2 = depSM: Depth [salt water, m]
# name 3 = prDM: Pressure, Digiquartz [db]
# name 4 = t090C: Temperature [ITS-90, deg C]
# name 5 = t190C: Temperature, 2 [ITS-90, deg C]
# name 6 = c0mS/cm: Conductivity [mS/cm]
# name 7 = c1mS/cm: Conductivity, 2 [mS/cm]
# name 8 = potemp090C: Potential Temperature [ITS-90, deg C]
# name 9 = potemp190C: Potential Temperature, 2 [ITS-90, deg C]
# name 10 = sal00: Salinity, Practical [PSU]
# name 11 = sal11: Salinity, Practical, 2 [PSU]
# name 12 = sigma-é00: Density [sigma-theta, kg/m^3]
# name 13 = sigma-é11: Density, 2 [sigma-theta, kg/m^3]
# name 14 = sbeox0Mg/L: Oxygen, SBE 43 [mg/l]
# name 15 = sbeox1Mg/L: Oxygen, SBE 43, 2 [mg/l]
# name 16 = sbox0Mm/Kg: Oxygen, SBE 43 [umol/kg]
# name 17 = sbox1Mm/Kg: Oxygen, SBE 43, 2 [umol/kg]
# name 18 = sbeox0V: Oxygen raw, SBE 43 [V]
# name 19 = sbeox1V: Oxygen raw, SBE 43, 2 [V]
# name 20 = v4: Voltage 4
# name 21 = flECO-AFL: Fluorescence, WET Labs ECO-AFL/FL [mg/m^3]
# name 22 = v3: Voltage 3
# name 23 = v6: Voltage 6
# name 24 = v7: Voltage 7
# name 25 = longitude: Longitude [deg]
# name 26 = latitude: Latitude [deg]
# name 27 = altM: Altimeter [m]
# name 28 = nbf: Bottles Fired
# name 29 = flag:  0.000e+00
# interval = seconds: 0.0416667
# start_time = Jul 15 2021 02:13:12 [NMEA time, header]
# bad_flag = -9.990e-29
*END*
[from data line 242]
      24874   1036.375    100.048    100.816    10.0573    10.0553  37.152481  37.152462    10.0457    10.0438    33.9424    33.9442    26.1184    26.1201     3.6080     3.7305    109.881    113.612     1.3077     1.2833     0.0440     0.0739     3.2698     0.0904     0.0000 -121.87118   36.78282      45.42          5  0.000e+00
      24875   1036.417    100.154    100.923    10.0571    10.0550  37.152804  37.151883    10.0456    10.0434    33.9428    33.9439    26.1187    26.1199     3.6080     3.7247    109.882    113.437     1.3077     1.2821     0.0440     0.0739     3.2711     0.0891     0.0000 -121.87118   36.78282      45.42          5  0.000e+00
      24876   1036.458    100.101    100.870    10.0573    10.0548  37.152932  37.151433    10.0457    10.0432    33.9428    33.9436    26.1187    26.1197     3.6080     3.7306    109.881    113.615     1.3077     1.2833     0.0440     0.0739     3.2711     0.0891     0.0000 -121.87118   36.78282      45.42          5  0.000e+00
      24893   1037.167    100.154    100.923    10.0581    10.0543  37.153061  37.151175    10.0465    10.0427    33.9421    33.9438    26.1180    26.1200     3.5972     3.7306    109.553    113.617     1.3053     1.2833     0.0427     0.0434     3.2698     0.0891     0.0000 -121.87118   36.78282      45.40          6  0.000e+00
      24894   1037.208    100.201    100.970    10.0576    10.0543  37.152417  37.151304    10.0460    10.0427    33.9419    33.9439    26.1180    26.1201     3.6027     3.7307    109.719    113.617     1.3065     1.2833     0.0427     0.0434     3.2698     0.0879     0.0000 -121.87118   36.78282      45.42          6  0.000e+00
      24895   1037.250    100.201    100.970    10.0564    10.0545  37.152289  37.151369    10.0449    10.0429    33.9429    33.9438    26.1189    26.1200     3.6027     3.7307    109.721    113.617     1.3065     1.2833     0.0440     0.0739     3.2698     0.0891     0.0000 -121.87118   36.78282      45.42          6  0.000e+00
      24896   1037.292    100.294    101.064    10.0553    10.0539  37.152032  37.151176    10.0437    10.0424    33.9436    33.9441    26.1197    26.1202     3.6028     3.7307    109.725    113.619     1.3065     1.2833     0.0440     0.0739     3.2698     0.0891     0.0000 -121.87118   36.78282      45.42          6  0.000e+00
      24897   1037.333    100.154    100.923    10.0545    10.0538  37.151709  37.150532    10.0429    10.0423    33.9442    33.9436    26.1202    26.1199     3.6028     3.7307    109.724    113.618     1.3065     1.2833     0.0427     0.0434     3.2723     0.0879     0.0000 -121.87118   36.78282      45.42          6  0.000e+00
      24898   1037.375    100.201    100.970    10.0542    10.0533  37.151388  37.150661    10.0426    10.0418    33.9441    33.9442    26.1202    26.1204     3.6029     3.7307    109.726    113.620     1.3065     1.2833     0.0440     0.0739     3.2698     0.0879     0.0000 -121.87118   36.78282      45.40          6  0.000e+00
      24899   1037.417    100.254    101.024    10.0538    10.0535  37.150551  37.150726    10.0423    10.0419    33.9435    33.9440    26.1198    26.1203     3.6029     3.7308    109.728    113.620     1.3065     1.2833     0.0440     0.0739     3.2698     0.0879     0.0000 -121.87118   36.78282      45.40          6  0.000e+00
      24900   1037.458    100.247    101.017    10.0537    10.0531  37.150487  37.150919    10.0421    10.0416    33.9436    33.9446    26.1200    26.1208     3.6030     3.7308    109.728    113.620     1.3065     1.2833     0.0427     0.0434     3.2711     0.0891     0.0000 -121.87118   36.78282      45.40          6  0.000e+00
      24901   1037.500    100.201    100.970    10.0536    10.0536  37.150615  37.150854    10.0420    10.0421    33.9439    33.9441    26.1202    26.1203     3.6029     3.7307    109.727    113.619     1.3065     1.2833     0.0427     0.0434     3.2711     0.0879     0.0000 -121.87118   36.78282      45.40          6  0.000e+00
      24902   1037.542    100.247    101.017    10.0538    10.0535  37.150422  37.150468    10.0423    10.0419    33.9434    33.9438    26.1197    26.1201     3.6029     3.7308    109.728    113.620     1.3065     1.2833     0.0427     0.0434     3.2698     0.0879     0.0000 -121.87118   36.78282      45.40          6  0.000e+00
      24903   1037.583    100.201    100.970    10.0538    10.0536  37.150551  37.150661    10.0423    10.0421    33.9436    33.9439    26.1199    26.1201     3.6029     3.7307    109.727    113.619     1.3065     1.2833     0.0440     0.0739     3.2698     0.0879     0.0000 -121.87118   36.78282      45.37          6  0.000e+00
      24904   1037.625    100.247    101.017    10.0537    10.0535  37.150358  37.150468    10.0421    10.0419    33.9435    33.9438    26.1198    26.1201     3.6030     3.7308    109.728    113.620     1.3065     1.2833     0.0427     0.0434     3.2698     0.0879     0.0000 -121.87118   36.78282      45.37          6  0.000e+00
      24905   1037.667    100.254    101.024    10.0538    10.0535  37.150036  37.150404    10.0423    10.0419    33.9430    33.9437    26.1194    26.1200     3.6030     3.7308    109.728    113.620     1.3065     1.2833     0.0427     0.0434     3.2711     0.0879     0.0000 -121.87118   36.78282      45.37          6  0.000e+00
      24906   1037.708    100.201    100.970    10.0537    10.0535  37.149456  37.150918    10.0421    10.0419    33.9426    33.9443    26.1191    26.1205     3.6030     3.7307    109.728    113.619     1.3065     1.2833     0.0427     0.0434     3.2711     0.0879     0.0000 -121.87118   36.78282      45.37          6  0.000e+00
      24907   1037.750    100.254    101.024    10.0535    10.0535  37.149521  37.150533    10.0420    10.0419    33.9428    33.9439    26.1193    26.1202     3.6030     3.7308    109.729    113.620     1.3065     1.2833     0.0427     0.0434     3.2711     0.0879     0.0000 -121.87118   36.78282      45.37          6  0.000e+00
      24908   1037.792    100.247    101.017    10.0535    10.0535  37.149650  37.150404    10.0420    10.0419    33.9429    33.9437    26.1194    26.1201     3.6030     3.7308    109.729    113.620     1.3065     1.2833     0.0427     0.0434     3.2711     0.0879     0.0000 -121.87118   36.78282      45.37          6  0.000e+00
      24909   1037.833    100.201    100.970    10.0537    10.0535  37.149907  37.150597    10.0421    10.0419    33.9431    33.9439    26.1195    26.1202     3.6030     3.7307    109.728    113.619     1.3065     1.2833     0.0427     0.0434     3.2711     0.0879     0.0000 -121.87118   36.78282      45.37          6  0.000e+00
      24910   1037.875    100.300    101.070    10.0537    10.0533  37.149972  37.150726    10.0421    10.0417    33.9431    33.9442    26.1195    26.1205     3.6030     3.7308    109.729    113.621     1.3065     1.2833     0.0427     0.0434     3.2698     0.0879     0.0000 -121.87118   36.78282      45.35          6  0.000e+00
      24911   1037.917    100.201    100.970    10.0535    10.0535  37.149971  37.150725    10.0420    10.0419    33.9433    33.9441    26.1197    26.1203     3.6030     3.7307    109.728    113.619     1.3065     1.2833     0.0440     0.0739     3.2698     0.0879     0.0000 -121.87118   36.78282      45.35          6  0.000e+00
      24912   1037.958    100.254    101.024    10.0538    10.0533  37.149971  37.150726    10.0423    10.0417    33.9429    33.9442    26.1194    26.1205     3.6030     3.7308    109.728    113.620     1.3065     1.2833     0.0427     0.0434     3.2711     0.0879     0.0000 -121.87118   36.78282      45.37          6  0.000e+00
      24913   1038.000    100.247    101.017    10.0540    10.0535  37.149714  37.150468    10.0424    10.0419    33.9425    33.9438    26.1190    26.1201     3.6030     3.7308    109.728    113.620     1.3065     1.2833     0.0427     0.0434     3.2698     0.0879     0.0000 -121.87118   36.78282      45.35          6  0.000e+00
      24914   1038.042    100.201    100.970    10.0538    10.0535  37.149907  37.150918    10.0422    10.0419    33.9430    33.9443    26.1194    26.1205     3.6029     3.7307    109.728    113.619     1.3065     1.2833     0.0427     0.0434     3.2711     0.0879     0.0000 -121.87118   36.78282      45.37          6  0.000e+00
      24915   1038.083    100.247    101.017    10.0538    10.0536  37.149714  37.150790    10.0423    10.0421    33.9427    33.9440    26.1192    26.1202     3.6030     3.7307    109.728    113.620     1.3065     1.2833     0.0427     0.0434     3.2711     0.0879     0.0000 -121.87118   36.78282      45.42          6  0.000e+00
      24916   1038.125    100.201    100.970    10.0537    10.0538  37.149649  37.150983    10.0421    10.0423    33.9428    33.9440    26.1193    26.1202     3.6030     3.7307    109.728    113.618     1.3065     1.2833     0.0427     0.0434     3.2711     0.0867     0.0000 -121.87118   36.78282      45.47          6  0.000e+00
      24917   1038.167    100.247    101.017    10.0537    10.0538  37.149392  37.151047    10.0421    10.0423    33.9425    33.9441    26.1191    26.1203     3.6084     3.7307    109.892    113.619     1.3077     1.2833     0.0440     0.0739     3.2698     0.0867     0.0000 -121.87118   36.78282      45.47          6  0.000e+00
      24918   1038.208    100.254    101.024    10.0537    10.0538  37.150036  37.151240    10.0421    10.0423    33.9432    33.9443    26.1196    26.1204     3.6030     3.7307    109.728    113.619     1.3065     1.2833     0.0440     0.0739     3.2698     0.0879     0.0000 -121.87118   36.78282      45.47          6  0.000e+00
      24919   1038.250    100.201    100.970    10.0538    10.0536  37.149778  37.150597    10.0423    10.0421    33.9428    33.9438    26.1192    26.1201     3.6029     3.7307    109.728    113.619     1.3065     1.2833     0.0440     0.0739     3.2711     0.0879     0.0000 -121.87118   36.78282      45.47          6  0.000e+00
      24920   1038.292    100.254    101.024    10.0537    10.0539  37.149907  37.150597    10.0421    10.0424    33.9430    33.9435    26.1195    26.1198     3.6030     3.7307    109.729    113.619     1.3065     1.2833     0.0427     0.0434     3.2698     0.0891     0.0000 -121.87118   36.78282      45.47          6  0.000e+00
      24921   1038.333    100.201    100.970    10.0537    10.0539  37.150422  37.151240    10.0421    10.0424    33.9436    33.9442    26.1199    26.1203     3.6029     3.7307    109.727    113.618     1.3065     1.2833     0.0427     0.0434     3.2698     0.0904     0.0000 -121.87118   36.78282      45.35          6  0.000e+00
      24922   1038.375    100.254    101.024    10.0538    10.0538  37.150358  37.151112    10.0423    10.0423    33.9433    33.9441    26.1197    26.1203     3.6030     3.7307    109.728    113.619     1.3065     1.2833     0.0427     0.0434     3.2698     0.0904     0.0000 -121.87118   36.78282      45.27          6  0.000e+00
      24923   1038.417    100.201    100.970    10.0540    10.0539  37.151066  37.150790    10.0424    10.0424    33.9439    33.9437    26.1201    26.1200     3.6029     3.7307    109.726    113.618     1.3065     1.2833     0.0440     0.0739     3.2711     0.0891     0.0000 -121.87118   36.78282      45.27          6  0.000e+00
      24924   1038.458    100.201    100.970    10.0543    10.0538  37.151323  37.150725    10.0428    10.0423    33.9439    33.9438    26.1200    26.1200     3.6029     3.7307    109.725    113.619     1.3065     1.2833     0.0427     0.0434     3.2711     0.0891     0.0000 -121.87118   36.78282      45.27          6  0.000e+00
      24925   1038.500    100.201    100.970    10.0545    10.0538  37.151516  37.150983    10.0429    10.0423    33.9439    33.9440    26.1200    26.1202     3.6082     3.7307    109.888    113.618     1.3077     1.2833     0.0427     0.0434     3.2698     0.0891     0.0000 -121.87118   36.78282      45.27          6  0.000e+00
      24926   1038.542    100.248    101.017    10.0547    10.0536  37.151130  37.150854    10.0431    10.0421    33.9433    33.9441    26.1196    26.1203     3.6029     3.7307    109.726    113.620     1.3065     1.2833     0.0427     0.0434     3.2711     0.0891     0.0000 -121.87118   36.78282      45.27          6  0.000e+00
      24927   1038.583    100.155    100.924    10.0551    10.0538  37.151452  37.150468    10.0435    10.0423    33.9433    33.9435    26.1195    26.1198     3.6028     3.7307    109.723    113.618     1.3065     1.2833     0.0440     0.0739     3.2698     0.0891     0.0000 -121.87118   36.78282      45.23          6  0.000e+00
      24928   1038.625    100.248    101.017    10.0553    10.0538  37.151388  37.150597    10.0438    10.0423    33.9430    33.9436    26.1192    26.1199     3.6028     3.7307    109.724    113.619     1.3065     1.2833     0.0440     0.0739     3.2698     0.0891     0.0000 -121.87118   36.78282      45.20          6  0.000e+00
      24929   1038.667    100.201    100.970    10.0556    10.0539  37.151323  37.150725    10.0441    10.0424    33.9427    33.9436    26.1189    26.1199     3.6082     3.7249    109.887    113.440     1.3077     1.2821     0.0440     0.0739     3.2711     0.0879     0.0000 -121.87118   36.78282      45.18          6  0.000e+00
      24930   1038.708    100.148    100.917    10.0561    10.0536  37.151516  37.150983    10.0446    10.0421    33.9424    33.9442    26.1186    26.1204     3.6027     3.7248    109.721    113.440     1.3065     1.2821     0.0427     0.0434     3.2698     0.0879     0.0000 -121.87118   36.78282      45.20          6  0.000e+00
      24931   1038.750    100.201    100.970    10.0561    10.0538  37.151645  37.150532    10.0446    10.0423    33.9425    33.9436    26.1187    26.1199     3.6028     3.7307    109.722    113.619     1.3065     1.2833     0.0440     0.0739     3.2698     0.0879     0.0000 -121.87118   36.78282      45.20          6  0.000e+00
      24932   1038.792    100.201    100.970    10.0561    10.0536  37.151130  37.150918    10.0446    10.0421    33.9420    33.9441    26.1183    26.1203     3.6028     3.7249    109.722    113.441     1.3065     1.2821     0.0427     0.0434     3.2698     0.0891     0.0000 -121.87118   36.78282      45.20          6  0.000e+00
      24933   1038.833    100.155    100.924    10.0559    10.0538  37.151194  37.151047    10.0444    10.0423    33.9423    33.9441    26.1185    26.1203     3.6028     3.7248    109.722    113.440     1.3065     1.2821     0.0427     0.0434     3.2698     0.0891     0.0000 -121.87118   36.78282      45.27          6  0.000e+00
      24934   1038.875    100.201    100.970    10.0559    10.0539  37.151516  37.151047    10.0444    10.0424    33.9426    33.9440    26.1187    26.1202     3.6028     3.7248    109.722    113.440     1.3065     1.2821     0.0427     0.0434     3.2711     0.0879     0.0000 -121.87118   36.78282      45.35          6  0.000e+00
      24935   1038.917    100.155    100.924    10.0563    10.0538  37.151387  37.151047    10.0448    10.0423    33.9421    33.9441    26.1183    26.1203     3.6027     3.7307    109.721    113.618     1.3065     1.2833     0.0427     0.0434     3.2698     0.0879     0.0000 -121.87118   36.78282      45.35          6  0.000e+00
      24936   1038.958    100.148    100.917    10.0563    10.0541  37.151774  37.151240    10.0448    10.0426    33.9425    33.9440    26.1186    26.1202     3.6027     3.7248    109.721    113.439     1.3065     1.2821     0.0427     0.0434     3.2698     0.0879     0.0000 -121.87118   36.78282      45.35          6  0.000e+00
      24937   1039.000    100.201    100.970    10.0566    10.0538  37.151709  37.150918    10.0451    10.0423    33.9421    33.9440    26.1183    26.1202     3.6027     3.7307    109.721    113.618     1.3065     1.2833     0.0440     0.0739     3.2698     0.0879     0.0000 -121.87118   36.78282      45.35          6  0.000e+00
