West Coast/WCOA-7/CTD_Data/RB2102_CTD_102_01.ros
* Sea-Bird SBE 9 Data File:
* FileName = C:\Users\scs.user.rb\CTD\RB2102\Data\RB2102_CTD_102_01.hex
* Software Version Seasave V 7.26.7.107
* Temperature SN = 6202
* Conductivity SN = 4907
* Number of Bytes Per Scan = 41
* Number of Voltage Words = 4
* Number of Scans Averaged by the Deck Unit = 1
* NMEA Latitude = 36 46.98 N
* NMEA Longitude = 121 52.27 W
* NMEA UTC (Time) = Jul 15 2021  02:13:12
* NMEA baud rate = 4800
# nquan = 30
# nvalues = 1164                                  
# units = specified
# name 0 = scan: Scan Count
# name 1 = timeS: Time, Elapsed [seconds]
# name 2 = depSM: Depth [salt water, m]
# name 3 = prDM: Pressure, Digiquartz [db]
# name 4 = t090C: Temperature [ITS-90, deg C]
# name 5 = t190C: Temperature, 2 [ITS-90, deg C]
# name 6 = c0mS/cm: Conductivity [mS/cm]
# name 7 = c1mS/cm: Conductivity, 2 [mS/cm]
# name 8 = potemp090C: Potential Temperature [ITS-90, deg C]
# name 9 = potemp190C: Potential Temperature, 2 [ITS-90, deg C]
# name 10 = sal00: Salinity, Practical [PSU]
# name 11 = sal11: Salinity, Practical, 2 [PSU]
# name 12 = sigma-é00: Density [sigma-theta, kg/m^3]
# name 13 = sigma-é11: Density, 2 [sigma-theta, kg/m^3]
# name 14 = sbeox0Mg/L: Oxygen, SBE 43 [mg/l]
# name 15 = sbeox1Mg/L: Oxygen, SBE 43, 2 [mg/l]
# name 16 = sbox0Mm/Kg: Oxygen, SBE 43 [umol/kg]
# name 17 = sbox1Mm/Kg: Oxygen, SBE 43, 2 [umol/kg]
# name 18 = sbeox0V: Oxygen raw, SBE 43 [V]
# name 19 = sbeox1V: Oxygen raw, SBE 43, 2 [V]
# name 20 = v4: Voltage 4
# name 21 = flECO-AFL: Fluorescence, WET Labs ECO-AFL/FL [mg/m^3]
# name 22 = v3: Voltage 3
# name 23 = v6: Voltage 6
# name 24 = v7: Voltage 7
# name 25 = longitude: Longitude [deg]
# name 26 = latitude: Latitude [deg]
# name 27 = altM: Altimeter [m]
# name 28 = nbf: Bottles Fired
# name 29 = flag:  0.000e+00
# interval = seconds: 0.0416667
# start_time = Jul 15 2021 02:13:12 [NMEA time, header]
# bad_flag = -9.990e-29
*END*
[from data line 484]
      34269   1427.833     60.191     60.647    10.4866    10.4872  37.486190  37.487245    10.4795    10.4800    33.8968    33.8974    26.0084    26.0087     4.2911     4.4176    130.699    134.554     1.4774     1.4408     0.0452     0.1044     3.2625     0.0354     0.0000 -121.87102   36.78254      81.20         10  0.000e+00
      34270   1427.875     60.118     60.573    10.4869    10.4872  37.486254  37.487180    10.4798    10.4801    33.8966    33.8974    26.0081    26.0087     4.2910     4.4176    130.697    134.552     1.4774     1.4408     0.0452     0.1044     3.2601     0.0354     0.0000 -121.87102   36.78254      80.85         10  0.000e+00
      34271   1427.917     60.144     60.600    10.4868    10.4872  37.486125  37.486987    10.4797    10.4801    33.8966    33.8971    26.0082    26.0085     4.2910     4.4176    130.697    134.553     1.4774     1.4408     0.0452     0.1044     3.2625     0.0354     0.0000 -121.87102   36.78254      80.81         10  0.000e+00
      34272   1427.958     60.118     60.573    10.4871    10.4875  37.486319  37.487116    10.4800    10.4804    33.8965    33.8970    26.0080    26.0083     4.2910     4.4176    130.696    134.552     1.4774     1.4408     0.0452     0.1044     3.2601     0.0342     0.0000 -121.87102   36.78254      80.83         10  0.000e+00
      34273   1428.000     60.171     60.627    10.4871    10.4875  37.486254  37.487439    10.4800    10.4804    33.8965    33.8973    26.0080    26.0086     4.2910     4.4118    130.697    134.377     1.4774     1.4396     0.0452     0.1044     3.2613     0.0342     0.0000 -121.87102   36.78254      80.83         10  0.000e+00
      34274   1428.042     60.144     60.600    10.4870    10.4876  37.486383  37.487761    10.4799    10.4805    33.8967    33.8975    26.0082    26.0087     4.2910     4.4176    130.697    134.551     1.4774     1.4408     0.0452     0.1044     3.2601     0.0342     0.0000 -121.87102   36.78254      80.83         10  0.000e+00
      37178   1549.042     50.264     50.644    10.7345    10.7361  37.696993  37.699340    10.7284    10.7301    33.8827    33.8835    25.9537    25.9540     4.6352     4.7698    141.188    145.288     1.5641     1.5226     0.0476     0.1655     3.2589     0.0195     0.0000 -121.87098   36.78244      88.99         11  0.000e+00
      37179   1549.083     50.112     50.490    10.7345    10.7360  37.697381  37.699339    10.7285    10.7300    33.8831    33.8837    25.9541    25.9542     4.6351     4.7697    141.185    145.286     1.5641     1.5226     0.0488     0.1960     3.2589     0.0195     0.0000 -121.87098   36.78244      89.08         11  0.000e+00
      37180   1549.125     50.112     50.490    10.7346    10.7360  37.697575  37.699598    10.7286    10.7300    33.8832    33.8839    25.9541    25.9544     4.6298     4.7697    141.024    145.285     1.5629     1.5226     0.0488     0.1960     3.2576     0.0195     0.0000 -121.87098   36.78244      89.18         11  0.000e+00
      37181   1549.167     50.244     50.624    10.7346    10.7360  37.697576  37.699404    10.7286    10.7300    33.8831    33.8837    25.9540    25.9542     4.6299     4.7641    141.027    145.114     1.5629     1.5214     0.0476     0.1655     3.2601     0.0195     0.0000 -121.87098   36.78244      89.21         11  0.000e+00
      37182   1549.208     50.112     50.490    10.7346    10.7360  37.697316  37.699339    10.7286    10.7300    33.8829    33.8837    25.9539    25.9542     4.6351     4.7697    141.184    145.286     1.5641     1.5226     0.0488     0.1960     3.2589     0.0183     0.0000 -121.87098   36.78244      89.21         11  0.000e+00
      37183   1549.250     50.165     50.544    10.7348    10.7359  37.697705  37.699339    10.7288    10.7299    33.8831    33.8838    25.9540    25.9543     4.6298     4.7641    141.025    145.113     1.5629     1.5214     0.0476     0.1655     3.2601     0.0183     0.0000 -121.87098   36.78244      89.21         11  0.000e+00
      37184   1549.292     50.165     50.544    10.7348    10.7358  37.697381  37.699339    10.7288    10.7298    33.8828    33.8838    25.9537    25.9544     4.6351     4.7641    141.185    145.113     1.5641     1.5214     0.0464     0.1350     3.2601     0.0195     0.0000 -121.87098   36.78244      89.21         11  0.000e+00
      37185   1549.333     50.112     50.490    10.7351    10.7356  37.697446  37.699080    10.7291    10.7296    33.8826    33.8837    25.9535    25.9543     4.6298     4.7698    141.023    145.287     1.5629     1.5226     0.0464     0.1350     3.2589     0.0195     0.0000 -121.87098   36.78244      89.04         11  0.000e+00
      37186   1549.375     50.191     50.571    10.7346    10.7353  37.697770  37.699210    10.7286    10.7293    33.8833    33.8841    25.9542    25.9547     4.6299     4.7641    141.025    145.115     1.5629     1.5214     0.0464     0.1350     3.2601     0.0195     0.0000 -121.87098   36.78244      88.86         11  0.000e+00
      37187   1549.417     50.165     50.544    10.7350    10.7353  37.697381  37.698563    10.7290    10.7293    33.8826    33.8835    25.9536    25.9542     4.6298     4.7699    141.025    145.289     1.5629     1.5226     0.0464     0.1350     3.2589     0.0195     0.0000 -121.87098   36.78244      88.82         11  0.000e+00
      37188   1549.458     50.112     50.490    10.7348    10.7352  37.697705  37.699080    10.7288    10.7292    33.8831    33.8842    25.9540    25.9548     4.6351     4.7698    141.184    145.288     1.5641     1.5226     0.0464     0.1350     3.2589     0.0208     0.0000 -121.87098   36.78244      88.82         11  0.000e+00
      37189   1549.500     50.165     50.544    10.7348    10.7355  37.697381  37.699339    10.7288    10.7295    33.8828    33.8841    25.9538    25.9546     4.6351     4.7698    141.185    145.288     1.5641     1.5226     0.0476     0.1655     3.2589     0.0208     0.0000 -121.87098   36.78244      88.84         11  0.000e+00
      37190   1549.542     50.191     50.571    10.7346    10.7355  37.697964  37.699081    10.7286    10.7295    33.8835    33.8838    25.9543    25.9544     4.6299     4.7698    141.025    145.289     1.5629     1.5226     0.0464     0.1350     3.2589     0.0208     0.0000 -121.87098   36.78244      88.84         11  0.000e+00
      37191   1549.583     50.112     50.490    10.7348    10.7356  37.697446  37.699016    10.7288    10.7296    33.8829    33.8837    25.9538    25.9543     4.6298     4.7698    141.024    145.287     1.5629     1.5226     0.0464     0.1350     3.2589     0.0195     0.0000 -121.87098   36.78244      88.89         11  0.000e+00
      37192   1549.625     50.112     50.490    10.7348    10.7358  37.697446  37.699210    10.7288    10.7298    33.8829    33.8837    25.9538    25.9543     4.6298     4.7698    141.024    145.286     1.5629     1.5226     0.0464     0.1350     3.2601     0.0195     0.0000 -121.87098   36.78244      88.96         11  0.000e+00
      37193   1549.667     50.165     50.544    10.7348    10.7358  37.697575  37.699339    10.7288    10.7298    33.8830    33.8838    25.9539    25.9544     4.6299     4.7698    141.025    145.287     1.5629     1.5226     0.0464     0.1350     3.2589     0.0195     0.0000 -121.87098   36.78244      88.96         11  0.000e+00
      37194   1549.708     50.099     50.477    10.7346    10.7358  37.697769  37.699533    10.7286    10.7298    33.8834    33.8840    25.9542    25.9545     4.6351     4.7640    141.184    145.112     1.5641     1.5214     0.0464     0.1350     3.2589     0.0195     0.0000 -121.87098   36.78244      88.94         11  0.000e+00
      37195   1549.750     50.211     50.591    10.7348    10.7358  37.697381  37.699404    10.7288    10.7298    33.8828    33.8839    25.9537    25.9544     4.6299     4.7698    141.026    145.288     1.5629     1.5226     0.0464     0.1350     3.2589     0.0195     0.0000 -121.87098   36.78244      88.96         11  0.000e+00
      37196   1549.792     50.112     50.490    10.7348    10.7357  37.697251  37.699339    10.7288    10.7297    33.8827    33.8839    25.9536    25.9545     4.6298     4.7698    141.024    145.286     1.5629     1.5226     0.0464     0.1350     3.2576     0.0195     0.0000 -121.87098   36.78244      88.94         11  0.000e+00
      37197   1549.833     50.066     50.444    10.7350    10.7355  37.696733  37.699080    10.7290    10.7295    33.8820    33.8839    25.9531    25.9545     4.6351     4.7698    141.183    145.286     1.5641     1.5226     0.0464     0.1350     3.2589     0.0195     0.0000 -121.87098   36.78244      88.96         11  0.000e+00
      37198   1549.875     50.244     50.624    10.7350    10.7358  37.697317  37.699210    10.7289    10.7298    33.8825    33.8836    25.9535    25.9542     4.6351     4.7641    141.186    145.115     1.5641     1.5214     0.0464     0.1350     3.2589     0.0195     0.0000 -121.87098   36.78244      88.94         11  0.000e+00
      37199   1549.917     50.112     50.490    10.7350    10.7355  37.697769  37.699080    10.7290    10.7295    33.8831    33.8839    25.9539    25.9545     4.6298     4.7698    141.023    145.287     1.5629     1.5226     0.0464     0.1350     3.2576     0.0195     0.0000 -121.87098   36.78244      88.94         11  0.000e+00
      37200   1549.958     50.112     50.490    10.7350    10.7353  37.697381  37.699016    10.7290    10.7293    33.8827    33.8840    25.9536    25.9546     4.6351     4.7698    141.184    145.288     1.5641     1.5226     0.0464     0.1350     3.2589     0.0195     0.0000 -121.87098   36.78244      88.96         11  0.000e+00
      37201   1550.000     50.165     50.544    10.7350    10.7352  37.697252  37.699016    10.7290    10.7292    33.8825    33.8841    25.9535    25.9547     4.6351     4.7699    141.185    145.289     1.5641     1.5226     0.0476     0.1655     3.2589     0.0183     0.0000 -121.87098   36.78244      88.94         11  0.000e+00
      37202   1550.042     50.099     50.477    10.7350    10.7353  37.697705  37.699210    10.7290    10.7293    33.8830    33.8842    25.9539    25.9547     4.6350     4.7698    141.183    145.287     1.5641     1.5226     0.0464     0.1350     3.2589     0.0195     0.0000 -121.87098   36.78244      88.96         11  0.000e+00
      37203   1550.083     50.112     50.490    10.7350    10.7356  37.697640  37.699080    10.7290    10.7296    33.8829    33.8837    25.9538    25.9543     4.6351     4.7698    141.183    145.287     1.5641     1.5226     0.0464     0.1350     3.2589     0.0208     0.0000 -121.87098   36.78244      89.08         11  0.000e+00
      37204   1550.125     50.112     50.490    10.7346    10.7356  37.697316  37.699533    10.7286    10.7296    33.8829    33.8842    25.9539    25.9547     4.6351     4.7641    141.184    145.112     1.5641     1.5214     0.0464     0.1350     3.2589     0.0208     0.0000 -121.87098   36.78244      89.23         11  0.000e+00
      37205   1550.167     50.112     50.490    10.7350    10.7358  37.697446  37.699404    10.7290    10.7298    33.8827    33.8839    25.9537    25.9544     4.6351     4.7698    141.184    145.286     1.5641     1.5226     0.0464     0.1350     3.2589     0.0208     0.0000 -121.87098   36.78244      89.28         11  0.000e+00
      37206   1550.208     50.165     50.544    10.7348    10.7358  37.697316  37.699339    10.7288    10.7298    33.8827    33.8838    25.9537    25.9544     4.6299     4.7698    141.025    145.287     1.5629     1.5226     0.0464     0.1350     3.2601     0.0195     0.0000 -121.87098   36.78244      89.26         11  0.000e+00
      37207   1550.250     50.099     50.477    10.7348    10.7358  37.697446  37.699339    10.7288    10.7298    33.8829    33.8838    25.9538    25.9544     4.6298     4.7697    141.024    145.286     1.5629     1.5226     0.0464     0.1350     3.2576     0.0195     0.0000 -121.87098   36.78244      89.26         11  0.000e+00
      37208   1550.292     50.112     50.490    10.7348    10.7358  37.697316  37.699598    10.7288    10.7298    33.8828    33.8841    25.9537    25.9546     4.6298     4.7697    141.024    145.286     1.5629     1.5226     0.0464     0.1350     3.2601     0.0195     0.0000 -121.87098   36.78244      89.26         11  0.000e+00
      37209   1550.333     50.066     50.444    10.7348    10.7355  37.696992  37.699404    10.7288    10.7295    33.8824    33.8842    25.9535    25.9547     4.6298     4.7640    141.023    145.112     1.5629     1.5214     0.0464     0.1350     3.2601     0.0195     0.0000 -121.87098   36.78244      89.06         11  0.000e+00
      37210   1550.375     50.165     50.544    10.7346    10.7360  37.697640  37.699080    10.7286    10.7300    33.8832    33.8834    25.9541    25.9540     4.6351     4.7698    141.185    145.287     1.5641     1.5226     0.0464     0.1350     3.2601     0.0195     0.0000 -121.87098   36.78244      88.82         11  0.000e+00
      37211   1550.417     50.099     50.477    10.7346    10.7356  37.697381  37.699016    10.7286    10.7296    33.8830    33.8837    25.9539    25.9543     4.6298     4.7698    141.024    145.287     1.5629     1.5226     0.0464     0.1350     3.2589     0.0195     0.0000 -121.87098   36.78244      88.77         11  0.000e+00
      37212   1550.458     50.112     50.490    10.7350    10.7356  37.697446  37.699210    10.7290    10.7296    33.8827    33.8839    25.9537    25.9544     4.6298     4.7641    141.024    145.113     1.5629     1.5214     0.0476     0.1655     3.2589     0.0195     0.0000 -121.87098   36.78244      88.77         11  0.000e+00
      37213   1550.500     50.066     50.444    10.7346    10.7358  37.697316  37.699339    10.7286    10.7298    33.8829    33.8839    25.9539    25.9544     4.6351     4.7640    141.184    145.111     1.5641     1.5214     0.0464     0.1350     3.2589     0.0195     0.0000 -121.87098   36.78244      88.79         11  0.000e+00
      37214   1550.542     50.112     50.490    10.7348    10.7356  37.697251  37.699339    10.7288    10.7296    33.8827    33.8840    25.9537    25.9545     4.6351     4.7698    141.184    145.287     1.5641     1.5226     0.0476     0.1655     3.2589     0.0195     0.0000 -121.87098   36.78244      88.79         11  0.000e+00
      37215   1550.583     50.099     50.477    10.7346    10.7356  37.697251  37.699339    10.7286    10.7296    33.8828    33.8840    25.9538    25.9545     4.6298     4.7698    141.024    145.286     1.5629     1.5226     0.0464     0.1350     3.2589     0.0195     0.0000 -121.87098   36.78244      88.79         11  0.000e+00
      37216   1550.625     50.112     50.490    10.7348    10.7356  37.697446  37.699080    10.7288    10.7296    33.8829    33.8837    25.9538    25.9543     4.6351     4.7641    141.184    145.113     1.5641     1.5214     0.0464     0.1350     3.2589     0.0183     0.0000 -121.87098   36.78244      88.82         11  0.000e+00
      37217   1550.667     50.066     50.444    10.7346    10.7356  37.697575  37.699210    10.7286    10.7296    33.8832    33.8839    25.9541    25.9545     4.6298     4.7640    141.023    145.112     1.5629     1.5214     0.0464     0.1350     3.2589     0.0183     0.0000 -121.87098   36.78244      88.82         11  0.000e+00
      37218   1550.708     50.066     50.444    10.7346    10.7356  37.697316  37.699339    10.7286    10.7296    33.8829    33.8840    25.9539    25.9546     4.6298     4.7640    141.023    145.112     1.5629     1.5214     0.0464     0.1350     3.2589     0.0195     0.0000 -121.87098   36.78244      88.82         11  0.000e+00
