West Coast/WCOA-7/CTD_Data/RB2102_CTD_096_01.ros
* Sea-Bird SBE 9 Data File:
* FileName = C:\Users\scs.user.rb\CTD\RB2102\Data\RB2102_CTD_096_01.hex
* Software Version Seasave V 7.26.7.107
* Temperature SN = 6202
* Conductivity SN = 4907
* Number of Bytes Per Scan = 41
* Number of Voltage Words = 4
* Number of Scans Averaged by the Deck Unit = 1
* NMEA Latitude = 36 17.33 N
* NMEA Longitude = 123 07.82 W
* NMEA UTC (Time) = Jul 14 2021  01:42:58
* NMEA baud rate = 4800
# nquan = 30
# nvalues = 1176                                  
# units = specified
# name 0 = scan: Scan Count
# name 1 = timeS: Time, Elapsed [seconds]
# name 2 = depSM: Depth [salt water, m]
# name 3 = prDM: Pressure, Digiquartz [db]
# name 4 = t090C: Temperature [ITS-90, deg C]
# name 5 = t190C: Temperature, 2 [ITS-90, deg C]
# name 6 = c0mS/cm: Conductivity [mS/cm]
# name 7 = c1mS/cm: Conductivity, 2 [mS/cm]
# name 8 = potemp090C: Potential Temperature [ITS-90, deg C]
# name 9 = potemp190C: Potential Temperature, 2 [ITS-90, deg C]
# name 10 = sal00: Salinity, Practical [PSU]
# name 11 = sal11: Salinity, Practical, 2 [PSU]
# name 12 = sigma-é00: Density [sigma-theta, kg/m^3]
# name 13 = sigma-é11: Density, 2 [sigma-theta, kg/m^3]
# name 14 = sbeox0Mg/L: Oxygen, SBE 43 [mg/l]
# name 15 = sbeox1Mg/L: Oxygen, SBE 43, 2 [mg/l]
# name 16 = sbox0Mm/Kg: Oxygen, SBE 43 [umol/kg]
# name 17 = sbox1Mm/Kg: Oxygen, SBE 43, 2 [umol/kg]
# name 18 = sbeox0V: Oxygen raw, SBE 43 [V]
# name 19 = sbeox1V: Oxygen raw, SBE 43, 2 [V]
# name 20 = v4: Voltage 4
# name 21 = flECO-AFL: Fluorescence, WET Labs ECO-AFL/FL [mg/m^3]
# name 22 = v3: Voltage 3
# name 23 = v6: Voltage 6
# name 24 = v7: Voltage 7
# name 25 = longitude: Longitude [deg]
# name 26 = latitude: Latitude [deg]
# name 27 = altM: Altimeter [m]
# name 28 = nbf: Bottles Fired
# name 29 = flag:  0.000e+00
# interval = seconds: 0.0416667
# start_time = Jul 14 2021 01:42:58 [NMEA time, header]
# bad_flag = -9.990e-29
*END*
[from data line 339]
     191979   7999.083    743.670    750.519     4.8379     4.8365  33.109850  33.109223     4.7778     4.7764    34.3795    34.3802    27.2086    27.2093     0.3126     0.3281      9.510      9.981     0.5446     0.5592     0.0403    -0.0177     3.2955     0.0623     0.0000 -123.13216   36.28710     100.00          7  0.000e+00
     191980   7999.125    743.596    750.445     4.8379     4.8366  33.109912  33.109345     4.7778     4.7766    34.3797    34.3803    27.2087    27.2093     0.3060     0.3281      9.308      9.981     0.5433     0.5592     0.0403    -0.0177     3.2967     0.0635     0.0000 -123.13216   36.28710     100.00          7  0.000e+00
     191981   7999.167    743.617    750.465     4.8379     4.8365  33.110035  33.109222     4.7778     4.7764    34.3797    34.3803    27.2088    27.2094     0.3060     0.3281      9.308      9.981     0.5433     0.5592     0.0403    -0.0177     3.2955     0.0623     0.0000 -123.13216   36.28710     100.00          7  0.000e+00
     191982   7999.208    743.617    750.465     4.8379     4.8363  33.110035  33.109345     4.7778     4.7762    34.3798    34.3806    27.2088    27.2097     0.3060     0.3281      9.308      9.981     0.5433     0.5592     0.0403    -0.0177     3.2955     0.0623     0.0000 -123.13216   36.28710     100.00          7  0.000e+00
     201483   8395.083    495.666    499.930     6.1320     6.1335  34.073736  34.075403     6.0880     6.0895    34.2839    34.2842    26.9756    26.9757     0.4291     0.4559     13.058     13.873     0.5714     0.5861     0.0415     0.0129     3.2918     0.0842     0.0000 -123.13236   36.28696     100.00          8  0.000e+00
     201484   8395.125    495.619    499.883     6.1320     6.1341  34.073736  34.075963     6.0880     6.0901    34.2839    34.2844    26.9756    26.9757     0.4353     0.4559     13.246     13.872     0.5726     0.5861     0.0415     0.0129     3.2918     0.0842     0.0000 -123.13236   36.28696     100.00          8  0.000e+00
     201485   8395.167    495.519    499.782     6.1318     6.1345  34.073237  34.076024     6.0879     6.0905    34.2836    34.2840    26.9754    26.9754     0.4353     0.4559     13.246     13.872     0.5726     0.5861     0.0415     0.0129     3.2918     0.0842     0.0000 -123.13236   36.28696     100.00          8  0.000e+00
     201486   8395.208    495.666    499.930     6.1320     6.1350  34.073300  34.076087     6.0880     6.0909    34.2834    34.2836    26.9752    26.9750     0.4291     0.4559     13.058     13.872     0.5714     0.5861     0.0415     0.0129     3.2918     0.0842     0.0000 -123.13236   36.28696     100.00          8  0.000e+00
     201487   8395.250    495.573    499.836     6.1320     6.1352  34.073424  34.076149     6.0880     6.0911    34.2836    34.2835    26.9754    26.9749     0.4291     0.4559     13.058     13.872     0.5714     0.5861     0.0415     0.0129     3.2906     0.0855     0.0000 -123.13236   36.28696     100.00          8  0.000e+00
     201488   8395.292    495.573    499.836     6.1320     6.1352  34.073175  34.076024     6.0880     6.0911    34.2833    34.2834    26.9751    26.9748     0.4291     0.4559     13.058     13.872     0.5714     0.5861     0.0415     0.0129     3.2918     0.0842     0.0000 -123.13236   36.28696     100.00          8  0.000e+00
     201489   8395.333    495.519    499.782     6.1323     6.1355  34.073300  34.076335     6.0883     6.0915    34.2832    34.2834    26.9750    26.9748     0.4353     0.4559     13.246     13.872     0.5726     0.5861     0.0415     0.0129     3.2918     0.0830     0.0000 -123.13236   36.28696     100.00          8  0.000e+00
     201490   8395.375    495.573    499.836     6.1322     6.1357  34.073424  34.076087     6.0882     6.0917    34.2834    34.2828    26.9752    26.9743     0.4353     0.4559     13.246     13.872     0.5726     0.5861     0.0415     0.0129     3.2930     0.0867     0.0000 -123.13236   36.28696     100.00          8  0.000e+00
     201491   8395.417    495.473    499.735     6.1322     6.1361  34.073424  34.076335     6.0882     6.0921    34.2835    34.2828    26.9753    26.9742     0.4353     0.4559     13.246     13.872     0.5726     0.5861     0.0415     0.0129     3.2918     0.0867     0.0000 -123.13236   36.28696     100.00          8  0.000e+00
     201492   8395.458    495.519    499.782     6.1323     6.1360  34.073611  34.076584     6.0883     6.0920    34.2835    34.2832    26.9753    26.9745     0.4291     0.4559     13.058     13.872     0.5714     0.5861     0.0415     0.0129     3.2918     0.0867     0.0000 -123.13236   36.28696     100.00          8  0.000e+00
     201493   8395.500    495.519    499.782     6.1325     6.1361  34.073673  34.076460     6.0885     6.0921    34.2834    34.2829    26.9751    26.9743     0.4291     0.4559     13.058     13.872     0.5714     0.5861     0.0415     0.0129     3.2918     0.0855     0.0000 -123.13236   36.28696     100.00          8  0.000e+00
     201494   8395.542    495.419    499.681     6.1323     6.1363  34.073486  34.076832     6.0883     6.0923    34.2834    34.2832    26.9752    26.9745     0.4291     0.4559     13.058     13.871     0.5714     0.5861     0.0415     0.0129     3.2930     0.0842     0.0000 -123.13236   36.28696     100.00          8  0.000e+00
     201495   8395.583    495.519    499.782     6.1325     6.1363  34.073860  34.076770     6.0885     6.0923    34.2836    34.2831    26.9753    26.9744     0.4291     0.4559     13.058     13.872     0.5714     0.5861     0.0415     0.0129     3.2930     0.0830     0.0000 -123.13236   36.28696     100.00          8  0.000e+00
     201496   8395.625    495.473    499.735     6.1322     6.1364  34.073548  34.077143     6.0882     6.0924    34.2836    34.2834    26.9754    26.9747     0.4291     0.4559     13.058     13.871     0.5714     0.5861     0.0415     0.0129     3.2930     0.0830     0.0000 -123.13236   36.28696     100.00          8  0.000e+00
     201497   8395.667    495.373    499.634     6.1320     6.1365  34.073610  34.076646     6.0881     6.0925    34.2839    34.2828    26.9756    26.9742     0.4291     0.4558     13.058     13.871     0.5714     0.5861     0.0415     0.0129     3.2918     0.0818     0.0000 -123.13236   36.28696     100.00          8  0.000e+00
     201498   8395.708    495.473    499.735     6.1320     6.1365  34.073486  34.076832     6.0880     6.0925    34.2837    34.2830    26.9754    26.9743     0.4353     0.4559     13.246     13.871     0.5726     0.5861     0.0415     0.0129     3.2918     0.0818     0.0000 -123.13236   36.28696     100.00          8  0.000e+00
     201499   8395.750    495.373    499.634     6.1323     6.1365  34.073610  34.076770     6.0883     6.0925    34.2836    34.2830    26.9753    26.9743     0.4291     0.4558     13.057     13.871     0.5714     0.5861     0.0415     0.0129     3.2918     0.0830     0.0000 -123.13236   36.28696     100.00          8  0.000e+00
     201500   8395.792    495.419    499.681     6.1325     6.1366  34.073486  34.076894     6.0885     6.0926    34.2833    34.2830    26.9751    26.9743     0.4353     0.4558     13.246     13.871     0.5726     0.5861     0.0415     0.0129     3.2918     0.0818     0.0000 -123.13236   36.28696     100.00          8  0.000e+00
     201501   8395.833    495.419    499.681     6.1322     6.1363  34.073424  34.077019     6.0882     6.0923    34.2835    34.2834    26.9753    26.9747     0.4291     0.4559     13.058     13.871     0.5714     0.5861     0.0415     0.0129     3.2906     0.0806     0.0000 -123.13236   36.28696     100.00          8  0.000e+00
     201502   8395.875    495.319    499.580     6.1323     6.1365  34.073423  34.076956     6.0884     6.0925    34.2834    34.2832    26.9752    26.9745     0.4291     0.4558     13.057     13.871     0.5714     0.5861     0.0415     0.0129     3.2906     0.0806     0.0000 -123.13236   36.28696     100.00          8  0.000e+00
     201503   8395.917    495.373    499.634     6.1323     6.1364  34.073859  34.076770     6.0883     6.0924    34.2839    34.2831    26.9755    26.9744     0.4291     0.4558     13.057     13.871     0.5714     0.5861     0.0415     0.0129     3.2918     0.0794     0.0000 -123.13236   36.28696     100.00          8  0.000e+00
     201504   8395.958    495.319    499.580     6.1323     6.1363  34.073735  34.076894     6.0884     6.0923    34.2838    34.2833    26.9755    26.9746     0.4291     0.4558     13.057     13.871     0.5714     0.5861     0.0415     0.0129     3.2918     0.0794     0.0000 -123.13236   36.28696     100.00          8  0.000e+00
     201505   8396.000    495.319    499.580     6.1322     6.1360  34.073486  34.076770     6.0882     6.0920    34.2836    34.2835    26.9754    26.9748     0.4291     0.4558     13.057     13.871     0.5714     0.5861     0.0415     0.0129     3.2918     0.0781     0.0000 -123.13236   36.28696     100.00          8  0.000e+00
     201506   8396.042    495.319    499.580     6.1322     6.1362  34.073610  34.076894     6.0882     6.0922    34.2838    34.2834    26.9755    26.9746     0.4291     0.4558     13.057     13.871     0.5714     0.5861     0.0403    -0.0177     3.2918     0.0781     0.0000 -123.13236   36.28696     100.00          8  0.000e+00
     201507   8396.083    495.279    499.540     6.1323     6.1361  34.073921  34.076334     6.0884     6.0922    34.2840    34.2829    26.9756    26.9743     0.4291     0.4558     13.057     13.871     0.5714     0.5861     0.0415     0.0129     3.2906     0.0781     0.0000 -123.13236   36.28696     100.00          8  0.000e+00
     201508   8396.125    495.273    499.533     6.1323     6.1360  34.073548  34.076707     6.0884     6.0920    34.2836    34.2834    26.9753    26.9747     0.4291     0.4558     13.057     13.871     0.5714     0.5861     0.0415     0.0129     3.2906     0.0781     0.0000 -123.13236   36.28696     100.00          8  0.000e+00
     201509   8396.167    495.273    499.533     6.1328     6.1360  34.073610  34.076583     6.0888     6.0920    34.2832    34.2833    26.9749    26.9746     0.4291     0.4558     13.057     13.871     0.5714     0.5861     0.0415     0.0129     3.2906     0.0769     0.0000 -123.13236   36.28696     100.00          8  0.000e+00
     201510   8396.208    495.219    499.479     6.1328     6.1359  34.073921  34.076645     6.0888     6.0920    34.2835    34.2834    26.9752    26.9747     0.4291     0.4558     13.057     13.871     0.5714     0.5861     0.0415     0.0129     3.2906     0.0769     0.0000 -123.13236   36.28696     100.00          8  0.000e+00
     201511   8396.250    495.219    499.479     6.1333     6.1356  34.074232  34.076645     6.0893     6.0917    34.2834    34.2837    26.9750    26.9750     0.4353     0.4558     13.245     13.871     0.5726     0.5861     0.0415     0.0129     3.2918     0.0781     0.0000 -123.13236   36.28696     100.00          8  0.000e+00
     201512   8396.292    495.220    499.479     6.1339     6.1358  34.074543  34.076707     6.0900     6.0919    34.2831    34.2836    26.9747    26.9749     0.4353     0.4558     13.245     13.871     0.5726     0.5861     0.0415     0.0129     3.2906     0.0769     0.0000 -123.13236   36.28696     100.00          8  0.000e+00
     201513   8396.333    495.220    499.479     6.1343     6.1362  34.074668  34.076894     6.0903     6.0923    34.2829    34.2834    26.9745    26.9747     0.4353     0.4558     13.245     13.871     0.5726     0.5861     0.0415     0.0129     3.2918     0.0733     0.0000 -123.13236   36.28696     100.00          8  0.000e+00
     201514   8396.375    495.173    499.432     6.1344     6.1363  34.074854  34.077018     6.0904     6.0923    34.2830    34.2835    26.9746    26.9748     0.4353     0.4558     13.245     13.871     0.5726     0.5861     0.0415     0.0129     3.2918     0.0720     0.0000 -123.13236   36.28696     100.00          8  0.000e+00
     201515   8396.417    495.173    499.432     6.1348     6.1365  34.074978  34.076707     6.0908     6.0925    34.2828    34.2830    26.9744    26.9743     0.4353     0.4558     13.245     13.871     0.5726     0.5861     0.0415     0.0129     3.2918     0.0708     0.0000 -123.13236   36.28696     100.00          8  0.000e+00
     201516   8396.458    495.126    499.385     6.1348     6.1364  34.075165  34.076956     6.0908     6.0924    34.2830    34.2834    26.9746    26.9746     0.4353     0.4558     13.245     13.871     0.5726     0.5861     0.0415     0.0129     3.2906     0.0708     0.0000 -123.13236   36.28696     100.00          8  0.000e+00
     201517   8396.500    495.173    499.432     6.1350     6.1363  34.074978  34.077205     6.0911     6.0923    34.2825    34.2837    26.9741    26.9749     0.4353     0.4558     13.245     13.871     0.5726     0.5861     0.0415     0.0129     3.2918     0.0696     0.0000 -123.13236   36.28696     100.00          8  0.000e+00
     201518   8396.542    495.126    499.385     6.1350     6.1361  34.075165  34.076894     6.0911     6.0922    34.2827    34.2836    26.9743    26.9748     0.4353     0.4558     13.245     13.871     0.5726     0.5861     0.0415     0.0129     3.2906     0.0696     0.0000 -123.13236   36.28696     100.00          8  0.000e+00
     201519   8396.583    495.126    499.385     6.1350     6.1362  34.075289  34.076894     6.0911     6.0923    34.2829    34.2835    26.9744    26.9747     0.4353     0.4558     13.245     13.871     0.5726     0.5861     0.0415     0.0129     3.2918     0.0684     0.0000 -123.13236   36.28696     100.00          8  0.000e+00
     201520   8396.625    495.126    499.385     6.1350     6.1361  34.075041  34.077267     6.0911     6.0922    34.2826    34.2840    26.9742    26.9751     0.4353     0.4558     13.245     13.871     0.5726     0.5861     0.0415     0.0129     3.2918     0.0684     0.0000 -123.13236   36.28696     100.00          8  0.000e+00
     201521   8396.667    495.073    499.331     6.1350     6.1360  34.074729  34.077018     6.0911     6.0920    34.2823    34.2839    26.9739    26.9751     0.4291     0.4558     13.056     13.871     0.5714     0.5861     0.0415     0.0129     3.2918     0.0684     0.0000 -123.13236   36.28696     100.00          8  0.000e+00
     201522   8396.708    495.026    499.284     6.1349     6.1360  34.074667  34.076769     6.0909     6.0920    34.2824    34.2836    26.9740    26.9749     0.4291     0.4558     13.056     13.871     0.5714     0.5861     0.0415     0.0129     3.2918     0.0684     0.0000 -123.13236   36.28696     100.00          8  0.000e+00
     201523   8396.750    495.073    499.331     6.1349     6.1359  34.074854  34.076893     6.0909     6.0920    34.2826    34.2838    26.9742    26.9750     0.4291     0.4558     13.056     13.871     0.5714     0.5861     0.0415     0.0129     3.2906     0.0684     0.0000 -123.13236   36.28696     100.00          8  0.000e+00
     201524   8396.792    495.073    499.331     6.1348     6.1360  34.074978  34.076582     6.0908     6.0920    34.2828    34.2834    26.9744    26.9747     0.4291     0.4558     13.056     13.871     0.5714     0.5861     0.0415     0.0129     3.2918     0.0672     0.0000 -123.13236   36.28696     100.00          8  0.000e+00
     201525   8396.833    495.026    499.284     6.1348     6.1363  34.074729  34.076831     6.0908     6.0923    34.2826    34.2834    26.9742    26.9747     0.4291     0.4558     13.056     13.871     0.5714     0.5861     0.0415     0.0129     3.2930     0.0672     0.0000 -123.13236   36.28696     100.00          8  0.000e+00
