West Coast/WCOA-7/CTD_Data/RB2102_CTD_090_01.ros
* Sea-Bird SBE 9 Data File:
* FileName = C:\Users\scs.user.rb\CTD\RB2102\Data\RB2102_CTD_090_01.hex
* Software Version Seasave V 7.26.7.107
* Temperature SN = 6202
* Conductivity SN = 4907
* Number of Bytes Per Scan = 41
* Number of Voltage Words = 4
* Number of Scans Averaged by the Deck Unit = 1
* NMEA Latitude = 37 48.61 N
* NMEA Longitude = 122 30.93 W
* NMEA UTC (Time) = Jul 12 2021  21:28:41
* NMEA baud rate = 4800
# nquan = 30
# nvalues = 485                                   
# units = specified
# name 0 = scan: Scan Count
# name 1 = timeS: Time, Elapsed [seconds]
# name 2 = depSM: Depth [salt water, m]
# name 3 = prDM: Pressure, Digiquartz [db]
# name 4 = t090C: Temperature [ITS-90, deg C]
# name 5 = t190C: Temperature, 2 [ITS-90, deg C]
# name 6 = c0mS/cm: Conductivity [mS/cm]
# name 7 = c1mS/cm: Conductivity, 2 [mS/cm]
# name 8 = potemp090C: Potential Temperature [ITS-90, deg C]
# name 9 = potemp190C: Potential Temperature, 2 [ITS-90, deg C]
# name 10 = sal00: Salinity, Practical [PSU]
# name 11 = sal11: Salinity, Practical, 2 [PSU]
# name 12 = sigma-é00: Density [sigma-theta, kg/m^3]
# name 13 = sigma-é11: Density, 2 [sigma-theta, kg/m^3]
# name 14 = sbeox0Mg/L: Oxygen, SBE 43 [mg/l]
# name 15 = sbeox1Mg/L: Oxygen, SBE 43, 2 [mg/l]
# name 16 = sbox0Mm/Kg: Oxygen, SBE 43 [umol/kg]
# name 17 = sbox1Mm/Kg: Oxygen, SBE 43, 2 [umol/kg]
# name 18 = sbeox0V: Oxygen raw, SBE 43 [V]
# name 19 = sbeox1V: Oxygen raw, SBE 43, 2 [V]
# name 20 = v4: Voltage 4
# name 21 = flECO-AFL: Fluorescence, WET Labs ECO-AFL/FL [mg/m^3]
# name 22 = v3: Voltage 3
# name 23 = v6: Voltage 6
# name 24 = v7: Voltage 7
# name 25 = longitude: Longitude [deg]
# name 26 = latitude: Latitude [deg]
# name 27 = altM: Altimeter [m]
# name 28 = nbf: Bottles Fired
# name 29 = flag:  0.000e+00
# interval = seconds: 0.0416667
# start_time = Jul 12 2021 21:28:41 [NMEA time, header]
# bad_flag = -9.990e-29
*END*
[from data line 436]
      27799   1158.250      3.520      3.547    15.9831    15.9785  41.568266  41.566872    15.9826    15.9779    32.9372    32.9398    24.1653    24.1684     7.0682     7.2882    215.672    222.385     2.3223     2.2515     0.1441     2.5770     3.2845     0.4469     0.4444 -122.51554   37.80984      35.24         10  0.000e+00
      27800   1158.292      3.229      3.253    15.9844    15.9777  41.569409  41.566535    15.9839    15.9772    32.9372    32.9403    24.1650    24.1689     7.0677     7.2880    215.659    222.380     2.3223     2.2515     0.1441     2.5770     3.2857     0.4444     0.4359 -122.51554   37.80984      35.24         10  0.000e+00
      27801   1158.333      3.427      3.453    15.9857    15.9785  41.570286  41.566939    15.9851    15.9779    32.9369    32.9399    24.1645    24.1684     7.0678     7.2881    215.659    222.382     2.3223     2.2515     0.1441     2.5770     3.2845     0.4444     0.4310 -122.51554   37.80984      35.21         10  0.000e+00
      27802   1158.375      3.427      3.453    15.9850    15.9797  41.569949  41.567949    15.9845    15.9792    32.9372    32.9398    24.1649    24.1681     7.0678     7.2879    215.662    222.377     2.3223     2.2515     0.1441     2.5770     3.2845     0.4432     0.4286 -122.51554   37.80984      35.21         10  0.000e+00
      27803   1158.417      3.388      3.413    15.9841    15.9803  41.569006  41.567949    15.9836    15.9798    32.9371    32.9393    24.1650    24.1675     7.0726     7.2878    215.808    222.374     2.3236     2.2515     0.1441     2.5770     3.2845     0.4420     0.4261 -122.51554   37.80984      35.21         10  0.000e+00
      27804   1158.458      3.427      3.453    15.9826    15.9810  41.568131  41.568353    15.9821    15.9805    32.9375    32.9391    24.1657    24.1672     7.0729     7.2878    215.815    222.372     2.3236     2.2515     0.1441     2.5770     3.2845     0.4420     0.4261 -122.51554   37.80984      35.21         10  0.000e+00
      27805   1158.500      3.427      3.453    15.9819    15.9812  41.567390  41.568016    15.9814    15.9807    32.9375    32.9386    24.1658    24.1668     7.0730     7.2878    215.818    222.372     2.3236     2.2515     0.1441     2.5770     3.2845     0.4420     0.4249 -122.51554   37.80984      35.21         10  0.000e+00
      27806   1158.542      3.375      3.400    15.9780    15.9810  41.564023  41.568150    15.9775    15.9805    32.9377    32.9389    24.1669    24.1671     7.0735     7.2928    215.833    222.526     2.3236     2.2527     0.1441     2.5770     3.2845     0.4420     0.4249 -122.51554   37.80984      35.26         10  0.000e+00
      27807   1158.583      3.427      3.453    15.9716    15.9809  41.558906  41.567949    15.9710    15.9803    32.9385    32.9388    24.1689    24.1670     7.0744     7.2878    215.860    222.373     2.3236     2.2515     0.1441     2.5770     3.2857     0.4420     0.4249 -122.51554   37.80984      35.29         10  0.000e+00
      27808   1158.625      3.427      3.453    15.9639    15.9805  41.554126  41.567881    15.9634    15.9800    32.9407    32.9391    24.1723    24.1673     7.0754     7.2879    215.890    222.374     2.3236     2.2515     0.1441     2.5770     3.2845     0.4408     0.4237 -122.51554   37.80984      35.31         10  0.000e+00
      27809   1158.667      3.474      3.500    15.9587    15.9805  41.551500  41.568420    15.9581    15.9800    32.9427    32.9395    24.1750    24.1676     7.0761     7.2930    215.911    222.530     2.3236     2.2527     0.1441     2.5770     3.2845     0.4408     0.4237 -122.51554   37.80984      35.29         10  0.000e+00
      27810   1158.708      3.374      3.400    15.9553    15.9803  41.549817  41.567747    15.9547    15.9798    32.9441    32.9391    24.1768    24.1674     7.0764     7.2929    215.920    222.529     2.3236     2.2527     0.1441     2.5770     3.2857     0.4408     0.4225 -122.51554   37.80984      35.29         10  0.000e+00
      27811   1158.750      3.474      3.500    15.9512    15.9805  41.546653  41.568016    15.9507    15.9800    32.9446    32.9391    24.1782    24.1674     7.0770     7.2930    215.940    222.531     2.3236     2.2527     0.1441     2.5770     3.2845     0.4396     0.4225 -122.51554   37.80984      35.29         10  0.000e+00
      27812   1158.792      3.374      3.400    15.9463    15.9805  41.542950  41.567949    15.9457    15.9800    32.9455    32.9391    24.1799    24.1674     7.0776     7.2929    215.957    222.528     2.3236     2.2527     0.1441     2.5770     3.2845     0.4396     0.4225 -122.51554   37.80982      35.29         10  0.000e+00
      27813   1158.833      3.441      3.467    15.9408    15.9802  41.539988  41.567276    15.9403    15.9796    32.9473    32.9388    24.1826    24.1672     7.0784     7.2930    215.979    222.532     2.3236     2.2527     0.1441     2.5770     3.2845     0.4383     0.4212 -122.51554   37.80982      35.29         10  0.000e+00
      27814   1158.875      3.474      3.500    15.9344    15.9790  41.536354  41.566334    15.9339    15.9785    32.9495    32.9389    24.1857    24.1675     7.0792     7.2932    216.004    222.538     2.3236     2.2527     0.1441     2.5770     3.2845     0.4371     0.4200 -122.51554   37.80982      35.29         10  0.000e+00
      27815   1158.917      3.427      3.453    15.9285    15.9772  41.532516  41.565459    15.9280    15.9767    32.9510    32.9396    24.1882    24.1685     7.0799     7.2934    216.026    222.544     2.3236     2.2527     0.1441     2.5770     3.2845     0.4371     0.4200 -122.51554   37.80982      35.29         10  0.000e+00
      27816   1158.958      3.427      3.453    15.9224    15.9737  41.529084  41.563238    15.9219    15.9732    32.9530    32.9406    24.1911    24.1700     7.0807     7.2939    216.049    222.559     2.3236     2.2527     0.1441     2.5770     3.2857     0.4371     0.4200 -122.51554   37.80982      35.29         10  0.000e+00
      27817   1159.000      3.474      3.500    15.9178    15.9690  41.527199  41.559469    15.9172    15.9685    32.9552    32.9411    24.1938    24.1715     7.0813     7.2946    216.067    222.581     2.3236     2.2527     0.1441     2.5770     3.2857     0.4371     0.4200 -122.51554   37.80982      35.29         10  0.000e+00
      27818   1159.042      3.374      3.400    15.9132    15.9632  41.523968  41.556037    15.9127    15.9627    32.9561    32.9430    24.1956    24.1742     7.0818     7.2954    216.082    222.602     2.3236     2.2527     0.1441     2.5770     3.2845     0.4383     0.4200 -122.51554   37.80982      35.24         10  0.000e+00
      27819   1159.083      3.474      3.500    15.9058    15.9576  41.519392  41.552404    15.9052    15.9571    32.9582    32.9444    24.1989    24.1766     7.0829     7.2962    216.113    222.628     2.3236     2.2527     0.1441     2.5770     3.2845     0.4396     0.4188 -122.51554   37.80982      35.16         10  0.000e+00
      27820   1159.125      3.427      3.453    15.9026    15.9512  41.517642  41.548972    15.9021    15.9507    32.9594    32.9466    24.2004    24.1797     7.0832     7.2971    216.124    222.653     2.3236     2.2527     0.1441     2.5770     3.2857     0.4396     0.4188 -122.51554   37.80982      35.14         10  0.000e+00
      27821   1159.167      3.474      3.500    15.9041    15.9467  41.519190  41.547021    15.9035    15.9461    32.9595    32.9487    24.2002    24.1824     7.0831     7.2977    216.119    222.672     2.3236     2.2527     0.1441     2.5770     3.2857     0.4408     0.4188 -122.51554   37.80982      35.14         10  0.000e+00
      27822   1159.208      3.427      3.453    15.9014    15.9450  41.516700  41.546954    15.9009    15.9445    32.9595    32.9500    24.2008    24.1838     7.0881     7.2979    216.273    222.677     2.3248     2.2527     0.1441     2.5770     3.2857     0.4420     0.4188 -122.51554   37.80982      35.14         10  0.000e+00
      27823   1159.250      3.441      3.467    15.8975    15.9454  41.514344  41.547963    15.8969    15.9449    32.9607    32.9506    24.2026    24.1841     7.0839     7.2978    216.144    222.674     2.3236     2.2527     0.1441     2.5770     3.2845     0.4432     0.4176 -122.51554   37.80982      35.14         10  0.000e+00
      27824   1159.292      3.427      3.453    15.8968    15.9461  41.513940  41.548434    15.8963    15.9456    32.9609    32.9504    24.2029    24.1838     7.0887     7.2977    216.290    222.671     2.3248     2.2527     0.1441     2.5770     3.2857     0.4444     0.4176 -122.51554   37.80982      35.16         10  0.000e+00
      27825   1159.333      3.474      3.500    15.8948    15.9443  41.513133  41.547089    15.8942    15.9438    32.9619    32.9507    24.2041    24.1844     7.0843     7.2980    216.155    222.680     2.3236     2.2527     0.1441     2.5770     3.2845     0.4457     0.4176 -122.51554   37.80982      35.12         10  0.000e+00
      27826   1159.375      3.427      3.453    15.8911    15.9434  41.510979  41.546146    15.8905    15.9429    32.9631    32.9507    24.2059    24.1846     7.0894     7.2981    216.312    222.683     2.3248     2.2527     0.1441     2.5770     3.2845     0.4469     0.4176 -122.51554   37.80982      35.09         10  0.000e+00
      27827   1159.417      3.427      3.453    15.8866    15.9413  41.509297  41.544464    15.8860    15.9408    32.9653    32.9509    24.2086    24.1852     7.0900     7.2984    216.327    222.692     2.3248     2.2527     0.1441     2.5770     3.2845     0.4469     0.4164 -122.51554   37.80982      35.09         10  0.000e+00
      27828   1159.458      3.427      3.453    15.8859    15.9383  41.509163  41.540359    15.8854    15.9378    32.9657    32.9498    24.2091    24.1851     7.0900     7.2989    216.330    222.708     2.3248     2.2527     0.1441     2.5770     3.2845     0.4481     0.4176 -122.51554   37.80982      35.09         10  0.000e+00
      27829   1159.500      3.474      3.500    15.8859    15.9294  41.509567  41.534304    15.8854    15.9288    32.9661    32.9518    24.2093    24.1886     7.0901     7.3002    216.330    222.747     2.3248     2.2527     0.1441     2.5770     3.2857     0.4493     0.4164 -122.51554   37.80982      35.12         10  0.000e+00
      27830   1159.542      3.474      3.500    15.8858    15.9210  41.509096  41.529730    15.8852    15.9205    32.9658    32.9547    24.2091    24.1928     7.0901     7.3014    216.331    222.782     2.3248     2.2527     0.1441     2.5770     3.2857     0.4505     0.4164 -122.51554   37.80982      35.14         10  0.000e+00
      27831   1159.583      3.427      3.453    15.8851    15.9166  41.508153  41.528183    15.8846    15.9160    32.9655    32.9571    24.2091    24.1955     7.0902     7.3019    216.333    222.797     2.3248     2.2527     0.1441     2.5770     3.2845     0.4505     0.4164 -122.51554   37.80982      35.14         10  0.000e+00
      27832   1159.625      3.474      3.500    15.8862    15.9152  41.509499  41.528856    15.8857    15.9147    32.9658    32.9588    24.2090    24.1972     7.0900     7.3021    216.329    222.802     2.3248     2.2527     0.1441     2.5770     3.2857     0.4518     0.4164 -122.51554   37.80982      35.16         10  0.000e+00
      27833   1159.667      3.427      3.453    15.8882    15.9151  41.510509  41.528587    15.8876    15.9146    32.9651    32.9587    24.2081    24.1971     7.0897     7.3021    216.321    222.802     2.3248     2.2527     0.1441     2.5770     3.2857     0.4518     0.4164 -122.51554   37.80982      35.16         10  0.000e+00
      27834   1159.708      3.441      3.467    15.8905    15.9142  41.511316  41.527645    15.8900    15.9137    32.9638    32.9586    24.2065    24.1972     7.0895     7.3022    216.313    222.806     2.3248     2.2527     0.1441     2.5770     3.2857     0.4530     0.4164 -122.51554   37.80982      35.16         10  0.000e+00
      27835   1159.750      3.474      3.500    15.8917    15.9123  41.510643  41.527241    15.8912    15.9117    32.9622    32.9598    24.2051    24.1986     7.0894     7.3025    216.311    222.814     2.3248     2.2527     0.1441     2.5770     3.2857     0.4542     0.4164 -122.51554   37.80982      35.16         10  0.000e+00
      27836   1159.792      3.474      3.500    15.8902    15.9109  41.508759  41.526501    15.8896    15.9104    32.9618    32.9603    24.2051    24.1993     7.0896     7.3027    216.318    222.820     2.3248     2.2527     0.1441     2.5770     3.2845     0.4554     0.4164 -122.51554   37.80984      35.07         10  0.000e+00
      27837   1159.833      3.427      3.453    15.8880    15.9092  41.506335  41.525492    15.8875    15.9087    32.9615    32.9608    24.2054    24.2001     7.0899     7.3080    216.327    222.981     2.3248     2.2540     0.1441     2.5770     3.2845     0.4567     0.4164 -122.51554   37.80984      34.97         10  0.000e+00
      27838   1159.875      3.474      3.500    15.8857    15.9048  41.505461  41.523071    15.8852    15.9043    32.9626    32.9623    24.2067    24.2022     7.0902     7.3086    216.336    223.001     2.3248     2.2540     0.1441     2.5770     3.2845     0.4567     0.4164 -122.51554   37.80984      34.92         10  0.000e+00
      27839   1159.917      3.474      3.500    15.8844    15.8997  41.504586  41.520447    15.8839    15.8991    32.9629    32.9643    24.2072    24.2049     7.0904     7.3042    216.341    222.866     2.3248     2.2527     0.1441     2.5770     3.2857     0.4579     0.4164 -122.51554   37.80984      34.95         10  0.000e+00
      27840   1159.958      3.427      3.453    15.8826    15.8966  41.503711  41.518429    15.8820    15.8961    32.9637    32.9651    24.2083    24.2062     7.0906     7.3046    216.347    222.877     2.3248     2.2527     0.1441     2.5770     3.2857     0.4591     0.4151 -122.51554   37.80984      34.95         10  0.000e+00
      27841   1160.000      3.474      3.500    15.8807    15.8949  41.502769  41.517757    15.8802    15.8944    32.9644    32.9659    24.2092    24.2072     7.0909     7.3049    216.355    222.885     2.3248     2.2527     0.1441     2.5770     3.2845     0.4603     0.4151 -122.51554   37.80984      34.95         10  0.000e+00
      27842   1160.042      3.427      3.453    15.8797    15.8946  41.502231  41.517958    15.8792    15.8940    32.9648    32.9663    24.2097    24.2076     7.0910     7.3100    216.358    223.041     2.3248     2.2540     0.1441     2.5770     3.2845     0.4615     0.4164 -122.51554   37.80984      34.99         10  0.000e+00
      27843   1160.083      3.427      3.453    15.8784    15.8961  41.501558  41.518564    15.8779    15.8956    32.9652    32.9656    24.2104    24.2067     7.0911     7.3047    216.362    222.879     2.3248     2.2527     0.1441     2.5770     3.2857     0.4628     0.4151 -122.51554   37.80984      35.07         10  0.000e+00
      27844   1160.125      3.487      3.513    15.8773    15.8981  41.500885  41.520380    15.8768    15.8976    32.9655    32.9655    24.2109    24.2061     7.0913     7.3044    216.368    222.871     2.3248     2.2527     0.1441     2.5770     3.2857     0.4640     0.4151 -122.51554   37.80984      35.07         10  0.000e+00
      27845   1160.167      3.427      3.453    15.8765    15.8998  41.500414  41.521322    15.8760    15.8993    32.9658    32.9649    24.2113    24.2053     7.0914     7.3092    216.370    223.018     2.3248     2.2540     0.1441     2.5770     3.2845     0.4640     0.4151 -122.51554   37.80984      35.07         10  0.000e+00
