West Coast/WCOA-7/CTD_Data/RB2102_CTD_038_01.ros
* Sea-Bird SBE 9 Data File:
* FileName = C:\Users\scs.user.rb\CTD\RB2102\Data\RB2102_CTD_038_01.hex
* Software Version Seasave V 7.26.7.107
* Temperature SN = 6202
* Conductivity SN = 4907
* Number of Bytes Per Scan = 41
* Number of Voltage Words = 4
* Number of Scans Averaged by the Deck Unit = 1
* NMEA Latitude = 47 06.99 N
* NMEA Longitude = 125 03.13 W
* NMEA UTC (Time) = Jul 02 2021  10:33:13
* NMEA baud rate = 4800
# nquan = 30
# nvalues = 1127                                  
# units = specified
# name 0 = scan: Scan Count
# name 1 = timeS: Time, Elapsed [seconds]
# name 2 = depSM: Depth [salt water, m]
# name 3 = prDM: Pressure, Digiquartz [db]
# name 4 = t090C: Temperature [ITS-90, deg C]
# name 5 = t190C: Temperature, 2 [ITS-90, deg C]
# name 6 = c0mS/cm: Conductivity [mS/cm]
# name 7 = c1mS/cm: Conductivity, 2 [mS/cm]
# name 8 = potemp090C: Potential Temperature [ITS-90, deg C]
# name 9 = potemp190C: Potential Temperature, 2 [ITS-90, deg C]
# name 10 = sal00: Salinity, Practical [PSU]
# name 11 = sal11: Salinity, Practical, 2 [PSU]
# name 12 = sigma-é00: Density [sigma-theta, kg/m^3]
# name 13 = sigma-é11: Density, 2 [sigma-theta, kg/m^3]
# name 14 = sbeox0Mg/L: Oxygen, SBE 43 [mg/l]
# name 15 = sbeox1Mg/L: Oxygen, SBE 43, 2 [mg/l]
# name 16 = sbox0Mm/Kg: Oxygen, SBE 43 [umol/kg]
# name 17 = sbox1Mm/Kg: Oxygen, SBE 43, 2 [umol/kg]
# name 18 = sbeox0V: Oxygen raw, SBE 43 [V]
# name 19 = sbeox1V: Oxygen raw, SBE 43, 2 [V]
# name 20 = v4: Voltage 4
# name 21 = flECO-AFL: Fluorescence, WET Labs ECO-AFL/FL [mg/m^3]
# name 22 = v3: Voltage 3
# name 23 = v6: Voltage 6
# name 24 = v7: Voltage 7
# name 25 = longitude: Longitude [deg]
# name 26 = latitude: Latitude [deg]
# name 27 = altM: Altimeter [m]
# name 28 = nbf: Bottles Fired
# name 29 = flag:  0.000e+00
# interval = seconds: 0.0416667
# start_time = Jul 02 2021 10:33:13 [NMEA time, header]
# bad_flag = -9.990e-29
*END*
[from data line 1064]
     138234   5759.708      3.733      3.764    16.1159    16.1164  40.144549  40.144475    16.1153    16.1158    31.5754    31.5750    23.0893    23.0889     8.9337     9.1149    272.881    278.416     2.7937     2.6777     0.0684     0.6844     3.2723     0.6960     0.0000 -125.05692   47.11440      99.80         22  0.000e+00
     138235   5759.750      3.786      3.818    16.1159    16.1163  40.144549  40.144740    16.1153    16.1157    31.5754    31.5753    23.0893    23.0892     8.9290     9.1149    272.738    278.418     2.7924     2.6777     0.0684     0.6844     3.2723     0.6960     0.0000 -125.05692   47.11440      99.83         22  0.000e+00
     138236   5759.792      3.786      3.818    16.1161    16.1161  40.144150  40.145006    16.1155    16.1155    31.5749    31.5757    23.0889    23.0895     8.9290     9.1150    272.738    278.418     2.7924     2.6777     0.0684     0.6844     3.2723     0.6960     0.0000 -125.05692   47.11440      99.80         22  0.000e+00
     138237   5759.833      3.786      3.818    16.1161    16.1159  40.144283  40.145537    16.1155    16.1153    31.5750    31.5763    23.0890    23.0900     8.9337     9.1150    272.882    278.418     2.7937     2.6777     0.0684     0.6844     3.2711     0.6960     0.0000 -125.05692   47.11440      99.80         22  0.000e+00
     138238   5759.875      3.832      3.864    16.1161    16.1164  40.144416  40.145470    16.1155    16.1158    31.5751    31.5758    23.0891    23.0895     8.9338     9.1149    272.884    278.418     2.7937     2.6777     0.0684     0.6844     3.2723     0.6960     0.0000 -125.05692   47.11440      99.80         22  0.000e+00
     138239   5759.917      3.832      3.864    16.1164    16.1166  40.144483  40.145603    16.1158    16.1160    31.5749    31.5758    23.0888    23.0895     8.9337     9.1149    272.882    278.416     2.7937     2.6777     0.0684     0.6844     3.2711     0.6960     0.0000 -125.05692   47.11440      99.80         22  0.000e+00
     138240   5759.958      3.852      3.884    16.1161    16.1168  40.144416  40.145736    16.1155    16.1162    31.5752    31.5757    23.0891    23.0894     8.9338     9.1149    272.885    278.416     2.7937     2.6777     0.0684     0.6844     3.2711     0.6960     0.0000 -125.05692   47.11440      99.83         22  0.000e+00
     138241   5760.000      3.832      3.864    16.1164    16.1168  40.144615  40.145470    16.1158    16.1162    31.5750    31.5755    23.0889    23.0892     8.9290     9.1149    272.738    278.416     2.7924     2.6777     0.0684     0.6844     3.2711     0.6960     0.0000 -125.05692   47.11440      99.80         22  0.000e+00
     138242   5760.042      3.879      3.911    16.1164    16.1168  40.144549  40.145537    16.1158    16.1162    31.5750    31.5756    23.0889    23.0893     8.9338     9.1201    272.884    278.574     2.7937     2.6789     0.0684     0.6844     3.2723     0.6960     0.0000 -125.05692   47.11440      99.83         22  0.000e+00
     138243   5760.083      3.879      3.911    16.1164    16.1164  40.144416  40.144873    16.1158    16.1158    31.5748    31.5752    23.0888    23.0891     8.9338     9.1150    272.884    278.420     2.7937     2.6777     0.0684     0.6844     3.2711     0.6960     0.0000 -125.05692   47.11440      99.80         22  0.000e+00
     138244   5760.125      3.931      3.964    16.1166    16.1163  40.144616  40.144674    16.1160    16.1156    31.5749    31.5752    23.0888    23.0891     8.9338     9.1151    272.885    278.423     2.7937     2.6777     0.0684     0.6844     3.2723     0.6960     0.0000 -125.05692   47.11440      99.80         22  0.000e+00
     138245   5760.167      3.932      3.964    16.1166    16.1163  40.144749  40.144674    16.1160    16.1156    31.5750    31.5752    23.0889    23.0891     8.9338     9.1151    272.885    278.423     2.7937     2.6777     0.0684     0.6844     3.2711     0.6960     0.0000 -125.05692   47.11440      99.80         22  0.000e+00
     138246   5760.208      3.932      3.965    16.1166    16.1159  40.144815  40.144144    16.1160    16.1153    31.5750    31.5750    23.0889    23.0890     8.9291     9.1152    272.740    278.426     2.7924     2.6777     0.0684     0.6844     3.2723     0.6960     0.0000 -125.05692   47.11440      99.83         22  0.000e+00
     138247   5760.250      3.932      3.965    16.1166    16.1155  40.144749  40.144210    16.1160    16.1149    31.5750    31.5754    23.0889    23.0894     8.9291     9.1204    272.740    278.583     2.7924     2.6789     0.0684     0.6844     3.2711     0.6960     0.0000 -125.05692   47.11440      99.80         22  0.000e+00
     138298   5762.375      3.734      3.765    16.1157    16.1159  40.143486  40.144740    16.1151    16.1153    31.5746    31.5756    23.0888    23.0895     8.9290     9.1252    272.739    278.730     2.7924     2.6801     0.0684     0.6844     3.2723     0.6960     0.0000 -125.05692   47.11440      99.80         23  0.000e+00
     138299   5762.417      3.787      3.818    16.1154    16.1159  40.143354  40.144939    16.1148    16.1153    31.5747    31.5758    23.0889    23.0896     8.9291     9.1252    272.742    278.732     2.7924     2.6801     0.0684     0.6844     3.2711     0.6960     0.0000 -125.05692   47.11440      99.83         23  0.000e+00
     138300   5762.458      3.787      3.818    16.1156    16.1161  40.143553  40.145271    16.1150    16.1155    31.5748    31.5759    23.0889    23.0897     8.9291     9.1252    272.741    278.730     2.7924     2.6801     0.0684     0.6844     3.2723     0.6960     0.0000 -125.05692   47.11440      99.83         23  0.000e+00
     138301   5762.500      3.787      3.818    16.1153    16.1163  40.143287  40.145138    16.1147    16.1157    31.5748    31.5756    23.0890    23.0894     8.9244     9.1252    272.598    278.730     2.7912     2.6801     0.0684     0.6844     3.2711     0.6960     0.0000 -125.05692   47.11440      99.80         23  0.000e+00
     138302   5762.542      3.787      3.818    16.1154    16.1166  40.143553  40.145205    16.1148    16.1160    31.5749    31.5754    23.0891    23.0892     8.9244     9.1251    272.597    278.728     2.7912     2.6801     0.0696     0.7149     3.2698     0.6960     0.0000 -125.05692   47.11440      96.41         23  0.000e+00
     138303   5762.583      3.707      3.738    16.1154    16.1164  40.143420  40.145072    16.1149    16.1158    31.5748    31.5755    23.0890    23.0893     8.9243     9.1251    272.595    278.726     2.7912     2.6801     0.0696     0.7149     3.2723     0.6960     0.0000 -125.05692   47.11440      72.55         23  0.000e+00
     138304   5762.625      3.787      3.818    16.1154    16.1166  40.143088  40.145072    16.1148    16.1160    31.5745    31.5753    23.0887    23.0891     8.9244     9.1251    272.598    278.728     2.7912     2.6801     0.0696     0.7149     3.2698     0.6960     0.0000 -125.05692   47.11440      61.66         23  0.000e+00
     138305   5762.667      3.734      3.765    16.1152    16.1166  40.143353  40.145072    16.1146    16.1160    31.5749    31.5753    23.0891    23.0891     8.9244     9.1251    272.597    278.727     2.7912     2.6801     0.0684     0.6844     3.2698     0.6960     0.0000 -125.05692   47.11440      61.22         23  0.000e+00
     138306   5762.708      3.734      3.765    16.1153    16.1164  40.143353  40.144740    16.1147    16.1158    31.5749    31.5752    23.0891    23.0891     8.9244     9.1200    272.596    278.572     2.7912     2.6789     0.0696     0.7149     3.2711     0.6960     0.0000 -125.05692   47.11440      62.47         23  0.000e+00
     138307   5762.750      3.787      3.818    16.1153    16.1163  40.143088  40.144939    16.1147    16.1157    31.5746    31.5755    23.0889    23.0893     8.9244     9.1252    272.599    278.730     2.7912     2.6801     0.0684     0.6844     3.2698     0.6960     0.0000 -125.05692   47.11440      62.91         23  0.000e+00
     138308   5762.792      3.734      3.765    16.1152    16.1164  40.143353  40.145072    16.1146    16.1158    31.5749    31.5755    23.0891    23.0893     8.9244     9.1200    272.597    278.571     2.7912     2.6789     0.0696     0.7149     3.2698     0.6960     0.0000 -125.05690   47.11440      70.92         23  0.000e+00
     138309   5762.833      3.734      3.765    16.1151    16.1163  40.143353  40.144873    16.1145    16.1157    31.5750    31.5754    23.0892    23.0893     8.9244     9.1200    272.597    278.572     2.7912     2.6789     0.0696     0.7149     3.2698     0.6960     0.0000 -125.05690   47.11440      93.77         23  0.000e+00
     138310   5762.875      3.734      3.765    16.1151    16.1163  40.143088  40.144674    16.1145    16.1157    31.5748    31.5753    23.0890    23.0891     8.9244     9.1200    272.597    278.572     2.7912     2.6789     0.0696     0.7149     3.2723     0.6960     0.0000 -125.05690   47.11440     100.00         23  0.000e+00
     138311   5762.917      3.787      3.818    16.1153    16.1161  40.143221  40.144939    16.1147    16.1155    31.5748    31.5756    23.0890    23.0894     8.9244     9.1252    272.598    278.731     2.7912     2.6801     0.0696     0.7149     3.2711     0.6960     0.0000 -125.05690   47.11440     100.00         23  0.000e+00
     138312   5762.958      3.734      3.765    16.1152    16.1163  40.143420  40.145072    16.1146    16.1157    31.5750    31.5756    23.0892    23.0894     8.9244     9.1200    272.596    278.572     2.7912     2.6789     0.0696     0.7149     3.2723     0.6960     0.0000 -125.05690   47.11440      99.71         23  0.000e+00
     138313   5763.000      3.734      3.765    16.1154    16.1163  40.143353  40.145072    16.1148    16.1157    31.5748    31.5756    23.0889    23.0894     8.9291     9.1200    272.740    278.572     2.7924     2.6789     0.0696     0.7149     3.2711     0.6960     0.0000 -125.05690   47.11440      99.80         23  0.000e+00
     138314   5763.042      3.734      3.765    16.1153    16.1163  40.143553  40.145072    16.1147    16.1157    31.5751    31.5756    23.0892    23.0894     8.9291     9.1251    272.740    278.728     2.7924     2.6801     0.0696     0.7149     3.2711     0.6960     0.0000 -125.05690   47.11440      99.83         23  0.000e+00
     138315   5763.083      3.734      3.765    16.1151    16.1161  40.143752  40.144873    16.1145    16.1155    31.5754    31.5756    23.0895    23.0894     8.9291     9.1251    272.741    278.729     2.7924     2.6801     0.0684     0.6844     3.2711     0.6960     0.0000 -125.05690   47.11440      99.80         23  0.000e+00
     138316   5763.125      3.787      3.819    16.1153    16.1163  40.143420  40.145271    16.1147    16.1157    31.5749    31.5758    23.0891    23.0895     8.9244     9.1200    272.598    278.573     2.7912     2.6789     0.0696     0.7149     3.2711     0.6960     0.0000 -125.05690   47.11440      99.80         23  0.000e+00
     138317   5763.167      3.734      3.765    16.1153    16.1163  40.143088  40.145404    16.1147    16.1157    31.5747    31.5759    23.0889    23.0896     8.9291     9.1200    272.741    278.571     2.7924     2.6789     0.0696     0.7149     3.2723     0.6960     0.0000 -125.05690   47.11440      99.83         23  0.000e+00
     138318   5763.208      3.787      3.819    16.1152    16.1161  40.143221  40.145138    16.1146    16.1155    31.5748    31.5758    23.0890    23.0896     8.9292     9.1252    272.743    278.731     2.7924     2.6801     0.0696     0.7149     3.2711     0.6960     0.0000 -125.05690   47.11440      99.83         23  0.000e+00
     138319   5763.250      3.787      3.819    16.1153    16.1164  40.143420  40.145072    16.1147    16.1158    31.5749    31.5755    23.0891    23.0892     8.9292     9.1200    272.743    278.573     2.7924     2.6789     0.0696     0.7149     3.2711     0.6960     0.0000 -125.05690   47.11440      99.83         23  0.000e+00
     138320   5763.292      3.734      3.765    16.1153    16.1161  40.143353  40.144740    16.1147    16.1155    31.5749    31.5755    23.0891    23.0893     8.9291     9.1200    272.741    278.573     2.7924     2.6789     0.0696     0.7149     3.2711     0.6960     0.0000 -125.05690   47.11440      99.80         23  0.000e+00
     138321   5763.333      3.787      3.819    16.1151    16.1163  40.143354  40.144674    16.1145    16.1157    31.5750    31.5752    23.0892    23.0891     8.9292     9.1201    272.743    278.574     2.7924     2.6789     0.0684     0.6844     3.2723     0.6960     0.0000 -125.05690   47.11440      99.83         23  0.000e+00
     138322   5763.375      3.787      3.819    16.1152    16.1164  40.143420  40.145338    16.1146    16.1158    31.5750    31.5757    23.0891    23.0894     8.9292     9.1200    272.743    278.572     2.7924     2.6789     0.0696     0.7149     3.2711     0.6960     0.0000 -125.05690   47.11440      99.80         23  0.000e+00
     138323   5763.417      3.787      3.819    16.1151    16.1164  40.143088  40.145205    16.1145    16.1158    31.5748    31.5756    23.0890    23.0893     8.9292     9.1200    272.744    278.573     2.7924     2.6789     0.0696     0.7149     3.2723     0.6960     0.0000 -125.05690   47.11440      99.80         23  0.000e+00
     138324   5763.458      3.787      3.819    16.1148    16.1164  40.143022  40.145072    16.1142    16.1158    31.5750    31.5755    23.0893    23.0892     8.9292     9.1200    272.745    278.573     2.7924     2.6789     0.0696     0.7149     3.2723     0.6960     0.0000 -125.05690   47.11440      99.83         23  0.000e+00
     138325   5763.500      3.787      3.819    16.1149    16.1164  40.143022  40.145072    16.1143    16.1158    31.5749    31.5755    23.0892    23.0892     8.9292     9.1200    272.745    278.573     2.7924     2.6789     0.0696     0.7149     3.2723     0.6960     0.0000 -125.05690   47.11440      99.83         23  0.000e+00
     138326   5763.542      3.880      3.912    16.1151    16.1166  40.143354  40.145072    16.1145    16.1160    31.5750    31.5753    23.0892    23.0891     8.9293     9.1201    272.747    278.575     2.7924     2.6789     0.0696     0.7149     3.2723     0.6960     0.0000 -125.05690   47.11440      99.80         23  0.000e+00
     138327   5763.583      3.754      3.785    16.1149    16.1164  40.143088  40.145072    16.1143    16.1158    31.5749    31.5755    23.0892    23.0893     8.9292     9.1200    272.743    278.572     2.7924     2.6789     0.0696     0.7149     3.2711     0.6960     0.0000 -125.05690   47.11440      99.83         23  0.000e+00
     138328   5763.625      3.833      3.865    16.1146    16.1163  40.143221  40.145271    16.1140    16.1157    31.5753    31.5757    23.0896    23.0895     8.9293     9.1201    272.747    278.575     2.7924     2.6789     0.0696     0.7149     3.2723     0.6960     0.0000 -125.05690   47.11440      99.83         23  0.000e+00
     138329   5763.667      3.833      3.865    16.1149    16.1166  40.143155  40.145006    16.1143    16.1160    31.5749    31.5753    23.0892    23.0891     8.9293     9.1201    272.746    278.574     2.7924     2.6789     0.0696     0.7149     3.2711     0.6960     0.0000 -125.05690   47.11440      99.80         23  0.000e+00
     138330   5763.708      3.880      3.912    16.1146    16.1163  40.143553  40.145006    16.1140    16.1157    31.5755    31.5755    23.0897    23.0893     8.9246     9.1202    272.604    278.577     2.7912     2.6789     0.0696     0.7149     3.2711     0.6960     0.0000 -125.05690   47.11440      99.80         23  0.000e+00
