West Coast/WCOA-7/CTD_Data/RB2102_CTD_130_01.ros
* Sea-Bird SBE 9 Data File:
* FileName = C:\Users\scs.user.rb\CTD\RB2102\Data\RB2102_CTD_130_01.hex
* Software Version Seasave V 7.26.7.107
* Temperature SN = 6202
* Conductivity SN = 4907
* Number of Bytes Per Scan = 41
* Number of Voltage Words = 4
* Number of Scans Averaged by the Deck Unit = 1
* NMEA Latitude = 32 39.05 N
* NMEA Longitude = 119 28.96 W
* NMEA UTC (Time) = Jul 22 2021  01:30:53
* NMEA baud rate = 4800
# nquan = 30
# nvalues = 1127                                  
# units = specified
# name 0 = scan: Scan Count
# name 1 = timeS: Time, Elapsed [seconds]
# name 2 = depSM: Depth [salt water, m]
# name 3 = prDM: Pressure, Digiquartz [db]
# name 4 = t090C: Temperature [ITS-90, deg C]
# name 5 = t190C: Temperature, 2 [ITS-90, deg C]
# name 6 = c0mS/cm: Conductivity [mS/cm]
# name 7 = c1mS/cm: Conductivity, 2 [mS/cm]
# name 8 = potemp090C: Potential Temperature [ITS-90, deg C]
# name 9 = potemp190C: Potential Temperature, 2 [ITS-90, deg C]
# name 10 = sal00: Salinity, Practical [PSU]
# name 11 = sal11: Salinity, Practical, 2 [PSU]
# name 12 = sigma-é00: Density [sigma-theta, kg/m^3]
# name 13 = sigma-é11: Density, 2 [sigma-theta, kg/m^3]
# name 14 = sbeox0Mg/L: Oxygen, SBE 43 [mg/l]
# name 15 = sbeox1Mg/L: Oxygen, SBE 43, 2 [mg/l]
# name 16 = sbox0Mm/Kg: Oxygen, SBE 43 [umol/kg]
# name 17 = sbox1Mm/Kg: Oxygen, SBE 43, 2 [umol/kg]
# name 18 = sbeox0V: Oxygen raw, SBE 43 [V]
# name 19 = sbeox1V: Oxygen raw, SBE 43, 2 [V]
# name 20 = v4: Voltage 4
# name 21 = flECO-AFL: Fluorescence, WET Labs ECO-AFL/FL [mg/m^3]
# name 22 = v3: Voltage 3
# name 23 = v6: Voltage 6
# name 24 = v7: Voltage 7
# name 25 = longitude: Longitude [deg]
# name 26 = latitude: Latitude [deg]
# name 27 = altM: Altimeter [m]
# name 28 = nbf: Bottles Fired
# name 29 = flag:  0.000e+00
# interval = seconds: 0.0416667
# start_time = Jul 22 2021 01:30:53 [NMEA time, header]
# bad_flag = -9.990e-29
*END*
[from data line 822]
     115679   4819.917     40.389     40.679    13.8030    13.7969  40.138684  40.135163    13.7973    13.7912    33.4826    33.4847    25.0565    25.0594     8.0739     7.5072    246.146    228.869     2.4896     2.2198     0.1087     1.6917     3.1294     0.0012     0.0000 -119.48314   32.65042      99.56         17  0.000e+00
     115680   4819.958     40.290     40.579    13.8029    13.7967  40.139148  40.135561    13.7972    13.7910    33.4832    33.4852    25.0570    25.0598     8.0738     7.5018    246.143    228.704     2.4896     2.2186     0.1087     1.6917     3.1294     0.0012     0.0000 -119.48314   32.65042      99.56         17  0.000e+00
     115681   4820.000     40.290     40.579    13.8032    13.7969  40.139015  40.135760    13.7975    13.7913    33.4828    33.4852    25.0566    25.0598     8.0738     7.5071    246.142    228.865     2.4896     2.2198     0.1087     1.6917     3.1294     0.0012     0.0000 -119.48314   32.65042      99.56         17  0.000e+00
     115682   4820.042     40.290     40.579    13.8029    13.7967  40.138883  40.135760    13.7972    13.7910    33.4830    33.4854    25.0568    25.0600     8.0738     7.5071    246.143    228.866     2.4896     2.2198     0.1087     1.6917     3.1282     0.0012     0.0000 -119.48314   32.65042      99.56         17  0.000e+00
     115683   4820.083     40.290     40.579    13.8027    13.7971  40.138683  40.135826    13.7970    13.7914    33.4829    33.4852    25.0568    25.0597     8.0739     7.5071    246.144    228.865     2.4896     2.2198     0.1087     1.6917     3.1282     0.0012     0.0000 -119.48314   32.65042      99.56         17  0.000e+00
     115684   4820.125     40.244     40.532    13.8027    13.7971  40.139082  40.136025    13.7970    13.7914    33.4833    33.4854    25.0571    25.0599     8.0738     7.5070    246.142    228.863     2.4896     2.2198     0.1087     1.6917     3.1282     0.0012     0.0000 -119.48314   32.65042      99.54         17  0.000e+00
     115685   4820.167     40.244     40.532    13.8029    13.7974  40.139281  40.135561    13.7972    13.7917    33.4834    33.4847    25.0571    25.0593     8.0688     7.5017    245.991    228.700     2.4884     2.2186     0.1087     1.6917     3.1282     0.0012     0.0000 -119.48314   32.65042      99.54         17  0.000e+00
     115686   4820.208     40.244     40.532    13.8035    13.7974  40.139480  40.135627    13.7978    13.7917    33.4830    33.4847    25.0567    25.0593     8.0687     7.5070    245.988    228.863     2.4884     2.2198     0.1087     1.6917     3.1282     0.0012     0.0000 -119.48314   32.65042      99.54         17  0.000e+00
     115687   4820.250     40.244     40.532    13.8039    13.7974  40.139679  40.135959    13.7982    13.7917    33.4829    33.4851    25.0565    25.0596     8.0736     7.5070    246.137    228.862     2.4896     2.2198     0.1087     1.6917     3.1294     0.0012     0.0000 -119.48314   32.65042      99.54         17  0.000e+00
     115688   4820.292     40.197     40.485    13.8042    13.7976  40.139878  40.136290    13.7985    13.7919    33.4828    33.4852    25.0564    25.0596     8.0735     7.5016    246.134    228.697     2.4896     2.2186     0.1087     1.6917     3.1282     0.0012     0.0000 -119.48314   32.65042      99.54         17  0.000e+00
     115689   4820.333     40.197     40.485    13.8046    13.7977  40.140144  40.136025    13.7989    13.7921    33.4827    33.4848    25.0563    25.0593     8.0685     7.5016    245.982    228.697     2.4884     2.2186     0.1087     1.6917     3.1294     0.0012     0.0000 -119.48314   32.65042      99.54         17  0.000e+00
     118292   4928.792     30.895     31.116    14.6378    14.6383  40.960519  40.962668    14.6332    14.6337    33.5196    33.5211    24.9097    24.9108     8.3397     7.7697    254.284    236.906     2.5946     2.3150     0.0952     1.3560     3.1258     0.0024     0.0159 -119.48318   32.65040      99.63         18  0.000e+00
     118293   4928.833     30.942     31.163    14.6379    14.6385  40.960720  40.962133    14.6334    14.6339    33.5196    33.5204    24.9097    24.9102     8.3397     7.7645    254.284    236.748     2.5946     2.3138     0.0952     1.3560     3.1270     0.0024     0.0159 -119.48318   32.65040      99.66         18  0.000e+00
     118294   4928.875     30.902     31.123    14.6386    14.6386  40.960720  40.962200    14.6340    14.6341    33.5190    33.5203    24.9092    24.9101     8.3395     7.7697    254.281    236.905     2.5946     2.3150     0.0977     1.4170     3.1270     0.0012     0.0147 -119.48318   32.65040      99.63         18  0.000e+00
     118295   4928.917     30.896     31.116    14.6384    14.6389  40.960184  40.963137    14.6338    14.6344    33.5187    33.5209    24.9089    24.9105     8.3396     7.7696    254.282    236.903     2.5946     2.3150     0.0989     1.4475     3.1258     0.0012     0.0147 -119.48318   32.65040      99.63         18  0.000e+00
     118296   4928.958     30.849     31.070    14.6376    14.6388  40.959716  40.964207    14.6330    14.6343    33.5190    33.5220    24.9093    24.9114     8.3397     7.7643    254.284    236.740     2.5946     2.3138     0.0989     1.4475     3.1282     0.0012     0.0147 -119.48318   32.65040      99.63         18  0.000e+00
     118297   4929.000     30.942     31.163    14.6366    14.6395  40.958846  40.964676    14.6320    14.6349    33.5190    33.5218    24.9096    24.9111     8.3399     7.7643    254.292    236.740     2.5946     2.3138     0.0989     1.4475     3.1282     0.0012     0.0159 -119.48318   32.65040      99.63         18  0.000e+00
     118298   4929.042     30.902     31.123    14.6357    14.6398  40.958645  40.964542    14.6312    14.6353    33.5196    33.5215    24.9102    24.9108     8.3448     7.7695    254.442    236.898     2.5958     2.3150     0.0989     1.4475     3.1270     0.0012     0.0159 -119.48318   32.65040      99.66         18  0.000e+00
     118299   4929.083     30.849     31.070    14.6352    14.6398  40.957842  40.964676    14.6307    14.6353    33.5193    33.5216    24.9101    24.9109     8.3449     7.7642    254.443    236.736     2.5958     2.3138     0.0989     1.4475     3.1258     0.0012     0.0159 -119.48318   32.65040      99.63         18  0.000e+00
     118300   4929.125     30.896     31.116    14.6349    14.6400  40.957239  40.964810    14.6303    14.6354    33.5190    33.5216    24.9099    24.9108     8.3402     7.7642    254.299    236.737     2.5946     2.3138     0.0989     1.4475     3.1270     0.0012     0.0159 -119.48318   32.65040      99.66         18  0.000e+00
     118301   4929.167     30.896     31.116    14.6347    14.6406  40.956905  40.965612    14.6302    14.6361    33.5189    33.5217    24.9099    24.9108     8.3402     7.7641    254.300    236.733     2.5946     2.3138     0.0989     1.4475     3.1270     0.0012     0.0159 -119.48318   32.65040      99.66         18  0.000e+00
     118302   4929.208     30.902     31.123    14.6342    14.6412  40.957038  40.966683    14.6297    14.6366    33.5194    33.5222    24.9104    24.9111     8.3403     7.7640    254.302    236.730     2.5946     2.3138     0.0989     1.4475     3.1270     0.0012     0.0159 -119.48318   32.65040      99.66         18  0.000e+00
     118303   4929.250     30.896     31.116    14.6344    14.6417  40.957440  40.967151    14.6298    14.6372    33.5197    33.5222    24.9105    24.9109     8.3451     7.7639    254.448    236.727     2.5958     2.3138     0.0989     1.4475     3.1258     0.0012     0.0159 -119.48318   32.65040      99.63         18  0.000e+00
     118304   4929.292     30.849     31.070    14.6342    14.6421  40.957574  40.967820    14.6297    14.6376    33.5199    33.5225    24.9108    24.9110     8.3402     7.7637    254.300    236.723     2.5946     2.3138     0.0989     1.4475     3.1258     0.0012     0.0159 -119.48318   32.65040      99.66         18  0.000e+00
     118305   4929.333     30.849     31.070    14.6347    14.6418  40.957239  40.968021    14.6302    14.6373    33.5192    33.5229    24.9101    24.9114     8.3401     7.7638    254.298    236.724     2.5946     2.3138     0.0989     1.4475     3.1270     0.0012     0.0159 -119.48318   32.65040      99.66         18  0.000e+00
     118306   4929.375     30.849     31.070    14.6349    14.6422  40.957975  40.968824    14.6304    14.6376    33.5197    33.5233    24.9105    24.9117     8.3401     7.7637    254.297    236.721     2.5946     2.3138     0.0989     1.4475     3.1270     0.0012     0.0159 -119.48318   32.65040      99.66         18  0.000e+00
     118307   4929.417     30.849     31.070    14.6352    14.6434  40.958779  40.969560    14.6307    14.6388    33.5202    33.5230    24.9108    24.9112     8.3400     7.7635    254.294    236.716     2.5946     2.3138     0.0989     1.4475     3.1258     0.0012     0.0159 -119.48318   32.65040      99.66         18  0.000e+00
     118308   4929.458     30.849     31.070    14.6354    14.6441  40.958712  40.969961    14.6308    14.6395    33.5200    33.5228    24.9106    24.9109     8.3400     7.7634    254.294    236.713     2.5946     2.3138     0.0989     1.4475     3.1270     0.0012     0.0159 -119.48318   32.65040      99.66         18  0.000e+00
     118309   4929.500     30.796     31.016    14.6360    14.6445  40.959113  40.970630    14.6315    14.6400    33.5198    33.5230    24.9103    24.9109     8.3398     7.7633    254.289    236.709     2.5946     2.3138     0.0989     1.4475     3.1270     0.0012     0.0159 -119.48318   32.65040      99.63         18  0.000e+00
     118310   4929.542     30.803     31.023    14.6366    14.6460  40.959515  40.971366    14.6320    14.6414    33.5197    33.5224    24.9101    24.9102     8.3398     7.7631    254.287    236.702     2.5946     2.3138     0.0989     1.4475     3.1270     0.0012     0.0159 -119.48318   32.65040      99.66         18  0.000e+00
     118311   4929.583     30.849     31.070    14.6372    14.6476  40.960184  40.974445    14.6327    14.6431    33.5197    33.5238    24.9100    24.9109     8.3397     7.7575    254.285    236.533     2.5946     2.3126     0.0989     1.4475     3.1270     0.0012     0.0159 -119.48318   32.65040      99.63         18  0.000e+00
     118312   4929.625     30.796     31.016    14.6378    14.6515  40.961389  40.977522    14.6332    14.6469    33.5204    33.5233    24.9104    24.9097     8.3395     7.7569    254.279    236.514     2.5946     2.3126     0.0989     1.4475     3.1270     0.0012     0.0159 -119.48318   32.65040      99.63         18  0.000e+00
     118313   4929.667     30.750     30.970    14.6392    14.6546  40.963598  40.979061    14.6347    14.6500    33.5211    33.5220    24.9106    24.9081     8.3392     7.7563    254.268    236.499     2.5946     2.3126     0.0989     1.4475     3.1270     0.0012     0.0159 -119.48318   32.65040      99.66         18  0.000e+00
     118314   4929.708     30.803     31.023    14.6411    14.6545  40.965339  40.980400    14.6366    14.6499    33.5211    33.5233    24.9102    24.9091     8.3341     7.7564    254.113    236.498     2.5934     2.3126     0.0989     1.4475     3.1270     0.0012     0.0159 -119.48318   32.65040      99.66         18  0.000e+00
     118315   4929.750     30.750     30.970    14.6423    14.6549  40.965941  40.982608    14.6377    14.6504    33.5207    33.5250    24.9096    24.9103     8.3338     7.7561    254.106    236.492     2.5934     2.3126     0.0989     1.4475     3.1270     0.0012     0.0159 -119.48318   32.65040      99.66         18  0.000e+00
     118316   4929.792     30.750     30.970    14.6426    14.6566  40.965807  40.983746    14.6381    14.6521    33.5203    33.5245    24.9092    24.9095     8.3338     7.7559    254.105    236.484     2.5934     2.3126     0.0989     1.4475     3.1258     0.0012     0.0159 -119.48318   32.65040      99.63         18  0.000e+00
     118317   4929.833     30.750     30.970    14.6424    14.6551  40.964602  40.982809    14.6379    14.6506    33.5193    33.5250    24.9085    24.9102     8.3339     7.7561    254.108    236.491     2.5934     2.3126     0.0989     1.4475     3.1270     0.0024     0.0159 -119.48318   32.65040      99.66         18  0.000e+00
     118318   4929.875     30.757     30.976    14.6418    14.6519  40.964267  40.981404    14.6372    14.6474    33.5196    33.5265    24.9089    24.9121     8.3340     7.7566    254.111    236.505     2.5934     2.3126     0.0989     1.4475     3.1270     0.0012     0.0159 -119.48318   32.65040      99.66         18  0.000e+00
     118319   4929.917     30.704     30.923    14.6414    14.6503  40.964267  40.979195    14.6369    14.6458    33.5199    33.5259    24.9092    24.9119     8.3340     7.7516    254.111    236.353     2.5934     2.3114     0.0989     1.4475     3.1270     0.0012     0.0159 -119.48318   32.65040      99.63         18  0.000e+00
     118320   4929.958     30.704     30.923    14.6410    14.6489  40.963464  40.977255    14.6364    14.6444    33.5196    33.5253    24.9091    24.9118     8.3341     7.7519    254.114    236.361     2.5934     2.3114     0.1038     1.5696     3.1258     0.0012     0.0159 -119.48318   32.65040      99.66         18  0.000e+00
     118321   4930.000     30.704     30.923    14.6409    14.6478  40.963464  40.976050    14.6363    14.6433    33.5196    33.5251    24.9091    24.9119     8.3341     7.7520    254.114    236.366     2.5934     2.3114     0.1050     1.6002     3.1270     0.0012     0.0159 -119.48318   32.65040      99.66         18  0.000e+00
     118322   4930.042     30.704     30.923    14.6404    14.6483  40.963598  40.975983    14.6359    14.6437    33.5201    33.5247    24.9096    24.9115     8.3341     7.7520    254.115    236.365     2.5934     2.3114     0.1050     1.6002     3.1270     0.0012     0.0159 -119.48318   32.65040      99.63         18  0.000e+00
     118323   4930.083     30.651     30.870    14.6406    14.6493  40.962794  40.975916    14.6361    14.6448    33.5193    33.5237    24.9089    24.9105     8.3341     7.7518    254.114    236.359     2.5934     2.3114     0.1050     1.6002     3.1270     0.0012     0.0159 -119.48318   32.65040      99.66         18  0.000e+00
     118324   4930.125     30.651     30.870    14.6408    14.6497  40.963531  40.975782    14.6363    14.6452    33.5198    33.5233    24.9093    24.9101     8.3292     7.7518    253.965    236.358     2.5922     2.3114     0.1050     1.6002     3.1258     0.0012     0.0159 -119.48318   32.65040      99.63         18  0.000e+00
     118325   4930.167     30.651     30.870    14.6410    14.6498  40.964133  40.975983    14.6364    14.6452    33.5202    33.5234    24.9095    24.9101     8.3292     7.7517    253.964    236.358     2.5922     2.3114     0.1050     1.6002     3.1270     0.0012     0.0159 -119.48318   32.65040      99.66         18  0.000e+00
     118326   4930.208     30.604     30.823    14.6414    14.6507  40.965070  40.977923    14.6369    14.6462    33.5207    33.5244    24.9098    24.9107     8.3290     7.7515    253.959    236.350     2.5922     2.3114     0.1050     1.6002     3.1270     0.0012     0.0159 -119.48318   32.65040      99.66         18  0.000e+00
     118327   4930.250     30.604     30.823    14.6430    14.6530  40.966945  40.980734    14.6384    14.6485    33.5211    33.5250    24.9098    24.9107     8.3287     7.7511    253.950    236.338     2.5922     2.3114     0.1050     1.6002     3.1270     0.0012     0.0159 -119.48318   32.65040      99.66         18  0.000e+00
     118328   4930.292     30.651     30.870    14.6455    14.6561  40.969087  40.983812    14.6410    14.6516    33.5208    33.5251    24.9091    24.9101     8.3283     7.7506    253.939    236.323     2.5922     2.3114     0.1050     1.6002     3.1270     0.0012     0.0159 -119.48318   32.65040      99.66         18  0.000e+00
