West Coast/WCOA-7/CTD_Data/RB2102_CTD_042_01.ros
* Sea-Bird SBE 9 Data File:
* FileName = C:\Users\scs.user.rb\CTD\RB2102\Data\RB2102_CTD_042_01.hex
* Software Version Seasave V 7.26.7.107
* Temperature SN = 6202
* Conductivity SN = 4907
* Number of Bytes Per Scan = 41
* Number of Voltage Words = 4
* Number of Scans Averaged by the Deck Unit = 1
* NMEA Latitude = 47 07.09 N
* NMEA Longitude = 124 22.94 W
* NMEA UTC (Time) = Jul 02 2021  19:23:10
* NMEA baud rate = 4800
# nquan = 30
# nvalues = 532                                   
# units = specified
# name 0 = scan: Scan Count
# name 1 = timeS: Time, Elapsed [seconds]
# name 2 = depSM: Depth [salt water, m]
# name 3 = prDM: Pressure, Digiquartz [db]
# name 4 = t090C: Temperature [ITS-90, deg C]
# name 5 = t190C: Temperature, 2 [ITS-90, deg C]
# name 6 = c0mS/cm: Conductivity [mS/cm]
# name 7 = c1mS/cm: Conductivity, 2 [mS/cm]
# name 8 = potemp090C: Potential Temperature [ITS-90, deg C]
# name 9 = potemp190C: Potential Temperature, 2 [ITS-90, deg C]
# name 10 = sal00: Salinity, Practical [PSU]
# name 11 = sal11: Salinity, Practical, 2 [PSU]
# name 12 = sigma-é00: Density [sigma-theta, kg/m^3]
# name 13 = sigma-é11: Density, 2 [sigma-theta, kg/m^3]
# name 14 = sbeox0Mg/L: Oxygen, SBE 43 [mg/l]
# name 15 = sbeox1Mg/L: Oxygen, SBE 43, 2 [mg/l]
# name 16 = sbox0Mm/Kg: Oxygen, SBE 43 [umol/kg]
# name 17 = sbox1Mm/Kg: Oxygen, SBE 43, 2 [umol/kg]
# name 18 = sbeox0V: Oxygen raw, SBE 43 [V]
# name 19 = sbeox1V: Oxygen raw, SBE 43, 2 [V]
# name 20 = v4: Voltage 4
# name 21 = flECO-AFL: Fluorescence, WET Labs ECO-AFL/FL [mg/m^3]
# name 22 = v3: Voltage 3
# name 23 = v6: Voltage 6
# name 24 = v7: Voltage 7
# name 25 = longitude: Longitude [deg]
# name 26 = latitude: Latitude [deg]
# name 27 = altM: Altimeter [m]
# name 28 = nbf: Bottles Fired
# name 29 = flag:  0.000e+00
# interval = seconds: 0.0416667
# start_time = Jul 02 2021 19:23:10 [NMEA time, header]
# bad_flag = -9.990e-29
*END*
[from data line 291]
      23870    994.542     14.365     14.485    14.0002    13.8980  38.378895  38.308715    13.9982    13.8960    31.6976    31.7173    23.6368    23.6728     8.3210     8.5475    254.030    260.936     2.5433     2.4469     0.0965     1.3865     3.2173     0.8962     0.0000 -124.38160   47.11778      35.80          7  0.000e+00
      23871    994.583     14.371     14.492    14.0031    13.8963  38.380394  38.308585    14.0011    13.8943    31.6966    31.7185    23.6354    23.6741     8.3156     8.5477    253.866    260.943     2.5421     2.4469     0.0977     1.4170     3.2173     0.8962     0.0000 -124.38160   47.11778      35.80          7  0.000e+00
      23872    994.625     14.365     14.485    14.0061    13.8957  38.382090  38.308650    14.0041    13.8937    31.6957    31.7191    23.6341    23.6747     8.3151     8.5478    253.851    260.946     2.5421     2.4469     0.0977     1.4170     3.2173     0.8962     0.0000 -124.38160   47.11778      35.85          7  0.000e+00
      23873    994.667     14.312     14.432    14.0081    13.8952  38.383785  38.308911    14.0061    13.8932    31.6956    31.7198    23.6336    23.6753     8.3147     8.5478    253.839    260.946     2.5421     2.4469     0.0977     1.4170     3.2173     0.8962     0.0000 -124.38160   47.11778      35.90          7  0.000e+00
      23874    994.708     14.371     14.492    14.0101    13.8948  38.384242  38.309041    14.0081    13.8928    31.6944    31.7202    23.6322    23.6757     8.3145     8.5479    253.833    260.949     2.5421     2.4469     0.0977     1.4170     3.2173     0.8962     0.0000 -124.38160   47.11778      35.90          7  0.000e+00
      23875    994.750     14.312     14.432    14.0115    13.8947  38.384698  38.309432    14.0095    13.8927    31.6937    31.7207    23.6314    23.6761     8.3142     8.5479    253.825    260.947     2.5421     2.4469     0.0965     1.3865     3.2161     0.8950     0.0000 -124.38160   47.11778      35.90          7  0.000e+00
      23876    994.792     14.312     14.432    14.0128    13.8948  38.385089  38.309953    14.0108    13.8928    31.6930    31.7211    23.6306    23.6763     8.3140     8.5478    253.819    260.945     2.5421     2.4469     0.0977     1.4170     3.2173     0.8962     0.0000 -124.38160   47.11778      35.90          7  0.000e+00
      23877    994.833     14.272     14.392    14.0135    13.8947  38.385089  38.310278    14.0115    13.8927    31.6924    31.7215    23.6300    23.6767     8.3139     8.5478    253.815    260.944     2.5421     2.4469     0.0977     1.4170     3.2173     0.8962     0.0000 -124.38160   47.11778      35.90          7  0.000e+00
      23878    994.875     14.312     14.432    14.0133    13.8950  38.384176  38.310018    14.0113    13.8930    31.6917    31.7210    23.6295    23.6763     8.3140     8.5478    253.819    260.945     2.5421     2.4469     0.0977     1.4170     3.2173     0.8962     0.0000 -124.38160   47.11778      35.90          7  0.000e+00
      23879    994.917     14.272     14.392    14.0113    13.8948  38.382089  38.310018    14.0093    13.8928    31.6915    31.7212    23.6298    23.6764     8.3143     8.5478    253.829    260.944     2.5421     2.4469     0.0977     1.4170     3.2173     0.8962     0.0000 -124.38160   47.11778      35.90          7  0.000e+00
      23880    994.958     14.312     14.432    14.0083    13.8953  38.380720  38.309041    14.0063    13.8933    31.6927    31.7198    23.6313    23.6753     8.3148     8.5478    253.844    260.945     2.5421     2.4469     0.0965     1.3865     3.2173     0.8962     0.0000 -124.38160   47.11778      35.90          7  0.000e+00
      23881    995.000     14.265     14.385    14.0063    13.8947  38.380720  38.308846    14.0043    13.8927    31.6943    31.7202    23.6330    23.6757     8.3151     8.5532    253.850    261.110     2.5421     2.4481     0.0977     1.4170     3.2173     0.8962     0.0000 -124.38160   47.11778      35.90          7  0.000e+00
      23882    995.042     14.272     14.392    14.0058    13.8936  38.381046  38.307738    14.0038    13.8916    31.6950    31.7200    23.6336    23.6758     8.3151     8.5534    253.851    261.117     2.5421     2.4481     0.0977     1.4170     3.2173     0.8962     0.0000 -124.38160   47.11778      35.90          7  0.000e+00
      23883    995.083     14.312     14.432    14.0044    13.8930  38.381699  38.306827    14.0024    13.8910    31.6968    31.7197    23.6352    23.6757     8.3104     8.5536    253.706    261.122     2.5409     2.4481     0.0977     1.4170     3.2161     0.8962     0.0000 -124.38160   47.11778      35.90          7  0.000e+00
      23884    995.125     14.312     14.432    14.0018    13.8926  38.380590  38.307934    13.9998    13.8906    31.6979    31.7210    23.6367    23.6768     8.3108     8.5536    253.718    261.122     2.5409     2.4481     0.0977     1.4170     3.2161     0.8962     0.0000 -124.38160   47.11778      35.92          7  0.000e+00
      23885    995.167     14.219     14.339    13.9995    13.8921  38.379938  38.307999    13.9975    13.8901    31.6992    31.7215    23.6381    23.6772     8.3110     8.5536    253.724    261.121     2.5409     2.4481     0.0977     1.4170     3.2161     0.8962     0.0000 -124.38160   47.11778      35.92          7  0.000e+00
      23886    995.208     14.312     14.432    13.9978    13.8918  38.379286  38.308260    13.9957    13.8898    31.7000    31.7220    23.6391    23.6777     8.3113     8.5537    253.735    261.125     2.5409     2.4481     0.0977     1.4170     3.2161     0.8962     0.0000 -124.38160   47.11778      35.92          7  0.000e+00
      23887    995.250     14.265     14.385    13.9968    13.8920  38.379677  38.309172    13.9948    13.8900    31.7012    31.7227    23.6403    23.6782     8.3114     8.5536    253.737    261.121     2.5409     2.4481     0.0977     1.4170     3.2161     0.8962     0.0000 -124.38160   47.11778      35.92          7  0.000e+00
      23888    995.292     14.318     14.439    13.9967    13.8924  38.380069  38.310539    13.9947    13.8904    31.7016    31.7236    23.6406    23.6788     8.3115     8.5535    253.738    261.118     2.5409     2.4481     0.0977     1.4170     3.2186     0.8950     0.0000 -124.38160   47.11778      35.92          7  0.000e+00
      23889    995.333     14.312     14.432    13.9973    13.8928  38.380395  38.311516    13.9953    13.8908    31.7014    31.7242    23.6403    23.6791     8.3114     8.5534    253.735    261.115     2.5409     2.4481     0.0965     1.3865     3.2186     0.8962     0.0000 -124.38160   47.11778      35.92          7  0.000e+00
      23890    995.375     14.318     14.439    13.9982    13.8931  38.380525  38.311451    13.9962    13.8911    31.7008    31.7238    23.6396    23.6788     8.3112     8.5534    253.732    261.114     2.5409     2.4481     0.0977     1.4170     3.2161     0.8962     0.0000 -124.38160   47.11778      35.82          7  0.000e+00
      23891    995.417     14.265     14.385    13.9990    13.8931  38.379155  38.313535    13.9970    13.8911    31.6989    31.7258    23.6380    23.6803     8.3111     8.5532    253.729    261.109     2.5409     2.4481     0.0989     1.4475     3.2173     0.8962     0.0000 -124.38160   47.11778      35.80          7  0.000e+00
      23892    995.458     14.365     14.486    13.9985    13.8948  38.378047  38.315880    13.9965    13.8928    31.6982    31.7265    23.6376    23.6805     8.3114     8.5530    253.736    261.101     2.5409     2.4481     0.1001     1.4781     3.2173     0.8950     0.0000 -124.38160   47.11778      35.78          7  0.000e+00
      23893    995.500     14.318     14.439    13.9979    13.8963  38.379612  38.315424    13.9959    13.8943    31.7002    31.7249    23.6392    23.6790     8.3113     8.5527    253.734    261.094     2.5409     2.4481     0.1001     1.4781     3.2161     0.8950     0.0000 -124.38160   47.11778      35.80          7  0.000e+00
      23894    995.542     14.365     14.486    14.0003    13.8963  38.384439  38.313145    13.9983    13.8943    31.7027    31.7227    23.6406    23.6773     8.3108     8.5529    253.719    261.099     2.5409     2.4481     0.0989     1.4475     3.2186     0.8950     0.0000 -124.38160   47.11778      35.80          7  0.000e+00
      23895    995.583     14.411     14.532    14.0051    13.8963  38.391417  38.311191    14.0030    13.8943    31.7051    31.7209    23.6416    23.6759     8.3149     8.5584    253.842    261.268     2.5421     2.4493     0.1001     1.4781     3.2161     0.8950     0.0000 -124.38160   47.11778      35.80          7  0.000e+00
      23896    995.625     14.371     14.492    14.0140    13.8955  38.398070  38.309432    14.0120    13.8935    31.7039    31.7200    23.6388    23.6754     8.3133     8.5586    253.796    261.273     2.5421     2.4493     0.1001     1.4781     3.2173     0.8950     0.0000 -124.38160   47.11778      35.85          7  0.000e+00
      23897    995.667     14.365     14.486    14.0237    13.8941  38.401656  38.311907    14.0217    13.8921    31.6992    31.7234    23.6332    23.6783     8.3119     8.5533    253.753    261.111     2.5421     2.4481     0.1001     1.4781     3.2161     0.8950     0.0000 -124.38160   47.11778      35.90          7  0.000e+00
      23898    995.708     14.411     14.532    14.0310    13.8950  38.402373  38.315815    14.0290    13.8930    31.6938    31.7263    23.6275    23.6804     8.3109     8.5584    253.725    261.266     2.5421     2.4493     0.1001     1.4781     3.2173     0.8950     0.0000 -124.38160   47.11778      35.90          7  0.000e+00
      23899    995.750     14.464     14.586    14.0354    13.8967  38.401133  38.317770    14.0334    13.8947    31.6891    31.7267    23.6230    23.6803     8.3105     8.5527    253.713    261.094     2.5421     2.4481     0.1001     1.4781     3.2173     0.8950     0.0000 -124.38160   47.11778      35.87          7  0.000e+00
      23900    995.792     14.457     14.579    14.0363    13.8985  38.396175  38.317574    14.0342    13.8965    31.6838    31.7250    23.6187    23.6786     8.3155     8.5578    253.868    261.250     2.5433     2.4493     0.1001     1.4781     3.2186     0.8950     0.0000 -124.38160   47.11778      35.90          7  0.000e+00
      23901    995.833     14.464     14.586    14.0303    13.9001  38.384500  38.317248    14.0283    13.8980    31.6780    31.7234    23.6154    23.6771     8.3169     8.5576    253.910    261.244     2.5433     2.4493     0.1001     1.4781     3.2186     0.8950     0.0000 -124.38160   47.11778      35.90          7  0.000e+00
      23902    995.875     14.510     14.632    14.0147    13.9008  38.372828  38.315620    14.0126    13.8987    31.6801    31.7213    23.6203    23.6753     8.3195     8.5577    253.990    261.246     2.5433     2.4493     0.1001     1.4781     3.2161     0.8950     0.0000 -124.38160   47.11778      35.85          7  0.000e+00
      23903    995.917     14.510     14.632    13.9983    13.8997  38.365526  38.313535    13.9962    13.8977    31.6869    31.7203    23.6289    23.6747     8.3220     8.5579    254.064    261.254     2.5433     2.4493     0.1001     1.4781     3.2173     0.8950     0.0000 -124.38160   47.11778      35.85          7  0.000e+00
      23904    995.958     14.563     14.686    13.9827    13.8982  38.359203  38.313471    13.9807    13.8962    31.6938    31.7214    23.6374    23.6759     8.3244     8.5582    254.135    261.262     2.5433     2.4493     0.1001     1.4781     3.2186     0.8938     0.0000 -124.38160   47.11778      35.82          7  0.000e+00
      23905    996.000     14.557     14.679    13.9681    13.8972  38.354641  38.312689    13.9661    13.8951    31.7017    31.7216    23.6465    23.6763     8.3315     8.5584    254.349    261.267     2.5446     2.4493     0.1001     1.4781     3.2173     0.8950     0.0000 -124.38160   47.11778      35.85          7  0.000e+00
      23906    996.042     14.603     14.726    13.9565    13.8957  38.351317  38.311908    13.9545    13.8936    31.7082    31.7221    23.6538    23.6769     8.3332     8.5587    254.400    261.276     2.5446     2.4493     0.1001     1.4781     3.2173     0.8950     0.0000 -124.38160   47.11778      35.85          7  0.000e+00
      23907    996.083     14.616     14.739    13.9464    13.8943  38.345255  38.313602    13.9444    13.8923    31.7109    31.7247    23.6580    23.6793     8.3349     8.5588    254.448    261.279     2.5446     2.4493     0.0989     1.4475     3.2173     0.8950     0.0000 -124.38160   47.11778      35.85          7  0.000e+00
      23908    996.125     14.656     14.779    13.9330    13.8943  38.337694  38.315882    13.9309    13.8923    31.7150    31.7268    23.6639    23.6809     8.3370     8.5587    254.513    261.277     2.5446     2.4493     0.1001     1.4781     3.2173     0.8938     0.0000 -124.38160   47.11778      35.80          7  0.000e+00
      23909    996.167     14.662     14.786    13.9215    13.8941  38.337044  38.314905    13.9194    13.8921    31.7239    31.7261    23.6731    23.6803     8.3435     8.5588    254.710    261.280     2.5458     2.4493     0.1001     1.4781     3.2173     0.8950     0.0000 -124.38160   47.11778      35.78          7  0.000e+00
      23910    996.208     14.656     14.779    13.9181    13.8943  38.342520  38.312039    13.9161    13.8923    31.7317    31.7233    23.6799    23.6782     8.3437     8.5589    254.713    261.283     2.5458     2.4493     0.1001     1.4781     3.2173     0.8950     0.0000 -124.38160   47.11778      35.75          7  0.000e+00
      23911    996.250     14.755     14.879    13.9196    13.8936  38.345454  38.311323    13.9176    13.8916    31.7332    31.7232    23.6806    23.6782     8.3435     8.5592    254.706    261.291     2.5458     2.4493     0.0989     1.4475     3.2173     0.8938     0.0000 -124.38160   47.11778      35.78          7  0.000e+00
      23912    996.292     14.762     14.886    13.9204    13.8930  38.344346  38.317445    13.9184    13.8909    31.7315    31.7293    23.6792    23.6831     8.3434     8.5590    254.705    261.284     2.5458     2.4493     0.1001     1.4781     3.2173     0.8950     0.0000 -124.38160   47.11778      35.78          7  0.000e+00
      23913    996.333     14.801     14.926    13.9211    13.8950  38.345650  38.328584    13.9191    13.8929    31.7321    31.7379    23.6795    23.6893     8.3433     8.5582    254.702    261.258     2.5458     2.4493     0.0989     1.4475     3.2173     0.8950     0.0000 -124.38160   47.11778      35.78          7  0.000e+00
      23914    996.375     14.801     14.926    13.9250    13.9021  38.350735  38.338617    13.9229    13.9000    31.7336    31.7413    23.6799    23.6905     8.3475     8.5567    254.830    261.212     2.5470     2.4493     0.1001     1.4781     3.2173     0.8950     0.0000 -124.38160   47.11778      35.60          7  0.000e+00
      26308   1096.125     10.215     10.300    15.9945    15.8783  38.755093  38.762514    15.9929    15.8768    30.4514    30.5472    22.2536    22.3527     9.6931    10.0030    296.319    305.764     2.9646     2.8608     0.1221     2.0275     3.2125     0.6252     0.0000 -124.38154   47.11776      40.68          8  0.000e+00
      26309   1096.167     10.314     10.401    15.9945    15.8631  38.754897  38.763498    15.9929    15.8616    30.4512    30.5597    22.2534    22.3657     9.6884    10.0004    296.177    305.680     2.9634     2.8596     0.1221     2.0275     3.2137     0.6252     0.0000 -124.38154   47.11776      40.54          8  0.000e+00
