West Coast/WCOA-7/CTD_Data/RB2102_CTD_043_01.ros
* Sea-Bird SBE 9 Data File:
* FileName = C:\Users\scs.user.rb\CTD\RB2102\Data\RB2102_CTD_043_01.hex
* Software Version Seasave V 7.26.7.107
* Temperature SN = 6202
* Conductivity SN = 4907
* Number of Bytes Per Scan = 41
* Number of Voltage Words = 4
* Number of Scans Averaged by the Deck Unit = 1
* NMEA Latitude = 47 06.91 N
* NMEA Longitude = 124 14.84 W
* NMEA UTC (Time) = Jul 02 2021  20:40:23
* NMEA baud rate = 4800
# nquan = 30
# nvalues = 470                                   
# units = specified
# name 0 = scan: Scan Count
# name 1 = timeS: Time, Elapsed [seconds]
# name 2 = depSM: Depth [salt water, m]
# name 3 = prDM: Pressure, Digiquartz [db]
# name 4 = t090C: Temperature [ITS-90, deg C]
# name 5 = t190C: Temperature, 2 [ITS-90, deg C]
# name 6 = c0mS/cm: Conductivity [mS/cm]
# name 7 = c1mS/cm: Conductivity, 2 [mS/cm]
# name 8 = potemp090C: Potential Temperature [ITS-90, deg C]
# name 9 = potemp190C: Potential Temperature, 2 [ITS-90, deg C]
# name 10 = sal00: Salinity, Practical [PSU]
# name 11 = sal11: Salinity, Practical, 2 [PSU]
# name 12 = sigma-é00: Density [sigma-theta, kg/m^3]
# name 13 = sigma-é11: Density, 2 [sigma-theta, kg/m^3]
# name 14 = sbeox0Mg/L: Oxygen, SBE 43 [mg/l]
# name 15 = sbeox1Mg/L: Oxygen, SBE 43, 2 [mg/l]
# name 16 = sbox0Mm/Kg: Oxygen, SBE 43 [umol/kg]
# name 17 = sbox1Mm/Kg: Oxygen, SBE 43, 2 [umol/kg]
# name 18 = sbeox0V: Oxygen raw, SBE 43 [V]
# name 19 = sbeox1V: Oxygen raw, SBE 43, 2 [V]
# name 20 = v4: Voltage 4
# name 21 = flECO-AFL: Fluorescence, WET Labs ECO-AFL/FL [mg/m^3]
# name 22 = v3: Voltage 3
# name 23 = v6: Voltage 6
# name 24 = v7: Voltage 7
# name 25 = longitude: Longitude [deg]
# name 26 = latitude: Latitude [deg]
# name 27 = altM: Altimeter [m]
# name 28 = nbf: Bottles Fired
# name 29 = flag:  0.000e+00
# interval = seconds: 0.0416667
# start_time = Jul 02 2021 20:40:23 [NMEA time, header]
# bad_flag = -9.990e-29
*END*
[from data line 387]
      22798    949.875      3.769      3.801    17.0277    17.0343  36.471147  36.456312    17.0271    17.0337    27.7411    27.7240    19.9458    19.9312    11.4277    11.6368    350.136    356.549     3.4225     3.2674     0.2540     5.3242     3.2576     0.4371     0.0000 -124.24702   47.11358      18.39          9  0.000e+00
      22799    949.917      3.815      3.848    17.0280    17.0336  36.471850  36.461612    17.0274    17.0330    27.7414    27.7289    19.9460    19.9352    11.4277    11.6316    350.135    356.387     3.4225     3.2662     0.2552     5.3547     3.2576     0.4371     0.0000 -124.24702   47.11358      18.41          9  0.000e+00
      22800    949.958      3.769      3.801    17.0278    17.0316  36.472745  36.463209    17.0272    17.0310    27.7423    27.7317    19.9468    19.9378    11.4276    11.6318    350.132    356.393     3.4225     3.2662     0.2601     5.4768     3.2576     0.4371     0.0000 -124.24702   47.11358      18.39          9  0.000e+00
      22801    950.000      3.769      3.801    17.0272    17.0306  36.474407  36.458930    17.0266    17.0300    27.7442    27.7288    19.9483    19.9358    11.4228    11.6322    349.987    356.408     3.4212     3.2662     0.2625     5.5379     3.2589     0.4371     0.0000 -124.24702   47.11358      18.36          9  0.000e+00
      22802    950.042      3.815      3.848    17.0257    17.0305  36.475749  36.457717    17.0251    17.0299    27.7463    27.7278    19.9502    19.9350    11.4183    11.6375    349.848    356.570     3.4200     3.2674     0.2625     5.5379     3.2564     0.4371     0.0000 -124.24702   47.11358      18.34          9  0.000e+00
      22803    950.083      3.769      3.801    17.0239    17.0304  36.475430  36.461229    17.0233    17.0298    27.7473    27.7308    19.9514    19.9374    11.4186    11.6321    349.856    356.404     3.4200     3.2662     0.2613     5.5074     3.2564     0.4371     0.0000 -124.24702   47.11358      18.34          9  0.000e+00
      22804    950.125      3.815      3.848    17.0223    17.0300  36.474471  36.465445    17.0217    17.0294    27.7475    27.7346    19.9520    19.9404    11.4143    11.6320    349.723    356.399     3.4188     3.2662     0.2625     5.5379     3.2576     0.4371     0.0000 -124.24702   47.11358      18.34          9  0.000e+00
      22805    950.167      3.782      3.814    17.0210    17.0278  36.474024  36.469915    17.0204    17.0272    27.7480    27.7399    19.9527    19.9449    11.4145    11.6373    349.729    356.559     3.4188     3.2674     0.2625     5.5379     3.2576     0.4371     0.0000 -124.24702   47.11358      18.34          9  0.000e+00
      22806    950.208      3.815      3.848    17.0199    17.0250  36.473960  36.473940    17.0193    17.0244    27.7487    27.7452    19.9534    19.9496    11.4100    11.6325    349.591    356.411     3.4176     3.2662     0.2613     5.5074     3.2589     0.4371     0.0000 -124.24702   47.11358      18.34          9  0.000e+00
      22807    950.250      3.769      3.801    17.0206    17.0218  36.473704  36.476623    17.0200    17.0212    27.7481    27.7497    19.9528    19.9537    11.4098    11.6329    349.585    356.421     3.4176     3.2662     0.2625     5.5379     3.2576     0.4371     0.0000 -124.24702   47.11358      18.32          9  0.000e+00
      22808    950.292      3.815      3.848    17.0218    17.0191  36.472426  36.478603    17.0212    17.0185    27.7461    27.7532    19.9510    19.9570    11.4050    11.6334    349.438    356.434     3.4164     3.2662     0.2625     5.5379     3.2576     0.4371     0.0000 -124.24702   47.11358      18.29          9  0.000e+00
      22809    950.333      3.815      3.848    17.0228    17.0168  36.472234  36.478859    17.0222    17.0162    27.7453    27.7550    19.9502    19.9589    11.4048    11.6338    349.434    356.447     3.4164     3.2662     0.2625     5.5379     3.2576     0.4371     0.0000 -124.24702   47.11358      18.29          9  0.000e+00
      22810    950.375      3.769      3.801    17.0242    17.0155  36.472937  36.478795    17.0236    17.0149    27.7450    27.7559    19.9496    19.9599    11.4044    11.6391    349.423    356.610     3.4164     3.2674     0.2613     5.5074     3.2576     0.4371     0.0000 -124.24702   47.11358      18.29          9  0.000e+00
      22811    950.417      3.769      3.801    17.0249    17.0145  36.473256  36.478284    17.0243    17.0139    27.7447    27.7562    19.9493    19.9604    11.3995    11.6342    349.273    356.459     3.4151     3.2662     0.2625     5.5379     3.2576     0.4371     0.0000 -124.24702   47.11358      18.29          9  0.000e+00
      22812    950.458      3.815      3.848    17.0251    17.0140  36.473512  36.477646    17.0245    17.0134    27.7448    27.7559    19.9493    19.9603    11.3995    11.6396    349.273    356.623     3.4151     3.2674     0.2613     5.5074     3.2576     0.4371     0.0000 -124.24702   47.11358      18.27          9  0.000e+00
      22813    950.500      3.769      3.801    17.0252    17.0137  36.473832  36.477773    17.0246    17.0131    27.7450    27.7563    19.9494    19.9606    11.3947    11.6395    349.124    356.622     3.4139     3.2674     0.2625     5.5379     3.2589     0.4371     0.0000 -124.24702   47.11358      18.22          9  0.000e+00
      22814    950.542      3.829      3.861    17.0251    17.0134  36.474151  36.477837    17.0245    17.0128    27.7454    27.7565    19.9497    19.9608    11.3948    11.6397    349.127    356.626     3.4139     3.2674     0.2625     5.5379     3.2564     0.4371     0.0000 -124.24702   47.11358      18.17          9  0.000e+00
      22815    950.583      3.769      3.801    17.0256    17.0133  36.474023  36.477326    17.0250    17.0127    27.7449    27.7562    19.9493    19.9606    11.3946    11.6396    349.122    356.625     3.4139     3.2674     0.2625     5.5379     3.2576     0.4371     0.0000 -124.24702   47.11358      18.17          9  0.000e+00
      22816    950.625      3.815      3.847    17.0255    17.0134  36.474407  36.476943    17.0249    17.0128    27.7453    27.7557    19.9496    19.9603    11.3947    11.6397    349.124    356.628     3.4139     3.2674     0.2613     5.5074     3.2564     0.4371     0.0000 -124.24702   47.11358      18.19          9  0.000e+00
      22817    950.667      3.769      3.801    17.0249    17.0131  36.474087  36.476113    17.0243    17.0125    27.7454    27.7553    19.9498    19.9600    11.3947    11.6397    349.125    356.629     3.4139     3.2674     0.2625     5.5379     3.2564     0.4371     0.0000 -124.24702   47.11358      18.19          9  0.000e+00
      22818    950.708      3.769      3.801    17.0244    17.0132  36.474151  36.474899    17.0238    17.0126    27.7459    27.7541    19.9502    19.9591    11.3901    11.6398    348.982    356.631     3.4127     3.2674     0.2625     5.5379     3.2589     0.4371     0.0000 -124.24702   47.11358      18.19          9  0.000e+00
      22819    950.750      3.815      3.847    17.0246    17.0138  36.474407  36.472919    17.0240    17.0132    27.7459    27.7521    19.9502    19.9573    11.3948    11.6399    349.128    356.633     3.4139     3.2674     0.2625     5.5379     3.2576     0.4371     0.0000 -124.24702   47.11358      18.17          9  0.000e+00
      22820    950.792      3.769      3.801    17.0244    17.0150  36.474087  36.469661    17.0238    17.0144    27.7458    27.7485    19.9502    19.9543    11.3901    11.6398    348.982    356.631     3.4127     3.2674     0.2613     5.5074     3.2576     0.4371     0.0000 -124.24702   47.11358      18.14          9  0.000e+00
      22821    950.833      3.769      3.801    17.0235    17.0172  36.472745  36.466085    17.0229    17.0166    27.7453    27.7440    19.9500    19.9504    11.3903    11.6396    348.990    356.626     3.4127     3.2674     0.2625     5.5379     3.2576     0.4371     0.0000 -124.24702   47.11358      18.17          9  0.000e+00
      22822    950.875      3.769      3.801    17.0227    17.0197  36.470572  36.462827    17.0221    17.0191    27.7440    27.7395    19.9492    19.9464    11.3953    11.6393    349.144    356.619     3.4139     3.2674     0.2625     5.5379     3.2576     0.4371     0.0000 -124.24702   47.11358      18.17          9  0.000e+00
      22823    950.917      3.729      3.761    17.0229    17.0223  36.470061  36.460528    17.0223    17.0217    27.7434    27.7358    19.9487    19.9430    11.3953    11.6388    349.142    356.607     3.4139     3.2674     0.2625     5.5379     3.2576     0.4371     0.0000 -124.24702   47.11358      18.14          9  0.000e+00
      22824    950.958      3.815      3.847    17.0233    17.0245  36.470508  36.461550    17.0227    17.0239    27.7435    27.7351    19.9486    19.9420    11.3953    11.6385    349.143    356.596     3.4139     3.2674     0.2625     5.5379     3.2564     0.4371     0.0000 -124.24702   47.11358      18.14          9  0.000e+00
      22825    951.000      3.716      3.747    17.0230    17.0252  36.470700  36.462252    17.0224    17.0247    27.7439    27.7352    19.9490    19.9419    11.3904    11.6381    348.994    356.586     3.4127     3.2674     0.2637     5.5684     3.2589     0.4359     0.0000 -124.24702   47.11358      18.14          9  0.000e+00
      22826    951.042      3.716      3.747    17.0228    17.0259  36.471467  36.459633    17.0223    17.0253    27.7447    27.7326    19.9497    19.9397    11.3952    11.6433    349.139    356.745     3.4139     3.2686     0.2698     5.7210     3.2576     0.4371     0.0000 -124.24702   47.11358      18.14          9  0.000e+00
      22827    951.083      3.769      3.801    17.0234    17.0268  36.470444  36.456632    17.0228    17.0262    27.7434    27.7294    19.9486    19.9371    11.3952    11.6383    349.140    356.591     3.4139     3.2674     0.2747     5.8431     3.2589     0.4371     0.0000 -124.24702   47.11358      18.14          9  0.000e+00
      22828    951.125      3.716      3.747    17.0254    17.0283  36.467312  36.455163    17.0248    17.0277    27.7394    27.7272    19.9451    19.9350    11.3950    11.6380    349.134    356.583     3.4139     3.2674     0.2747     5.8431     3.2576     0.4371     0.0000 -124.24702   47.11358      18.14          9  0.000e+00
      22829    951.167      3.716      3.747    17.0273    17.0298  36.464244  36.453949    17.0267    17.0293    27.7355    27.7251    19.9417    19.9331    11.3996    11.6377    349.276    356.577     3.4151     3.2674     0.2747     5.8431     3.2564     0.4359     0.0000 -124.24702   47.11358      18.14          9  0.000e+00
      22830    951.208      3.716      3.747    17.0285    17.0308  36.463797  36.454843    17.0279    17.0303    27.7343    27.7251    19.9404    19.9329    11.3994    11.6375    349.270    356.569     3.4151     3.2674     0.2747     5.8431     3.2576     0.4371     0.0000 -124.24702   47.11358      18.17          9  0.000e+00
      22831    951.250      3.716      3.747    17.0291    17.0312  36.466353  36.456440    17.0286    17.0306    27.7360    27.7262    19.9416    19.9337    11.3991    11.6373    349.262    356.564     3.4151     3.2674     0.2735     5.8126     3.2576     0.4371     0.0000 -124.24702   47.11358      18.27          9  0.000e+00
      22901    954.167      3.617      3.647    17.0144    17.0285  36.490196  36.478857    17.0139    17.0279    27.7663    27.7471    19.9681    19.9502    11.3812    11.6107    348.704    355.742     3.4103     3.2613     0.2601     5.4768     3.2564     0.4359     0.0000 -124.24702   47.11358      18.95         10  0.000e+00
      22902    954.208      3.571      3.601    17.0143    17.0283  36.487063  36.478346    17.0137    17.0277    27.7638    27.7468    19.9662    19.9500    11.3813    11.6055    348.709    355.584     3.4103     3.2601     0.2589     5.4463     3.2576     0.4359     0.0000 -124.24702   47.11358      18.95         10  0.000e+00
      22903    954.250      3.571      3.601    17.0142    17.0290  36.486232  36.479368    17.0137    17.0284    27.7631    27.7472    19.9657    19.9502    11.3814    11.6105    348.711    355.736     3.4103     3.2613     0.2601     5.4768     3.2576     0.4359     0.0000 -124.24702   47.11358      18.95         10  0.000e+00
      22904    954.292      3.670      3.701    17.0140    17.0276  36.485977  36.481412    17.0134    17.0271    27.7630    27.7498    19.9657    19.9525    11.3816    11.6056    348.717    355.586     3.4103     3.2601     0.2589     5.4463     3.2576     0.4359     0.0000 -124.24702   47.11358      18.95         10  0.000e+00
      22905    954.333      3.617      3.647    17.0177    17.0257  36.481246  36.479815    17.0171    17.0251    27.7565    27.7498    19.9599    19.9529    11.3811    11.6060    348.705    355.598     3.4103     3.2601     0.2564     5.3853     3.2576     0.4359     0.0000 -124.24702   47.11358      18.93         10  0.000e+00
      22906    954.375      3.617      3.647    17.0242    17.0255  36.475365  36.475919    17.0236    17.0250    27.7471    27.7466    19.9512    19.9505    11.3803    11.6011    348.683    355.449     3.4103     3.2589     0.2564     5.3853     3.2576     0.4359     0.0000 -124.24702   47.11358      18.95         10  0.000e+00
      22907    954.417      3.670      3.701    17.0297    17.0271  36.470891  36.472725    17.0291    17.0266    27.7395    27.7428    19.9441    19.9473    11.3749    11.6011    348.520    355.449     3.4090     3.2589     0.2564     5.3853     3.2564     0.4359     0.0000 -124.24702   47.11358      18.93         10  0.000e+00
      22908    954.458      3.584      3.614    17.0341    17.0302  36.467822  36.471064    17.0336    17.0296    27.7339    27.7393    19.9389    19.9439    11.3742    11.6005    348.499    355.431     3.4090     3.2589     0.2564     5.3853     3.2564     0.4359     0.0000 -124.24702   47.11358      18.93         10  0.000e+00
      22909    954.500      3.670      3.701    17.0370    17.0334  36.466416  36.472661    17.0364    17.0329    27.7307    27.7384    19.9358    19.9425    11.3786    11.5947    348.637    355.256     3.4103     3.2576     0.2564     5.3853     3.2576     0.4359     0.0000 -124.24702   47.11358      18.90         10  0.000e+00
      22910    954.542      3.617      3.647    17.0379    17.0353  36.466927  36.476173    17.0373    17.0348    27.7305    27.7401    19.9355    19.9433    11.3736    11.5941    348.483    355.236     3.4090     3.2576     0.2564     5.3853     3.2564     0.4359     0.0000 -124.24702   47.11358      18.90         10  0.000e+00
      22911    954.583      3.670      3.701    17.0352    17.0357  36.469548  36.479303    17.0346    17.0351    27.7346    27.7425    19.9392    19.9451    11.3740    11.5888    348.494    355.072     3.4090     3.2564     0.2564     5.3853     3.2564     0.4359     0.0000 -124.24702   47.11358      18.90         10  0.000e+00
      22912    954.625      3.670      3.701    17.0326    17.0352  36.474022  36.480836    17.0320    17.0346    27.7402    27.7441    19.9440    19.9465    11.3742    11.5888    348.499    355.072     3.4090     3.2564     0.2564     5.3853     3.2576     0.4359     0.0000 -124.24702   47.11358      18.90         10  0.000e+00
      22913    954.667      3.617      3.647    17.0304    17.0347  36.477665  36.481283    17.0298    17.0341    27.7448    27.7449    19.9480    19.9471    11.3743    11.5888    348.500    355.072     3.4090     3.2564     0.2564     5.3853     3.2589     0.4359     0.0000 -124.24702   47.11358      18.90         10  0.000e+00
      22914    954.708      3.670      3.701    17.0268    17.0328  36.480862  36.481539    17.0262    17.0322    27.7499    27.7464    19.9528    19.9487    11.3749    11.5892    348.515    355.084     3.4090     3.2564     0.2564     5.3853     3.2576     0.4359     0.0000 -124.24702   47.11358      18.90         10  0.000e+00
