West Coast/WCOA-7/CTD_Data/RB2102_CTD_113_01.ros
* Sea-Bird SBE 9 Data File:
* FileName = C:\Users\scs.user.rb\CTD\RB2102\Data\RB2102_CTD_113_01.hex
* Software Version Seasave V 7.26.7.107
* Temperature SN = 6202
* Conductivity SN = 4907
* Number of Bytes Per Scan = 41
* Number of Voltage Words = 4
* Number of Scans Averaged by the Deck Unit = 1
* NMEA Latitude = 34 19.02 N
* NMEA Longitude = 120 48.19 W
* NMEA UTC (Time) = Jul 18 2021  02:31:27
* NMEA baud rate = 4800
# nquan = 30
# nvalues = 1172                                  
# units = specified
# name 0 = scan: Scan Count
# name 1 = timeS: Time, Elapsed [seconds]
# name 2 = depSM: Depth [salt water, m]
# name 3 = prDM: Pressure, Digiquartz [db]
# name 4 = t090C: Temperature [ITS-90, deg C]
# name 5 = t190C: Temperature, 2 [ITS-90, deg C]
# name 6 = c0mS/cm: Conductivity [mS/cm]
# name 7 = c1mS/cm: Conductivity, 2 [mS/cm]
# name 8 = potemp090C: Potential Temperature [ITS-90, deg C]
# name 9 = potemp190C: Potential Temperature, 2 [ITS-90, deg C]
# name 10 = sal00: Salinity, Practical [PSU]
# name 11 = sal11: Salinity, Practical, 2 [PSU]
# name 12 = sigma-é00: Density [sigma-theta, kg/m^3]
# name 13 = sigma-é11: Density, 2 [sigma-theta, kg/m^3]
# name 14 = sbeox0Mg/L: Oxygen, SBE 43 [mg/l]
# name 15 = sbeox1Mg/L: Oxygen, SBE 43, 2 [mg/l]
# name 16 = sbox0Mm/Kg: Oxygen, SBE 43 [umol/kg]
# name 17 = sbox1Mm/Kg: Oxygen, SBE 43, 2 [umol/kg]
# name 18 = sbeox0V: Oxygen raw, SBE 43 [V]
# name 19 = sbeox1V: Oxygen raw, SBE 43, 2 [V]
# name 20 = v4: Voltage 4
# name 21 = flECO-AFL: Fluorescence, WET Labs ECO-AFL/FL [mg/m^3]
# name 22 = v3: Voltage 3
# name 23 = v6: Voltage 6
# name 24 = v7: Voltage 7
# name 25 = longitude: Longitude [deg]
# name 26 = latitude: Latitude [deg]
# name 27 = altM: Altimeter [m]
# name 28 = nbf: Bottles Fired
# name 29 = flag:  0.000e+00
# interval = seconds: 0.0416667
# start_time = Jul 18 2021 02:31:27 [NMEA time, header]
# bad_flag = -9.990e-29
*END*
[from data line 1161]
     110119   4588.250      3.880      3.908    15.0106    15.0119  41.391557  41.393416    15.0100    15.0113    33.6012    33.6018    24.8915    24.8916     8.8649     9.0236    270.304    275.144     2.7534     2.6325     0.2698     5.7210     3.2234     0.0317     0.0000 -120.80502   34.31602      99.80         24  0.000e+00
     110120   4588.292      3.927      3.955    15.0105    15.0119  41.391490  41.394290    15.0099    15.0113    33.6013    33.6026    24.8916    24.8922     8.8602     9.0236    270.161    275.144     2.7521     2.6325     0.2698     5.7210     3.2234     0.0317     0.0000 -120.80502   34.31602      99.78         24  0.000e+00
     110121   4588.333      3.880      3.908    15.0101    15.0119  41.390952  41.394290    15.0095    15.0113    33.6011    33.6026    24.8915    24.8923     8.8602     9.0236    270.162    275.142     2.7521     2.6325     0.2711     5.7516     3.2234     0.0317     0.0000 -120.80502   34.31602      99.78         24  0.000e+00
     110122   4588.375      3.880      3.908    15.0100    15.0121  41.391288  41.393618    15.0094    15.0115    33.6015    33.6018    24.8918    24.8916     8.8602     9.0236    270.162    275.143     2.7521     2.6325     0.2698     5.7210     3.2247     0.0317     0.0000 -120.80502   34.31602      99.78         24  0.000e+00
     110123   4588.417      3.847      3.875    15.0098    15.0117  41.390884  41.394021    15.0092    15.0111    33.6013    33.6025    24.8917    24.8922     8.8602     9.0236    270.162    275.142     2.7521     2.6325     0.2711     5.7516     3.2222     0.0317     0.0000 -120.80502   34.31602      99.78         24  0.000e+00
     110124   4588.458      3.880      3.908    15.0098    15.0121  41.391019  41.393618    15.0092    15.0115    33.6014    33.6018    24.8918    24.8916     8.8603     9.0236    270.163    275.143     2.7521     2.6325     0.2698     5.7210     3.2234     0.0317     0.0000 -120.80502   34.31602      99.78         24  0.000e+00
     110125   4588.500      3.834      3.862    15.0098    15.0121  41.391355  41.393685    15.0092    15.0115    33.6017    33.6019    24.8920    24.8917     8.8602     9.0235    270.161    275.141     2.7521     2.6325     0.2698     5.7210     3.2222     0.0317     0.0000 -120.80502   34.31602      99.78         24  0.000e+00
     110126   4588.542      3.880      3.908    15.0099    15.0119  41.391221  41.394088    15.0094    15.0113    33.6015    33.6024    24.8918    24.8921     8.8603     9.0184    270.162    274.985     2.7521     2.6313     0.2698     5.7210     3.2247     0.0317     0.0000 -120.80502   34.31602      99.78         24  0.000e+00
     110127   4588.583      3.781      3.808    15.0096    15.0119  41.390884  41.393617    15.0091    15.0113    33.6015    33.6020    24.8919    24.8918     8.8602     9.0183    270.160    274.982     2.7521     2.6313     0.2698     5.7210     3.2247     0.0317     0.0000 -120.80502   34.31602      99.78         24  0.000e+00
     110128   4588.625      3.834      3.862    15.0098    15.0121  41.390750  41.393954    15.0092    15.0115    33.6012    33.6021    24.8917    24.8919     8.8602     9.0183    270.162    274.983     2.7521     2.6313     0.2698     5.7210     3.2247     0.0317     0.0000 -120.80502   34.31602      99.78         24  0.000e+00
     110129   4588.667      3.834      3.862    15.0096    15.0122  41.390750  41.393886    15.0091    15.0116    33.6013    33.6020    24.8918    24.8917     8.8603     9.0183    270.162    274.982     2.7521     2.6313     0.2698     5.7210     3.2234     0.0317     0.0000 -120.80502   34.31602      99.78         24  0.000e+00
