West Coast/WCOA-7/CTD_Data/RB2102_CTD_086_01.ros
* Sea-Bird SBE 9 Data File:
* FileName = C:\Users\scs.user.rb\CTD\RB2102\Data\RB2102_CTD_086_01.hex
* Software Version Seasave V 7.26.7.107
* Temperature SN = 6202
* Conductivity SN = 4907
* Number of Bytes Per Scan = 41
* Number of Voltage Words = 4
* Number of Scans Averaged by the Deck Unit = 1
* NMEA Latitude = 37 49.43 N
* NMEA Longitude = 122 23.55 W
* NMEA UTC (Time) = Jul 12 2021  16:02:21
* NMEA baud rate = 4800
# nquan = 30
# nvalues = 441                                   
# units = specified
# name 0 = scan: Scan Count
# name 1 = timeS: Time, Elapsed [seconds]
# name 2 = depSM: Depth [salt water, m]
# name 3 = prDM: Pressure, Digiquartz [db]
# name 4 = t090C: Temperature [ITS-90, deg C]
# name 5 = t190C: Temperature, 2 [ITS-90, deg C]
# name 6 = c0mS/cm: Conductivity [mS/cm]
# name 7 = c1mS/cm: Conductivity, 2 [mS/cm]
# name 8 = potemp090C: Potential Temperature [ITS-90, deg C]
# name 9 = potemp190C: Potential Temperature, 2 [ITS-90, deg C]
# name 10 = sal00: Salinity, Practical [PSU]
# name 11 = sal11: Salinity, Practical, 2 [PSU]
# name 12 = sigma-é00: Density [sigma-theta, kg/m^3]
# name 13 = sigma-é11: Density, 2 [sigma-theta, kg/m^3]
# name 14 = sbeox0Mg/L: Oxygen, SBE 43 [mg/l]
# name 15 = sbeox1Mg/L: Oxygen, SBE 43, 2 [mg/l]
# name 16 = sbox0Mm/Kg: Oxygen, SBE 43 [umol/kg]
# name 17 = sbox1Mm/Kg: Oxygen, SBE 43, 2 [umol/kg]
# name 18 = sbeox0V: Oxygen raw, SBE 43 [V]
# name 19 = sbeox1V: Oxygen raw, SBE 43, 2 [V]
# name 20 = v4: Voltage 4
# name 21 = flECO-AFL: Fluorescence, WET Labs ECO-AFL/FL [mg/m^3]
# name 22 = v3: Voltage 3
# name 23 = v6: Voltage 6
# name 24 = v7: Voltage 7
# name 25 = longitude: Longitude [deg]
# name 26 = latitude: Latitude [deg]
# name 27 = altM: Altimeter [m]
# name 28 = nbf: Bottles Fired
# name 29 = flag:  0.000e+00
# interval = seconds: 0.0416667
# start_time = Jul 12 2021 16:02:21 [NMEA time, header]
# bad_flag = -9.990e-29
*END*
[from data line 97]
      11458    477.375     18.325     18.463    18.4040    18.4018  43.003841  43.002447    18.4008    18.3986    32.2139    32.2145    23.0418    23.0428     6.9783     7.1587    213.164    218.673     2.3748     2.2967     0.1612     3.0043     3.3602     0.1074     0.2613 -122.39232   37.82372       4.98          2  0.000e+00
      11910    496.208     18.429     18.569    18.4121    18.4134  43.018318  43.019032    18.4089    18.4102    32.2197    32.2193    23.0442    23.0436     6.9726     7.1472    212.988    218.321     2.3736     2.2943     0.1697     3.2180     3.3590     0.1074     0.2613 -122.39230   37.82370       4.57          3  0.000e+00
      11911    496.250     18.469     18.609    18.4121    18.4137  43.018523  43.018555    18.4089    18.4106    32.2198    32.2186    23.0443    23.0429     6.9726     7.1423    212.989    218.172     2.3736     2.2930     0.1722     3.2790     3.3590     0.1074     0.2613 -122.39230   37.82370       4.57          3  0.000e+00
      11912    496.292     18.376     18.515    18.4117    18.4135  43.018728  43.018827    18.4085    18.4104    32.2204    32.2190    23.0448    23.0433     6.9680     7.1471    212.849    218.319     2.3724     2.2943     0.1734     3.3096     3.3602     0.1074     0.2613 -122.39230   37.82370       4.57          3  0.000e+00
      11913    496.333     18.423     18.562    18.4119    18.4129  43.018659  43.018691    18.4087    18.4097    32.2201    32.2194    23.0446    23.0438     6.9681     7.1472    212.850    218.323     2.3724     2.2943     0.1734     3.3096     3.3590     0.1074     0.2613 -122.39230   37.82370       4.57          3  0.000e+00
      11914    496.375     18.476     18.615    18.4115    18.4127  43.018386  43.018623    18.4084    18.4095    32.2201    32.2194    23.0447    23.0439     6.9682     7.1473    212.853    218.325     2.3724     2.2943     0.1722     3.2790     3.3602     0.1074     0.2613 -122.39230   37.82370       4.57          3  0.000e+00
      11915    496.417     18.423     18.562    18.4114    18.4127  43.018864  43.018282    18.4082    18.4095    32.2207    32.2192    23.0451    23.0437     6.9681     7.1473    212.851    218.324     2.3724     2.2943     0.1722     3.2790     3.3602     0.1074     0.2613 -122.39230   37.82370       4.57          3  0.000e+00
      11916    496.458     18.429     18.569    18.4117    18.4123  43.019411  43.017599    18.4086    18.4092    32.2208    32.2189    23.0452    23.0435     6.9681     7.1473    212.850    218.326     2.3724     2.2943     0.1734     3.3096     3.3590     0.1062     0.2613 -122.39230   37.82370       4.59          3  0.000e+00
      11917    496.500     18.423     18.562    18.4118    18.4122  43.018864  43.017736    18.4087    18.4090    32.2203    32.2191    23.0448    23.0438     6.9681     7.1473    212.850    218.326     2.3724     2.2943     0.1734     3.3096     3.3602     0.1074     0.2613 -122.39230   37.82370       4.57          3  0.000e+00
      11918    496.542     18.423     18.562    18.4124    18.4123  43.018386  43.017531    18.4093    18.4092    32.2195    32.2188    23.0440    23.0435     6.9725     7.1473    212.987    218.326     2.3736     2.2943     0.1734     3.3096     3.3590     0.1074     0.2613 -122.39230   37.82370       4.57          3  0.000e+00
      11919    496.583     18.429     18.569    18.4122    18.4122  43.018523  43.017463    18.4091    18.4090    32.2197    32.2189    23.0442    23.0436     6.9680     7.1473    212.850    218.326     2.3724     2.2943     0.1722     3.2790     3.3602     0.1074     0.2613 -122.39230   37.82370       4.62          3  0.000e+00
      11920    496.625     18.423     18.562    18.4126    18.4115  43.018454  43.017736    18.4094    18.4083    32.2194    32.2197    23.0439    23.0443     6.9680     7.1474    212.848    218.328     2.3724     2.2943     0.1722     3.2790     3.3602     0.1074     0.2613 -122.39230   37.82370       4.64          3  0.000e+00
      11921    496.667     18.376     18.515    18.4124    18.4114  43.017976  43.017258    18.4093    18.4083    32.2191    32.2193    23.0437    23.0441     6.9680     7.1474    212.848    218.328     2.3724     2.2943     0.1722     3.2790     3.3590     0.1074     0.2613 -122.39230   37.82370       4.64          3  0.000e+00
      11922    496.708     18.423     18.562    18.4126    18.4116  43.017908  43.017053    18.4094    18.4085    32.2190    32.2190    23.0435    23.0438     6.9680     7.1474    212.849    218.329     2.3724     2.2943     0.1722     3.2790     3.3590     0.1074     0.2613 -122.39230   37.82370       4.64          3  0.000e+00
      11923    496.750     18.429     18.569    18.4119    18.4116  43.017362  43.016848    18.4087    18.4085    32.2190    32.2188    23.0437    23.0436     6.9681     7.1474    212.852    218.329     2.3724     2.2943     0.1734     3.3096     3.3590     0.1074     0.2613 -122.39230   37.82370       4.64          3  0.000e+00
      11924    496.792     18.422     18.562    18.4112    18.4111  43.017225  43.016439    18.4081    18.4079    32.2194    32.2189    23.0442    23.0438     6.9682     7.1475    212.854    218.331     2.3724     2.2943     0.1722     3.2790     3.3602     0.1074     0.2613 -122.39230   37.82370       4.64          3  0.000e+00
      11925    496.833     18.422     18.562    18.4114    18.4104  43.016679  43.015551    18.4082    18.4073    32.2188    32.2187    23.0437    23.0438     6.9682     7.1476    212.854    218.334     2.3724     2.2943     0.1722     3.2790     3.3602     0.1074     0.2625 -122.39230   37.82370       4.62          3  0.000e+00
      11926    496.875     18.376     18.515    18.4105    18.4098  43.016132  43.015483    18.4074    18.4066    32.2191    32.2191    23.0441    23.0444     6.9683     7.1476    212.856    218.335     2.3724     2.2943     0.1722     3.2790     3.3590     0.1074     0.2613 -122.39230   37.82370       4.62          3  0.000e+00
      11927    496.917     18.422     18.562    18.4102    18.4096  43.016064  43.015552    18.4070    18.4064    32.2193    32.2193    23.0444    23.0446     6.9728     7.1477    212.996    218.337     2.3736     2.2943     0.1722     3.2790     3.3602     0.1074     0.2613 -122.39230   37.82370       4.62          3  0.000e+00
      11928    496.958     18.429     18.569    18.4098    18.4096  43.016338  43.015347    18.4066    18.4064    32.2198    32.2192    23.0449    23.0444     6.9684     7.1477    212.859    218.337     2.3724     2.2943     0.1734     3.3096     3.3602     0.1074     0.2613 -122.39230   37.82370       4.62          3  0.000e+00
      11929    497.000     18.376     18.515    18.4095    18.4098  43.016816  43.015278    18.4063    18.4066    32.2205    32.2190    23.0454    23.0442     6.9683     7.1476    212.858    218.335     2.3724     2.2943     0.1722     3.2790     3.3602     0.1074     0.2613 -122.39230   37.82370       4.62          3  0.000e+00
      11930    497.042     18.376     18.515    18.4095    18.4096  43.016269  43.015278    18.4063    18.4064    32.2200    32.2191    23.0451    23.0444     6.9684     7.1477    212.859    218.336     2.3724     2.2943     0.1734     3.3096     3.3590     0.1074     0.2613 -122.39230   37.82370       4.62          3  0.000e+00
      11931    497.083     18.376     18.515    18.4093    18.4098  43.016064  43.014869    18.4062    18.4066    32.2200    32.2186    23.0451    23.0440     6.9684     7.1525    212.859    218.485     2.3724     2.2955     0.1722     3.2790     3.3602     0.1074     0.2613 -122.39230   37.82370       4.62          3  0.000e+00
      11932    497.125     18.429     18.569    18.4092    18.4096  43.016065  43.014596    18.4060    18.4064    32.2201    32.2185    23.0452    23.0440     6.9684     7.1526    212.861    218.487     2.3724     2.2955     0.1722     3.2790     3.3602     0.1074     0.2601 -122.39230   37.82370       4.62          3  0.000e+00
      11933    497.167     18.376     18.515    18.4086    18.4096  43.016064  43.014801    18.4054    18.4064    32.2206    32.2187    23.0458    23.0441     6.9639     7.1477    212.724    218.337     2.3712     2.2943     0.1734     3.3096     3.3590     0.1074     0.2601 -122.39230   37.82370       4.62          3  0.000e+00
      11934    497.208     18.376     18.515    18.4083    18.4096  43.015860  43.014596    18.4051    18.4064    32.2206    32.2186    23.0459    23.0440     6.9640     7.1477    212.725    218.337     2.3712     2.2943     0.1722     3.2790     3.3602     0.1074     0.2601 -122.39230   37.82370       4.62          3  0.000e+00
      11935    497.250     18.376     18.515    18.4076    18.4094  43.015723  43.013981    18.4044    18.4062    32.2210    32.2182    23.0464    23.0437     6.9640     7.1477    212.727    218.338     2.3712     2.2943     0.1722     3.2790     3.3602     0.1074     0.2601 -122.39230   37.82370       4.62          3  0.000e+00
      11936    497.292     18.376     18.515    18.4073    18.4091  43.015450  43.013162    18.4041    18.4059    32.2211    32.2177    23.0464    23.0435     6.9641     7.1478    212.728    218.340     2.3712     2.2943     0.1709     3.2485     3.3602     0.1074     0.2601 -122.39230   37.82370       4.62          3  0.000e+00
      11937    497.333     18.376     18.515    18.4073    18.4091  43.015587  43.013026    18.4041    18.4059    32.2212    32.2176    23.0465    23.0434     6.9641     7.1478    212.728    218.340     2.3712     2.2943     0.1697     3.2180     3.3614     0.1074     0.2601 -122.39230   37.82370       4.64          3  0.000e+00
      11938    497.375     18.376     18.515    18.4070    18.4087  43.015518  43.013640    18.4039    18.4055    32.2213    32.2184    23.0467    23.0441     6.9641     7.1478    212.729    218.341     2.3712     2.2943     0.1697     3.2180     3.3602     0.1074     0.2613 -122.39230   37.82370       4.66          3  0.000e+00
      11939    497.417     18.376     18.515    18.4071    18.4085  43.015382  43.014050    18.4039    18.4054    32.2211    32.2189    23.0465    23.0445     6.9641     7.1478    212.729    218.341     2.3712     2.2943     0.1709     3.2485     3.3590     0.1074     0.2613 -122.39230   37.82370       4.66          3  0.000e+00
      11940    497.458     18.376     18.515    18.4073    18.4082  43.015382  43.014596    18.4041    18.4050    32.2210    32.2196    23.0464    23.0451     6.9641     7.1478    212.728    218.341     2.3712     2.2943     0.1697     3.2180     3.3590     0.1074     0.2601 -122.39230   37.82370       4.66          3  0.000e+00
      11941    497.500     18.376     18.515    18.4074    18.4082  43.015382  43.015142    18.4043    18.4050    32.2209    32.2201    23.0463    23.0455     6.9641     7.1478    212.728    218.341     2.3712     2.2943     0.1697     3.2180     3.3602     0.1062     0.2613 -122.39230   37.82370       4.66          3  0.000e+00
      11942    497.542     18.330     18.468    18.4076    18.4082  43.015381  43.015005    18.4044    18.4051    32.2208    32.2200    23.0461    23.0454     6.9640     7.1527    212.726    218.488     2.3712     2.2955     0.1697     3.2180     3.3602     0.1062     0.2601 -122.39230   37.82370       4.66          3  0.000e+00
      11943    497.583     18.323     18.462    18.4073    18.4085  43.015655  43.014323    18.4042    18.4054    32.2212    32.2191    23.0465    23.0447     6.9640     7.1526    212.726    218.488     2.3712     2.2955     0.1709     3.2485     3.3602     0.1074     0.2601 -122.39230   37.82370       4.66          3  0.000e+00
      11944    497.625     18.376     18.515    18.4074    18.4085  43.015450  43.014186    18.4043    18.4053    32.2209    32.2190    23.0463    23.0446     6.9641     7.1527    212.728    218.490     2.3712     2.2955     0.1709     3.2485     3.3602     0.1074     0.2601 -122.39230   37.82370       4.64          3  0.000e+00
      11945    497.667     18.376     18.515    18.4073    18.4085  43.015382  43.013504    18.4041    18.4054    32.2210    32.2184    23.0464    23.0441     6.9641     7.1527    212.728    218.490     2.3712     2.2955     0.1697     3.2180     3.3602     0.1074     0.2589 -122.39230   37.82370       4.64          3  0.000e+00
      11946    497.708     18.330     18.468    18.4074    18.4091  43.015381  43.013913    18.4043    18.4059    32.2209    32.2184    23.0463    23.0440     6.9685     7.1526    212.864    218.487     2.3724     2.2955     0.1709     3.2485     3.3590     0.1074     0.2589 -122.39230   37.82370       4.64          3  0.000e+00
      11947    497.750     18.323     18.462    18.4072    18.4091  43.015723  43.013913    18.4040    18.4059    32.2214    32.2184    23.0467    23.0440     6.9640     7.1526    212.727    218.487     2.3712     2.2955     0.1709     3.2485     3.3590     0.1074     0.2601 -122.39230   37.82370       4.66          3  0.000e+00
      11948    497.792     18.330     18.468    18.4073    18.4089  43.015723  43.013503    18.4041    18.4057    32.2213    32.2182    23.0466    23.0439     6.9640     7.1526    212.727    218.488     2.3712     2.2955     0.1709     3.2485     3.3602     0.1062     0.2589 -122.39230   37.82370       4.64          3  0.000e+00
      11949    497.833     18.376     18.515    18.4073    18.4089  43.015108  43.012821    18.4041    18.4057    32.2208    32.2176    23.0462    23.0434     6.9641     7.1527    212.729    218.490     2.3712     2.2955     0.1697     3.2180     3.3602     0.1074     0.2589 -122.39230   37.82370       4.66          3  0.000e+00
      11950    497.875     18.323     18.462    18.4076    18.4085  43.015518  43.012616    18.4044    18.4054    32.2209    32.2177    23.0462    23.0436     6.9640     7.1527    212.726    218.490     2.3712     2.2955     0.1709     3.2485     3.3602     0.1074     0.2589 -122.39230   37.82370       4.69          3  0.000e+00
      11951    497.917     18.330     18.468    18.4074    18.4084  43.016338  43.012957    18.4043    18.4052    32.2217    32.2181    23.0469    23.0439     6.9640     7.1576    212.725    218.639     2.3712     2.2967     0.1709     3.2485     3.3590     0.1074     0.2601 -122.39230   37.82370       4.71          3  0.000e+00
      11952    497.958     18.323     18.462    18.4075    18.4085  43.016133  43.013299    18.4044    18.4054    32.2215    32.2183    23.0467    23.0440     6.9640     7.1527    212.725    218.489     2.3712     2.2955     0.1709     3.2485     3.3590     0.1074     0.2601 -122.39230   37.82370       4.69          3  0.000e+00
      11953    498.000     18.329     18.468    18.4078    18.4085  43.016338  43.013162    18.4046    18.4054    32.2214    32.2182    23.0466    23.0439     6.9640     7.1527    212.724    218.490     2.3712     2.2955     0.1697     3.2180     3.3602     0.1074     0.2589 -122.39230   37.82370       4.69          3  0.000e+00
      11954    498.042     18.323     18.462    18.4083    18.4084  43.015859  43.012684    18.4051    18.4052    32.2206    32.2179    23.0459    23.0438     6.9639     7.1576    212.723    218.639     2.3712     2.2967     0.1709     3.2485     3.3602     0.1074     0.2589 -122.39230   37.82370       4.69          3  0.000e+00
      11955    498.083     18.329     18.468    18.4080    18.4083  43.015928  43.012957    18.4048    18.4052    32.2209    32.2182    23.0462    23.0440     6.9595     7.1576    212.587    218.639     2.3700     2.2967     0.1709     3.2485     3.3590     0.1074     0.2601 -122.39230   37.82370       4.69          3  0.000e+00
      11956    498.125     18.323     18.462    18.4078    18.4084  43.016406  43.013299    18.4046    18.4052    32.2215    32.2184    23.0466    23.0442     6.9640     7.1576    212.724    218.639     2.3712     2.2967     0.1697     3.2180     3.3602     0.1074     0.2601 -122.39230   37.82370       4.69          3  0.000e+00
