West Coast/WCOA-7/CTD_Data/RB2102_CTD_111_01.ros
* Sea-Bird SBE 9 Data File:
* FileName = C:\Users\scs.user.rb\CTD\RB2102\Data\RB2102_CTD_111_01.hex
* Software Version Seasave V 7.26.7.107
* Temperature SN = 6202
* Conductivity SN = 4907
* Number of Bytes Per Scan = 41
* Number of Voltage Words = 4
* Number of Scans Averaged by the Deck Unit = 1
* NMEA Latitude = 34 09.12 N
* NMEA Longitude = 121 08.98 W
* NMEA UTC (Time) = Jul 17 2021  20:14:33
* NMEA baud rate = 4800
# nquan = 30
# nvalues = 1076                                  
# units = specified
# name 0 = scan: Scan Count
# name 1 = timeS: Time, Elapsed [seconds]
# name 2 = depSM: Depth [salt water, m]
# name 3 = prDM: Pressure, Digiquartz [db]
# name 4 = t090C: Temperature [ITS-90, deg C]
# name 5 = t190C: Temperature, 2 [ITS-90, deg C]
# name 6 = c0mS/cm: Conductivity [mS/cm]
# name 7 = c1mS/cm: Conductivity, 2 [mS/cm]
# name 8 = potemp090C: Potential Temperature [ITS-90, deg C]
# name 9 = potemp190C: Potential Temperature, 2 [ITS-90, deg C]
# name 10 = sal00: Salinity, Practical [PSU]
# name 11 = sal11: Salinity, Practical, 2 [PSU]
# name 12 = sigma-é00: Density [sigma-theta, kg/m^3]
# name 13 = sigma-é11: Density, 2 [sigma-theta, kg/m^3]
# name 14 = sbeox0Mg/L: Oxygen, SBE 43 [mg/l]
# name 15 = sbeox1Mg/L: Oxygen, SBE 43, 2 [mg/l]
# name 16 = sbox0Mm/Kg: Oxygen, SBE 43 [umol/kg]
# name 17 = sbox1Mm/Kg: Oxygen, SBE 43, 2 [umol/kg]
# name 18 = sbeox0V: Oxygen raw, SBE 43 [V]
# name 19 = sbeox1V: Oxygen raw, SBE 43, 2 [V]
# name 20 = v4: Voltage 4
# name 21 = flECO-AFL: Fluorescence, WET Labs ECO-AFL/FL [mg/m^3]
# name 22 = v3: Voltage 3
# name 23 = v6: Voltage 6
# name 24 = v7: Voltage 7
# name 25 = longitude: Longitude [deg]
# name 26 = latitude: Latitude [deg]
# name 27 = altM: Altimeter [m]
# name 28 = nbf: Bottles Fired
# name 29 = flag:  0.000e+00
# interval = seconds: 0.0416667
# start_time = Jul 17 2021 20:14:33 [NMEA time, header]
# bad_flag = -9.990e-29
*END*
[from data line 484]
     148532   6188.792    198.406    199.931     8.5555     8.5561  36.010549  36.012052     8.5346     8.5352    34.1435    34.1445    26.5203    26.5210     2.1543     2.2023     65.583     67.044     0.9548     0.9426     0.0403    -0.0177     3.1770     0.0379     0.0000 -121.15146   34.15070      99.88         10  0.000e+00
     148533   6188.833    198.360    199.885     8.5555     8.5562  36.010739  36.011924     8.5347     8.5354    34.1437    34.1443    26.5205    26.5208     2.1543     2.2023     65.583     67.044     0.9548     0.9426     0.0403    -0.0177     3.1770     0.0379     0.0000 -121.15146   34.15070      99.88         10  0.000e+00
     148534   6188.875    198.380    199.905     8.5555     8.5562  36.010676  36.012560     8.5346     8.5354    34.1436    34.1449    26.5204    26.5213     2.1543     2.2023     65.583     67.044     0.9548     0.9426     0.0403    -0.0177     3.1770     0.0379     0.0000 -121.15146   34.15070      99.88         10  0.000e+00
     148535   6188.917    198.360    199.885     8.5553     8.5562  36.010994  36.012051     8.5345     8.5354    34.1441    34.1444    26.5208    26.5209     2.1543     2.2023     65.583     67.044     0.9548     0.9426     0.0403    -0.0177     3.1783     0.0379     0.0000 -121.15146   34.15070      99.88         10  0.000e+00
     148536   6188.958    198.360    199.885     8.5553     8.5557  36.010930  36.012051     8.5345     8.5349    34.1441    34.1449    26.5207    26.5213     2.1543     2.2023     65.583     67.044     0.9548     0.9426     0.0403    -0.0177     3.1783     0.0379     0.0000 -121.15146   34.15070      99.85         10  0.000e+00
     148537   6189.000    198.360    199.885     8.5551     8.5560  36.010866  36.011924     8.5343     8.5352    34.1442    34.1444    26.5209    26.5210     2.1543     2.2084     65.583     67.231     0.9548     0.9438     0.0403    -0.0177     3.1783     0.0379     0.0000 -121.15146   34.15070      99.85         10  0.000e+00
     152973   6373.833    148.970    150.097     9.0412     9.0420  36.333758  36.334854     9.0251     9.0259    34.0390    34.0393    26.3616    26.3617     3.1730     3.2478     96.612     98.889     1.1880     1.1624     0.0403    -0.0177     3.1734     0.0354     0.0000 -121.15160   34.15060      99.73         11  0.000e+00
     152974   6373.875    148.976    150.103     9.0410     9.0419  36.333758  36.334918     9.0249     9.0258    34.0391    34.0395    26.3617    26.3619     3.1730     3.2478     96.612     98.889     1.1880     1.1624     0.0403    -0.0177     3.1734     0.0354     0.0000 -121.15160   34.15060      99.73         11  0.000e+00
     152975   6373.917    148.976    150.103     9.0410     9.0417  36.333758  36.334790     9.0249     9.0256    34.0392    34.0395    26.3618    26.3619     3.1730     3.2478     96.612     98.890     1.1880     1.1624     0.0403    -0.0177     3.1734     0.0354     0.0000 -121.15160   34.15060      99.76         11  0.000e+00
     152976   6373.958    148.970    150.097     9.0408     9.0419  36.333758  36.334981     9.0247     9.0258    34.0393    34.0396    26.3619    26.3620     3.1786     3.2418     96.780     98.706     1.1893     1.1612     0.0403    -0.0177     3.1758     0.0354     0.0000 -121.15160   34.15060      99.73         11  0.000e+00
     152977   6374.000    148.930    150.057     9.0410     9.0417  36.333375  36.334726     9.0249     9.0256    34.0388    34.0395    26.3615    26.3619     3.1730     3.2418     96.612     98.706     1.1880     1.1612     0.0403    -0.0177     3.1734     0.0354     0.0000 -121.15160   34.15060      99.73         11  0.000e+00
     152978   6374.042    148.970    150.097     9.0412     9.0418  36.333375  36.334981     9.0251     9.0257    34.0386    34.0397    26.3613    26.3621     3.1730     3.2418     96.612     98.706     1.1880     1.1612     0.0403    -0.0177     3.1758     0.0354     0.0000 -121.15160   34.15060      99.73         11  0.000e+00
     152979   6374.083    148.976    150.104     9.0408     9.0419  36.333630  36.334854     9.0247     9.0258    34.0392    34.0395    26.3618    26.3619     3.1731     3.2418     96.612     98.706     1.1880     1.1612     0.0403    -0.0177     3.1734     0.0354     0.0000 -121.15160   34.15060      99.73         11  0.000e+00
     152980   6374.125    148.930    150.057     9.0412     9.0417  36.333183  36.334917     9.0251     9.0256    34.0384    34.0397    26.3611    26.3621     3.1730     3.2418     96.612     98.706     1.1880     1.1612     0.0403    -0.0177     3.1746     0.0354     0.0000 -121.15160   34.15060      99.76         11  0.000e+00
     152981   6374.167    148.970    150.097     9.0410     9.0420  36.333183  36.334790     9.0249     9.0259    34.0386    34.0392    26.3613    26.3616     3.1731     3.2418     96.612     98.706     1.1880     1.1612     0.0403    -0.0177     3.1746     0.0354     0.0000 -121.15160   34.15060      99.73         11  0.000e+00
     152982   6374.208    148.977    150.104     9.0408     9.0420  36.333375  36.334981     9.0247     9.0259    34.0389    34.0394    26.3616    26.3618     3.1786     3.2418     96.781     98.706     1.1893     1.1612     0.0403    -0.0177     3.1746     0.0354     0.0000 -121.15160   34.15060      99.73         11  0.000e+00
     152983   6374.250    148.917    150.043     9.0412     9.0419  36.333438  36.334854     9.0251     9.0258    34.0387    34.0395    26.3614    26.3619     3.1785     3.2418     96.779     98.705     1.1893     1.1612     0.0403    -0.0177     3.1746     0.0354     0.0000 -121.15160   34.15060      99.73         11  0.000e+00
     152984   6374.292    148.977    150.104     9.0410     9.0419  36.333439  36.334918     9.0249     9.0258    34.0388    34.0395    26.3615    26.3619     3.1730     3.2418     96.612     98.706     1.1880     1.1612     0.0403    -0.0177     3.1746     0.0354     0.0000 -121.15160   34.15060      99.73         11  0.000e+00
     152985   6374.333    148.970    150.097     9.0408     9.0419  36.333503  36.335045     9.0247     9.0258    34.0390    34.0396    26.3617    26.3620     3.1731     3.2418     96.612     98.706     1.1880     1.1612     0.0403    -0.0177     3.1746     0.0354     0.0000 -121.15160   34.15060      99.73         11  0.000e+00
     152986   6374.375    148.930    150.057     9.0410     9.0420  36.333439  36.334854     9.0249     9.0259    34.0388    34.0393    26.3615    26.3617     3.1730     3.2418     96.612     98.705     1.1880     1.1612     0.0403    -0.0177     3.1746     0.0354     0.0000 -121.15160   34.15060      99.73         11  0.000e+00
     152987   6374.417    148.877    150.003     9.0412     9.0420  36.333438  36.334917     9.0251     9.0260    34.0387    34.0394    26.3614    26.3618     3.1730     3.2357     96.611     98.521     1.1880     1.1600     0.0403    -0.0177     3.1746     0.0354     0.0000 -121.15160   34.15060      99.73         11  0.000e+00
     152988   6374.458    148.970    150.097     9.0410     9.0420  36.333630  36.335300     9.0249     9.0259    34.0390    34.0397    26.3616    26.3621     3.1730     3.2418     96.612     98.705     1.1880     1.1612     0.0403    -0.0177     3.1746     0.0354     0.0000 -121.15160   34.15060      99.73         11  0.000e+00
     152989   6374.500    148.930    150.057     9.0410     9.0419  36.333949  36.334917     9.0249     9.0258    34.0394    34.0395    26.3619    26.3619     3.1730     3.2418     96.611     98.706     1.1880     1.1612     0.0403    -0.0177     3.1746     0.0354     0.0000 -121.15160   34.15060      99.73         11  0.000e+00
     152990   6374.542    148.917    150.044     9.0408     9.0420  36.333439  36.334662     9.0247     9.0259    34.0390    34.0391    26.3616    26.3616     3.1730     3.2418     96.612     98.705     1.1880     1.1612     0.0403    -0.0177     3.1734     0.0354     0.0000 -121.15160   34.15060      99.73         11  0.000e+00
     152991   6374.583    148.977    150.104     9.0410     9.0420  36.333375  36.335236     9.0249     9.0259    34.0388    34.0397    26.3615    26.3620     3.1730     3.2418     96.612     98.706     1.1880     1.1612     0.0403    -0.0177     3.1746     0.0354     0.0000 -121.15160   34.15060      99.73         11  0.000e+00
     152992   6374.625    148.831    149.957     9.0408     9.0422  36.333438  36.334917     9.0248     9.0261    34.0390    34.0393    26.3617    26.3617     3.1730     3.2417     96.611     98.704     1.1880     1.1612     0.0403    -0.0177     3.1734     0.0354     0.0000 -121.15160   34.15060      99.73         11  0.000e+00
     152993   6374.667    148.970    150.097     9.0407     9.0421  36.333439  36.334917     9.0246     9.0260    34.0391    34.0393    26.3618    26.3617     3.1731     3.2358     96.613     98.522     1.1880     1.1600     0.0403    -0.0177     3.1746     0.0354     0.0000 -121.15160   34.15060      99.73         11  0.000e+00
     152994   6374.708    148.877    150.004     9.0408     9.0420  36.333757  36.335300     9.0248     9.0260    34.0393    34.0398    26.3619    26.3621     3.1730     3.2418     96.611     98.704     1.1880     1.1612     0.0403    -0.0177     3.1734     0.0354     0.0000 -121.15160   34.15060      99.73         11  0.000e+00
     152995   6374.750    148.871    149.997     9.0407     9.0424  36.333502  36.334917     9.0246     9.0263    34.0392    34.0391    26.3618    26.3615     3.1730     3.2417     96.611     98.704     1.1880     1.1612     0.0403    -0.0177     3.1734     0.0354     0.0000 -121.15160   34.15060      99.73         11  0.000e+00
     152996   6374.792    148.930    150.057     9.0408     9.0420  36.333119  36.334662     9.0247     9.0259    34.0386    34.0391    26.3614    26.3616     3.1730     3.2358     96.612     98.522     1.1880     1.1600     0.0403    -0.0177     3.1746     0.0354     0.0000 -121.15160   34.15060      99.73         11  0.000e+00
     152997   6374.833    148.877    150.004     9.0407     9.0420  36.333311  36.334981     9.0246     9.0260    34.0390    34.0395    26.3617    26.3618     3.1730     3.2357     96.612     98.521     1.1880     1.1600     0.0403    -0.0177     3.1746     0.0354     0.0000 -121.15160   34.15060      99.73         11  0.000e+00
     152998   6374.875    148.871    149.997     9.0407     9.0422  36.333502  36.334853     9.0246     9.0261    34.0392    34.0392    26.3619    26.3616     3.1730     3.2418     96.611     98.704     1.1880     1.1612     0.0403    -0.0177     3.1734     0.0354     0.0000 -121.15160   34.15060      99.73         11  0.000e+00
     152999   6374.917    148.831    149.957     9.0407     9.0420  36.333438  36.334917     9.0246     9.0260    34.0392    34.0394    26.3618    26.3618     3.1730     3.2357     96.611     98.521     1.1880     1.1600     0.0403    -0.0177     3.1746     0.0354     0.0000 -121.15160   34.15060      99.73         11  0.000e+00
     153000   6374.958    148.871    149.997     9.0408     9.0421  36.333630  36.335045     9.0248     9.0260    34.0392    34.0395    26.3618    26.3618     3.1675     3.2418     96.443     98.704     1.1868     1.1612     0.0403    -0.0177     3.1734     0.0354     0.0000 -121.15160   34.15060      99.73         11  0.000e+00
     153001   6375.000    148.878    150.004     9.0407     9.0420  36.333502  36.335108     9.0246     9.0260    34.0392    34.0396    26.3618    26.3619     3.1730     3.2357     96.611     98.521     1.1880     1.1600     0.0403    -0.0177     3.1746     0.0354     0.0000 -121.15160   34.15060      99.73         11  0.000e+00
     153002   6375.042    148.831    149.957     9.0407     9.0419  36.333502  36.334981     9.0246     9.0258    34.0393    34.0397    26.3619    26.3620     3.1730     3.2357     96.611     98.521     1.1880     1.1600     0.0403    -0.0177     3.1734     0.0354     0.0000 -121.15160   34.15060      99.73         11  0.000e+00
     153003   6375.083    148.818    149.944     9.0408     9.0420  36.333438  36.335300     9.0248     9.0260    34.0390    34.0398    26.3617    26.3621     3.1675     3.2357     96.442     98.520     1.1868     1.1600     0.0403    -0.0177     3.1746     0.0354     0.0000 -121.15160   34.15060      99.73         11  0.000e+00
     153004   6375.125    148.831    149.957     9.0408     9.0419  36.333630  36.334917     9.0248     9.0258    34.0392    34.0396    26.3618    26.3620     3.1730     3.2357     96.611     98.521     1.1880     1.1600     0.0403    -0.0177     3.1734     0.0354     0.0000 -121.15160   34.15060      99.73         11  0.000e+00
     153005   6375.167    148.771    149.897     9.0410     9.0420  36.333502  36.334789     9.0249     9.0260    34.0389    34.0393    26.3616    26.3617     3.1674     3.2357     96.441     98.520     1.1868     1.1600     0.0403    -0.0177     3.1746     0.0354     0.0000 -121.15160   34.15060      99.73         11  0.000e+00
     153006   6375.208    148.831    149.957     9.0410     9.0419  36.333757  36.334662     9.0249     9.0258    34.0392    34.0393    26.3618    26.3618     3.1675     3.2357     96.442     98.521     1.1868     1.1600     0.0403    -0.0177     3.1746     0.0354     0.0000 -121.15160   34.15060      99.73         11  0.000e+00
     153007   6375.250    148.818    149.944     9.0410     9.0421  36.333502  36.335236     9.0249     9.0260    34.0389    34.0397    26.3616    26.3620     3.1730     3.2357     96.610     98.520     1.1880     1.1600     0.0403    -0.0177     3.1734     0.0354     0.0000 -121.15160   34.15060      99.73         11  0.000e+00
     153008   6375.292    148.732    149.857     9.0410     9.0419  36.333438  36.335172     9.0249     9.0258    34.0389    34.0399    26.3616    26.3622     3.1729     3.2357     96.609     98.519     1.1880     1.1600     0.0403    -0.0177     3.1746     0.0354     0.0000 -121.15160   34.15060      99.73         11  0.000e+00
     153009   6375.333    148.831    149.957     9.0412     9.0420  36.333630  36.334981     9.0251     9.0260    34.0389    34.0395    26.3615    26.3618     3.1730     3.2357     96.610     98.521     1.1880     1.1600     0.0403    -0.0177     3.1746     0.0354     0.0000 -121.15160   34.15060      99.73         11  0.000e+00
     153010   6375.375    148.725    149.850     9.0412     9.0420  36.333821  36.334789     9.0251     9.0260    34.0392    34.0393    26.3617    26.3617     3.1729     3.2357     96.609     98.519     1.1880     1.1600     0.0403    -0.0177     3.1746     0.0354     0.0000 -121.15160   34.15060      99.73         11  0.000e+00
     153011   6375.417    148.785    149.910     9.0410     9.0419  36.333502  36.334789     9.0249     9.0258    34.0389    34.0395    26.3616    26.3619     3.1730     3.2357     96.610     98.520     1.1880     1.1600     0.0403    -0.0177     3.1746     0.0354     0.0000 -121.15160   34.15060      99.73         11  0.000e+00
     153012   6375.458    148.725    149.850     9.0412     9.0419  36.333119  36.334406     9.0251     9.0258    34.0384    34.0391    26.3612    26.3616     3.1729     3.2357     96.609     98.520     1.1880     1.1600     0.0403    -0.0177     3.1746     0.0354     0.0000 -121.15160   34.15060      99.73         11  0.000e+00
     153013   6375.500    148.685    149.810     9.0412     9.0419  36.333310  36.334917     9.0251     9.0258    34.0386    34.0397    26.3613    26.3620     3.1729     3.2417     96.608     98.702     1.1880     1.1612     0.0403    -0.0177     3.1734     0.0354     0.0000 -121.15160   34.15060      99.73         11  0.000e+00
