West Coast/WCOA-7/CTD_Data/RB2102_CTD_059_01.ros
* Sea-Bird SBE 9 Data File:
* FileName = C:\Users\scs.user.rb\CTD\RB2102\Data\RB2102_CTD_059_01.hex
* Software Version Seasave V 7.26.7.107
* Temperature SN = 6202
* Conductivity SN = 4907
* Number of Bytes Per Scan = 41
* Number of Voltage Words = 4
* Number of Scans Averaged by the Deck Unit = 1
* NMEA Latitude = 43 18.03 N
* NMEA Longitude = 124 30.11 W
* NMEA UTC (Time) = Jul 05 2021  17:29:56
* NMEA baud rate = 4800
# nquan = 30
# nvalues = 637                                   
# units = specified
# name 0 = scan: Scan Count
# name 1 = timeS: Time, Elapsed [seconds]
# name 2 = depSM: Depth [salt water, m]
# name 3 = prDM: Pressure, Digiquartz [db]
# name 4 = t090C: Temperature [ITS-90, deg C]
# name 5 = t190C: Temperature, 2 [ITS-90, deg C]
# name 6 = c0mS/cm: Conductivity [mS/cm]
# name 7 = c1mS/cm: Conductivity, 2 [mS/cm]
# name 8 = potemp090C: Potential Temperature [ITS-90, deg C]
# name 9 = potemp190C: Potential Temperature, 2 [ITS-90, deg C]
# name 10 = sal00: Salinity, Practical [PSU]
# name 11 = sal11: Salinity, Practical, 2 [PSU]
# name 12 = sigma-é00: Density [sigma-theta, kg/m^3]
# name 13 = sigma-é11: Density, 2 [sigma-theta, kg/m^3]
# name 14 = sbeox0Mg/L: Oxygen, SBE 43 [mg/l]
# name 15 = sbeox1Mg/L: Oxygen, SBE 43, 2 [mg/l]
# name 16 = sbox0Mm/Kg: Oxygen, SBE 43 [umol/kg]
# name 17 = sbox1Mm/Kg: Oxygen, SBE 43, 2 [umol/kg]
# name 18 = sbeox0V: Oxygen raw, SBE 43 [V]
# name 19 = sbeox1V: Oxygen raw, SBE 43, 2 [V]
# name 20 = v4: Voltage 4
# name 21 = flECO-AFL: Fluorescence, WET Labs ECO-AFL/FL [mg/m^3]
# name 22 = v3: Voltage 3
# name 23 = v6: Voltage 6
# name 24 = v7: Voltage 7
# name 25 = longitude: Longitude [deg]
# name 26 = latitude: Latitude [deg]
# name 27 = altM: Altimeter [m]
# name 28 = nbf: Bottles Fired
# name 29 = flag:  0.000e+00
# interval = seconds: 0.0416667
# start_time = Jul 05 2021 17:29:56 [NMEA time, header]
# bad_flag = -9.990e-29
*END*
[from data line 436]
      34719   1446.583     14.599     14.716     9.2524     9.2496  35.954773  35.951042     9.2508     9.2481    33.5071    33.5058    25.9093    25.9087     4.8818     5.0603    148.705    154.144     1.5861     1.5495     0.0818     1.0202     3.2857     0.0830     0.1502 -124.50290   43.30052      76.07          9  0.000e+00
      34720   1446.625     14.605     14.723     9.2521     9.2491  35.954837  35.950534     9.2505     9.2475    33.5074    33.5058    25.9096    25.9088     4.8872     5.0663    148.871    154.326     1.5873     1.5507     0.0818     1.0202     3.2857     0.0830     0.1502 -124.50290   43.30052      76.07          9  0.000e+00
      34721   1446.667     14.599     14.716     9.2518     9.2488  35.954837  35.950153     9.2502     9.2472    33.5077    33.5057    25.9099    25.9088     4.8872     5.0604    148.871    154.147     1.5873     1.5495     0.0806     0.9897     3.2845     0.0830     0.1502 -124.50290   43.30052      76.09          9  0.000e+00
      34722   1446.708     14.546     14.663     9.2516     9.2482  35.954837  35.949772     9.2500     9.2466    33.5079    33.5059    25.9101    25.9090     4.8872     5.0664    148.871    154.328     1.5873     1.5507     0.0818     1.0202     3.2833     0.0830     0.1502 -124.50290   43.30052      76.09          9  0.000e+00
      34723   1446.750     14.652     14.770     9.2516     9.2480  35.954964  35.949963     9.2500     9.2464    33.5080    33.5062    25.9102    25.9093     4.8873     5.0665    148.873    154.331     1.5873     1.5507     0.0818     1.0202     3.2845     0.0842     0.1502 -124.50290   43.30052      76.12          9  0.000e+00
      37105   1546.000     10.018     10.099    12.1261    12.1285  38.260485  38.261840    12.1248    12.1273    33.1912    33.1904    25.1610    25.1599     7.9026     8.1848    240.900    249.500     2.3822     2.3101     0.1636     3.0654     3.2772     0.0000     0.1306 -124.50288   43.30052      80.93         10  0.000e+00
      37106   1546.042      9.959     10.039    12.1273    12.1289  38.261006  38.260538    12.1260    12.1276    33.1907    33.1888    25.1603    25.1586     7.9024     8.1792    240.893    249.330     2.3822     2.3089     0.1648     3.0959     3.2759     0.0000     0.1306 -124.50288   43.30052      80.90         10  0.000e+00
      37107   1546.083     10.005     10.085    12.1283    12.1270  38.261918  38.256633    12.1270    12.1257    33.1907    33.1867    25.1601    25.1573     7.9074     8.1797    241.044    249.346     2.3834     2.3089     0.1648     3.0959     3.2772     0.0000     0.1306 -124.50288   43.30052      80.90         10  0.000e+00
      37108   1546.125     10.058     10.139    12.1298    12.1235  38.262895  38.254811    12.1285    12.1222    33.1902    33.1880    25.1595    25.1590     7.9072     8.1859    241.039    249.533     2.3834     2.3101     0.1636     3.0654     3.2759     0.0000     0.1306 -124.50288   43.30052      80.90         10  0.000e+00
      37109   1546.167      9.972     10.052    12.1311    12.1219  38.264132  38.255331    12.1298    12.1206    33.1903    33.1900    25.1593    25.1609     7.9069     8.1804    241.029    249.368     2.3834     2.3089     0.1636     3.0654     3.2772     0.0000     0.1294 -124.50288   43.30052      80.81         10  0.000e+00
      37110   1546.208     10.058     10.139    12.1314    12.1247  38.264523  38.256568    12.1301    12.1234    33.1904    33.1887    25.1593    25.1593     7.9069     8.1801    241.030    249.357     2.3834     2.3089     0.1636     3.0654     3.2759     0.0000     0.1294 -124.50288   43.30052      80.73         10  0.000e+00
      37111   1546.250     10.058     10.139    12.1323    12.1254  38.264002  38.254941    12.1310    12.1241    33.1891    33.1865    25.1582    25.1575     7.9068     8.1801    241.028    249.357     2.3834     2.3089     0.1636     3.0654     3.2772     0.0000     0.1294 -124.50288   43.30052      80.71         10  0.000e+00
      37112   1546.292     10.058     10.139    12.1314    12.1252  38.263611  38.253509    12.1301    12.1239    33.1895    33.1852    25.1586    25.1565     7.9069     8.1801    241.032    249.360     2.3834     2.3089     0.1636     3.0654     3.2759     0.0000     0.1294 -124.50288   43.30052      80.73         10  0.000e+00
      37113   1546.333     10.118     10.199    12.1302    12.1260  38.263482  38.255201    12.1289    12.1247    33.1905    33.1862    25.1596    25.1571     7.9072     8.1745    241.038    249.187     2.3834     2.3077     0.1636     3.0654     3.2772     0.0000     0.1294 -124.50288   43.30052      80.73         10  0.000e+00
      37114   1546.375     10.058     10.139    12.1305    12.1262  38.264524  38.257414    12.1292    12.1249    33.1912    33.1881    25.1602    25.1586     7.9121     8.1798    241.189    249.350     2.3846     2.3089     0.1636     3.0654     3.2772     0.0000     0.1294 -124.50288   43.30052      80.73         10  0.000e+00
      37115   1546.417     10.104     10.186    12.1310    12.1260  38.264133  38.257935    12.1297    12.1247    33.1904    33.1888    25.1594    25.1591     7.9121     8.1799    241.189    249.351     2.3846     2.3089     0.1648     3.0959     3.2759     0.0000     0.1294 -124.50288   43.30052      80.78         10  0.000e+00
      37116   1546.458     10.104     10.186    12.1295    12.1249  38.262309  38.257480    12.1282    12.1236    33.1899    33.1894    25.1593    25.1598     7.9124     8.1745    241.197    249.188     2.3846     2.3077     0.1636     3.0654     3.2772     0.0000     0.1294 -124.50288   43.30052      80.83         10  0.000e+00
      37117   1546.500     10.104     10.186    12.1268    12.1242  38.259248  38.255006    12.1255    12.1229    33.1894    33.1876    25.1594    25.1585     7.9129     8.1747    241.212    249.195     2.3846     2.3077     0.1636     3.0654     3.2772     0.0000     0.1294 -124.50288   43.30052      80.83         10  0.000e+00
      37118   1546.542     10.164     10.246    12.1232    12.1230  38.253386  38.253249    12.1219    12.1217    33.1869    33.1869    25.1582    25.1582     7.9137     8.1750    241.237    249.204     2.3846     2.3077     0.1636     3.0654     3.2759     0.0000     0.1282 -124.50288   43.30052      80.81         10  0.000e+00
      37119   1546.583     10.104     10.186    12.1176    12.1207  38.248762  38.250320    12.1163    12.1194    33.1874    33.1862    25.1596    25.1581     7.9146     8.1755    241.264    249.217     2.3846     2.3077     0.1636     3.0654     3.2772     0.0000     0.1282 -124.50288   43.30052      80.83         10  0.000e+00
      37120   1546.625     10.204     10.286    12.1163    12.1094  38.249479  38.244203    12.1150    12.1081    33.1892    33.1903    25.1613    25.1634     7.9148     8.1774    241.270    249.276     2.3846     2.3077     0.1636     3.0654     3.2772     0.0000     0.1282 -124.50288   43.30052      80.83         10  0.000e+00
      37121   1546.667     10.157     10.239    12.1184    12.1027  38.251563  38.242251    12.1171    12.1014    33.1894    33.1944    25.1610    25.1678     7.9195     8.1784    241.413    249.305     2.3858     2.3077     0.1648     3.0959     3.2772     0.0000     0.1282 -124.50288   43.30052      80.83         10  0.000e+00
      37122   1546.708     10.164     10.246    12.1138    12.1043  38.248307  38.244138    12.1125    12.1030    33.1903    33.1947    25.1626    25.1678     7.9202     8.1781    241.435    249.295     2.3858     2.3077     0.1636     3.0654     3.2772     0.0000     0.1270 -124.50288   43.30052      80.85         10  0.000e+00
      37123   1546.750     10.204     10.286    12.1064    12.1099  38.241274  38.248173    12.1050    12.1086    33.1901    33.1937    25.1639    25.1660     7.9216     8.1772    241.476    249.267     2.3858     2.3077     0.1648     3.0959     3.2759     0.0000     0.1270 -124.50288   43.30052      80.83         10  0.000e+00
      37124   1546.792     10.157     10.239    12.0982    12.1153  38.235218  38.252273    12.0969    12.1140    33.1915    33.1928    25.1665    25.1642     7.9228     8.1762    241.514    249.237     2.3858     2.3077     0.1648     3.0959     3.2759     0.0000     0.1233 -124.50288   43.30052      80.85         10  0.000e+00
      37125   1546.833     10.250     10.333    12.0949    12.1187  38.231182  38.254747    12.0936    12.1174    33.1905    33.1921    25.1663    25.1631     7.9286     8.1757    241.691    249.222     2.3871     2.3077     0.1636     3.0654     3.2759     0.0000     0.1209 -124.50288   43.30052      80.85         10  0.000e+00
      37126   1546.875     10.217     10.299    12.0976    12.1195  38.230530  38.255267    12.0962    12.1182    33.1876    33.1919    25.1635    25.1628     7.9283     8.1755    241.682    249.217     2.3871     2.3077     0.1648     3.0959     3.2759     0.0000     0.1209 -124.50288   43.30052      80.85         10  0.000e+00
      37127   1546.917     10.204     10.286    12.1003    12.1195  38.230074  38.254226    12.0989    12.1182    33.1847    33.1909    25.1608    25.1620     7.9280     8.1755    241.672    249.218     2.3871     2.3077     0.1636     3.0654     3.2772     0.0000     0.1209 -124.50288   43.30052      80.73         10  0.000e+00
      37128   1546.958     10.303     10.386    12.0957    12.1210  38.229489  38.254682    12.0944    12.1197    33.1881    33.1900    25.1643    25.1610     7.9287     8.1754    241.693    249.214     2.3871     2.3077     0.1648     3.0959     3.2759     0.0000     0.1221 -124.50288   43.30052      80.66         10  0.000e+00
      37129   1547.000     10.204     10.286    12.0903    12.1234  38.227731  38.256504    12.0890    12.1221    33.1913    33.1897    25.1678    25.1603     7.9344     8.1749    241.868    249.199     2.3883     2.3077     0.1648     3.0959     3.2759     0.0000     0.1221 -124.50288   43.30052      80.66         10  0.000e+00
      37130   1547.042     10.263     10.346    12.0874    12.1257  38.227536  38.257936    12.0861    12.1244    33.1937    33.1890    25.1702    25.1593     7.9349     8.1690    241.881    249.020     2.3883     2.3065     0.1636     3.0654     3.2759     0.0000     0.1221 -124.50288   43.30052      80.66         10  0.000e+00
      37131   1547.083     10.250     10.333    12.0859    12.1276  38.228839  38.259237    12.0846    12.1262    33.1963    33.1886    25.1725    25.1587     7.9350     8.1742    241.884    249.179     2.3883     2.3077     0.1636     3.0654     3.2759     0.0000     0.1221 -124.50288   43.30052      80.66         10  0.000e+00
      37132   1547.125     10.303     10.386    12.0873    12.1289  38.230792  38.260605    12.0860    12.1275    33.1969    33.1888    25.1727    25.1586     7.9348     8.1685    241.877    249.004     2.3883     2.3065     0.1624     3.0348     3.2772     0.0000     0.1221 -124.50288   43.30052      80.66         10  0.000e+00
      37133   1547.167     10.303     10.386    12.0891    12.1300  38.232550  38.261972    12.0878    12.1287    33.1970    33.1891    25.1725    25.1586     7.9345     8.1683    241.867    248.997     2.3883     2.3065     0.1624     3.0348     3.2772     0.0000     0.1221 -124.50288   43.30052      80.66         10  0.000e+00
      37134   1547.208     10.303     10.386    12.0910    12.1316  38.234504  38.263794    12.0897    12.1302    33.1972    33.1895    25.1722    25.1586     7.9341     8.1679    241.857    248.988     2.3883     2.3065     0.1624     3.0348     3.2759     0.0000     0.1221 -124.50288   43.30052      80.66         10  0.000e+00
      37135   1547.250     10.263     10.346    12.0941    12.1321  38.235675  38.264315    12.0927    12.1308    33.1956    33.1895    25.1705    25.1585     7.9387     8.1678    241.998    248.983     2.3895     2.3065     0.1624     3.0348     3.2772     0.0000     0.1221 -124.50288   43.30052      80.66         10  0.000e+00
      37136   1547.292     10.350     10.433    12.0978    12.1316  38.236261  38.263274    12.0964    12.1302    33.1928    33.1889    25.1676    25.1582     7.9383     8.1680    241.986    248.990     2.3895     2.3065     0.1624     3.0348     3.2759     0.0000     0.1233 -124.50288   43.30052      80.66         10  0.000e+00
      37137   1547.333     10.303     10.386    12.0994    12.1299  38.236586  38.261711    12.0980    12.1286    33.1918    33.1889    25.1665    25.1585     7.9381     8.1683    241.978    248.998     2.3895     2.3065     0.1624     3.0348     3.2772     0.0000     0.1221 -124.50288   43.30052      80.66         10  0.000e+00
      37138   1547.375     10.350     10.433    12.0991    12.1279  38.235154  38.261061    12.0977    12.1265    33.1906    33.1901    25.1656    25.1598     7.9382     8.1686    241.983    249.009     2.3895     2.3065     0.1636     3.0654     3.2759     0.0000     0.1233 -124.50288   43.30052      80.66         10  0.000e+00
      37139   1547.417     10.363     10.446    12.0984    12.1262  38.236196  38.260410    12.0971    12.1249    33.1922    33.1909    25.1670    25.1607     7.9434     8.1689    242.140    249.017     2.3907     2.3065     0.1624     3.0348     3.2772     0.0000     0.1233 -124.50288   43.30052      80.68         10  0.000e+00
      37140   1547.458     10.350     10.433    12.1100    12.1234  38.243423  38.259303    12.1087    12.1221    33.1889    33.1924    25.1622    25.1624     7.9415     8.1694    242.084    249.030     2.3907     2.3065     0.1624     3.0348     3.2759     0.0000     0.1233 -124.50288   43.30052      80.68         10  0.000e+00
      37141   1547.500     10.350     10.433    12.1175    12.1185  38.246939  38.257937    12.1162    12.1172    33.1856    33.1953    25.1583    25.1656     7.9404     8.1701    242.051    249.052     2.3907     2.3065     0.1624     3.0348     3.2759     0.0000     0.1233 -124.50288   43.30052      80.68         10  0.000e+00
      37142   1547.542     10.350     10.433    12.1146    12.1157  38.240297  38.256050    12.1133    12.1144    33.1818    33.1960    25.1559    25.1667     7.9411     8.1706    242.072    249.066     2.3907     2.3065     0.1624     3.0348     3.2759     0.0000     0.1233 -124.50288   43.30052      80.68         10  0.000e+00
      37143   1547.583     10.363     10.446    12.0922    12.1152  38.225908  38.254292    12.0909    12.1139    33.1877    33.1948    25.1647    25.1658     7.9446     8.1708    242.179    249.072     2.3907     2.3065     0.1636     3.0654     3.2772     0.0000     0.1233 -124.50288   43.30052      80.68         10  0.000e+00
      37144   1547.625     10.403     10.486    12.0384    12.1145  38.213674  38.253902    12.0370    12.1132    33.2238    33.1950    25.2029    25.1661     7.9522     8.1764    242.400    249.245     2.3907     2.3077     0.1624     3.0348     3.2772     0.0000     0.1233 -124.50288   43.30052      80.68         10  0.000e+00
      37145   1547.667     10.350     10.433    12.0393    12.1135  38.218361  38.252665    12.0380    12.1122    33.2276    33.1947    25.2056    25.1660     7.9569     8.1766    242.543    249.249     2.3919     2.3077     0.1624     3.0348     3.2772     0.0000     0.1233 -124.50288   43.30052      80.68         10  0.000e+00
      37146   1547.708     10.403     10.486    12.0488    12.1104  38.206576  38.250062    12.0474    12.1090    33.2077    33.1950    25.1884    25.1669     7.9512     8.1772    242.373    249.268     2.3907     2.3077     0.1636     3.0654     3.2759     0.0000     0.1233 -124.50288   43.30052      80.66         10  0.000e+00
