West Coast/WCOA-7/CTD_Data/RB2102_CTD_016_01.ros
* Sea-Bird SBE 9 Data File:
* FileName = C:\Users\scs.user.rb\CTD\RB2102\Data\RB2102_CTD_016_01.hex
* Software Version Seasave V 7.26.7.107
* Temperature SN = 6202
* Conductivity SN = 4907
* Number of Bytes Per Scan = 41
* Number of Voltage Words = 4
* Number of Scans Averaged by the Deck Unit = 1
* NMEA Latitude = 48 51.86 N
* NMEA Longitude = 125 25.50 W
* NMEA UTC (Time) = Jun 28 2021  12:50:16
* NMEA baud rate = 4800
# nquan = 30
# nvalues = 343                                   
# units = specified
# name 0 = scan: Scan Count
# name 1 = timeS: Time, Elapsed [seconds]
# name 2 = depSM: Depth [salt water, m]
# name 3 = prDM: Pressure, Digiquartz [db]
# name 4 = t090C: Temperature [ITS-90, deg C]
# name 5 = t190C: Temperature, 2 [ITS-90, deg C]
# name 6 = c0mS/cm: Conductivity [mS/cm]
# name 7 = c1mS/cm: Conductivity, 2 [mS/cm]
# name 8 = potemp090C: Potential Temperature [ITS-90, deg C]
# name 9 = potemp190C: Potential Temperature, 2 [ITS-90, deg C]
# name 10 = sal00: Salinity, Practical [PSU]
# name 11 = sal11: Salinity, Practical, 2 [PSU]
# name 12 = sigma-é00: Density [sigma-theta, kg/m^3]
# name 13 = sigma-é11: Density, 2 [sigma-theta, kg/m^3]
# name 14 = sbeox0Mg/L: Oxygen, SBE 43 [mg/l]
# name 15 = sbeox1Mg/L: Oxygen, SBE 43, 2 [mg/l]
# name 16 = sbox0Mm/Kg: Oxygen, SBE 43 [umol/kg]
# name 17 = sbox1Mm/Kg: Oxygen, SBE 43, 2 [umol/kg]
# name 18 = sbeox0V: Oxygen raw, SBE 43 [V]
# name 19 = sbeox1V: Oxygen raw, SBE 43, 2 [V]
# name 20 = v4: Voltage 4
# name 21 = flECO-AFL: Fluorescence, WET Labs ECO-AFL/FL [mg/m^3]
# name 22 = v3: Voltage 3
# name 23 = v6: Voltage 6
# name 24 = v7: Voltage 7
# name 25 = longitude: Longitude [deg]
# name 26 = latitude: Latitude [deg]
# name 27 = altM: Altimeter [m]
# name 28 = nbf: Bottles Fired
# name 29 = flag:  0.000e+00
# interval = seconds: 0.0416667
# start_time = Jun 28 2021 12:50:16 [NMEA time, header]
# bad_flag = -9.990e-29
*END*
[from data line 146]
      21854    910.542     20.383     20.558     9.7598     9.8506  35.160222  35.203980     9.7575     9.8484    32.2231    32.1864    24.8241    24.7806     6.2042     6.1922    189.188    188.830     1.8877     1.7900     0.0928     1.2949     3.1673     1.4115     0.9963 -125.42508   48.86460      33.70          3  0.000e+00
      24258   1010.708     15.791     15.926    10.2113    10.2469  35.407644  35.420536    10.2095    10.2451    32.0737    32.0552    24.6330    24.6126     7.0743     7.0095    215.761    213.787     2.1001     1.9731     0.1368     2.3938     3.1648     1.4103     0.2515 -125.42506   48.86460      38.07          4  0.000e+00
      24259   1010.750     15.685     15.820    10.2187    10.2487  35.408527  35.421230    10.2169    10.2470    32.0681    32.0543    24.6274    24.6116     7.0733     7.0033    215.731    213.598     2.1001     1.9719     0.1368     2.3938     3.1673     1.4103     0.2527 -125.42506   48.86460      38.10          4  0.000e+00
      24260   1010.792     15.837     15.973    10.2247    10.2494  35.409980  35.421609    10.2229    10.2476    32.0642    32.0541    24.6233    24.6113     7.0726     7.0033    215.712    213.600     2.1001     1.9719     0.1368     2.3938     3.1648     1.4103     0.2527 -125.42504   48.86460      38.10          4  0.000e+00
      24261   1010.833     15.784     15.920    10.2280    10.2510  35.410990  35.422177    10.2262    10.2492    32.0623    32.0532    24.6213    24.6104     7.0721     7.0030    215.697    213.591     2.1001     1.9719     0.1368     2.3938     3.1673     1.4115     0.2515 -125.42504   48.86460      38.12          4  0.000e+00
      24262   1010.875     15.738     15.873    10.2308    10.2528  35.411811  35.422556    10.2290    10.2511    32.0607    32.0520    24.6196    24.6091     7.0771     6.9969    215.848    213.405     2.1013     1.9707     0.1368     2.3938     3.1661     1.4115     0.2515 -125.42504   48.86460      38.12          4  0.000e+00
      24263   1010.917     15.738     15.873    10.2326    10.2545  35.411621  35.423376    10.2308    10.2527    32.0589    32.0514    24.6179    24.6083     7.0715     6.9967    215.679    213.398     2.1001     1.9707     0.1368     2.3938     3.1661     1.4115     0.2527 -125.42504   48.86460      38.12          4  0.000e+00
      24264   1010.958     15.738     15.873    10.2331    10.2558  35.411621  35.423376    10.2313    10.2540    32.0585    32.0503    24.6175    24.6073     7.0768     6.9965    215.840    213.393     2.1013     1.9707     0.1368     2.3938     3.1673     1.4103     0.2515 -125.42504   48.86460      38.12          4  0.000e+00
      24265   1011.000     15.738     15.873    10.2336    10.2563  35.410484  35.423755    10.2318    10.2545    32.0569    32.0502    24.6162    24.6071     7.0768     6.9964    215.840    213.391     2.1013     1.9707     0.1368     2.3938     3.1661     1.4103     0.2527 -125.42504   48.86460      38.12          4  0.000e+00
      24266   1011.042     15.738     15.873    10.2334    10.2572  35.408588  35.423692    10.2316    10.2554    32.0552    32.0493    24.6148    24.6062     7.0716     6.9905    215.680    213.210     2.1001     1.9695     0.1368     2.3938     3.1661     1.4115     0.2515 -125.42504   48.86460      38.12          4  0.000e+00
      24267   1011.083     15.738     15.873    10.2336    10.2563  35.408652  35.423629    10.2318    10.2545    32.0551    32.0500    24.6147    24.6070     7.0822     6.9906    216.006    213.213     2.1026     1.9695     0.1368     2.3938     3.1661     1.4115     0.2515 -125.42504   48.86460      38.12          4  0.000e+00
      24268   1011.125     15.685     15.820    10.2360    10.2552  35.409030  35.423629    10.2342    10.2534    32.0533    32.0511    24.6129    24.6080     7.0819     6.9907    215.995    213.216     2.1026     1.9695     0.1368     2.3938     3.1673     1.4103     0.2515 -125.42504   48.86460      38.14          4  0.000e+00
      24269   1011.167     15.692     15.826    10.2381    10.2535  35.408777  35.423629    10.2363    10.2517    32.0512    32.0525    24.6109    24.6094     7.0709     6.9851    215.662    213.044     2.1001     1.9683     0.1368     2.3938     3.1661     1.4115     0.2515 -125.42504   48.86460      38.14          4  0.000e+00
      24270   1011.208     15.685     15.820    10.2375    10.2516  35.408777  35.423376    10.2357    10.2498    32.0517    32.0540    24.6115    24.6109     7.0764     6.9853    215.827    213.052     2.1013     1.9683     0.1368     2.3938     3.1661     1.4115     0.2515 -125.42504   48.86460      38.14          4  0.000e+00
      24271   1011.250     15.685     15.820    10.2367    10.2505  35.408714  35.423313    10.2349    10.2488    32.0524    32.0548    24.6121    24.6117     7.0818     6.9855    215.994    213.056     2.1026     1.9683     0.1368     2.3938     3.1661     1.4103     0.2515 -125.42504   48.86460      38.12          4  0.000e+00
      24272   1011.292     15.692     15.826    10.2365    10.2504  35.407830  35.423755    10.2347    10.2486    32.0517    32.0554    24.6116    24.6122     7.0819     6.9797    215.996    212.878     2.1026     1.9670     0.1368     2.3938     3.1661     1.4115     0.2527 -125.42504   48.86460      38.14          4  0.000e+00
      24273   1011.333     15.639     15.773    10.2368    10.2514  35.406124  35.424134    10.2351    10.2496    32.0497    32.0549    24.6100    24.6116     7.0712     6.9795    215.669    212.872     2.1001     1.9670     0.1368     2.3938     3.1661     1.4115     0.2515 -125.42504   48.86460      38.22          4  0.000e+00
      24274   1011.375     15.692     15.826    10.2367    10.2541  35.405808  35.424702    10.2349    10.2524    32.0495    32.0530    24.6098    24.6097     7.0819     6.9791    215.998    212.863     2.1026     1.9670     0.1368     2.3938     3.1661     1.4103     0.2515 -125.42504   48.86460      38.24          4  0.000e+00
      24275   1011.417     15.639     15.773    10.2370    10.2570  35.406882  35.424891    10.2352    10.2552    32.0503    32.0507    24.6105    24.6074     7.0711     6.9787    215.668    212.851     2.1001     1.9670     0.1368     2.3938     3.1648     1.4103     0.2515 -125.42504   48.86460      38.24          4  0.000e+00
      24276   1011.458     15.645     15.780    10.2372    10.2587  35.406692  35.425080    10.2354    10.2569    32.0500    32.0495    24.6101    24.6061     7.0711     6.9727    215.668    212.667     2.1001     1.9658     0.1368     2.3938     3.1648     1.4115     0.2515 -125.42504   48.86460      38.24          4  0.000e+00
      24277   1011.500     15.639     15.773    10.2363    10.2599  35.407261  35.425396    10.2346    10.2581    32.0513    32.0487    24.6113    24.6054     7.0658     6.9725    215.506    212.662     2.0989     1.9658     0.1368     2.3938     3.1661     1.4103     0.2515 -125.42504   48.86460      38.24          4  0.000e+00
      24278   1011.542     15.639     15.773    10.2363    10.2601  35.407577  35.425522    10.2346    10.2584    32.0516    32.0486    24.6115    24.6052     7.0712     6.9725    215.669    212.661     2.1001     1.9658     0.1368     2.3938     3.1648     1.4115     0.2515 -125.42504   48.86460      38.24          4  0.000e+00
      24279   1011.583     15.592     15.726    10.2362    10.2595  35.408145  35.425711    10.2344    10.2578    32.0523    32.0493    24.6122    24.6059     7.0658     6.9667    215.504    212.484     2.0989     1.9646     0.1368     2.3938     3.1673     1.4115     0.2515 -125.42504   48.86460      38.32          4  0.000e+00
      24280   1011.625     15.586     15.719    10.2368    10.2593  35.409409  35.425080    10.2351    10.2575    32.0530    32.0489    24.6126    24.6056     7.0656     6.9726    215.500    212.663     2.0989     1.9658     0.1368     2.3938     3.1661     1.4115     0.2515 -125.42504   48.86460      38.36          4  0.000e+00
      24281   1011.667     15.592     15.726    10.2380    10.2593  35.407829  35.424638    10.2363    10.2575    32.0504    32.0485    24.6103    24.6053     7.0655     6.9668    215.498    212.486     2.0989     1.9646     0.1343     2.3328     3.1673     1.4103     0.2515 -125.42504   48.86460      38.36          4  0.000e+00
      24282   1011.708     15.586     15.719    10.2360    10.2597  35.406692  35.425017    10.2342    10.2580    32.0510    32.0485    24.6111    24.6052     7.0658     6.9667    215.507    212.484     2.0989     1.9646     0.1331     2.3022     3.1661     1.4115     0.2515 -125.42504   48.86460      38.36          4  0.000e+00
      24283   1011.750     15.586     15.719    10.2322    10.2603  35.406124  35.424954    10.2305    10.2585    32.0538    32.0479    24.6139    24.6047     7.0610     6.9608    215.357    212.304     2.0977     1.9634     0.1331     2.3022     3.1661     1.4115     0.2515 -125.42504   48.86460      38.36          4  0.000e+00
      24284   1011.792     15.546     15.679    10.2296    10.2607  35.407325  35.424638    10.2279    10.2589    32.0573    32.0473    24.6171    24.6041     7.0612     6.9665    215.364    212.480     2.0977     1.9646     0.1331     2.3022     3.1673     1.4103     0.2515 -125.42504   48.86460      38.36          4  0.000e+00
      24285   1011.833     15.539     15.673    10.2306    10.2603  35.409473  35.423627    10.2288    10.2585    32.0586    32.0466    24.6180    24.6037     7.0556     6.9608    215.194    212.305     2.0965     1.9634     0.1331     2.3022     3.1661     1.4103     0.2515 -125.42504   48.86460      38.44          4  0.000e+00
      24286   1011.875     15.546     15.679    10.2336    10.2600  35.411052  35.423059    10.2318    10.2582    32.0576    32.0463    24.6167    24.6035     7.0552     6.9609    215.181    212.307     2.0965     1.9634     0.1331     2.3022     3.1661     1.4115     0.2515 -125.42504   48.86460      38.49          4  0.000e+00
      24287   1011.917     15.539     15.673    10.2365    10.2602  35.411936  35.422996    10.2348    10.2584    32.0559    32.0461    24.6148    24.6032     7.0548     6.9609    215.169    212.306     2.0965     1.9634     0.1331     2.3022     3.1661     1.4115     0.2515 -125.42504   48.86460      38.49          4  0.000e+00
      24288   1011.958     15.493     15.626    10.2395    10.2606  35.411809  35.422491    10.2377    10.2588    32.0531    32.0452    24.6122    24.6025     7.0490     6.9608    214.994    212.304     2.0952     1.9634     0.1331     2.3022     3.1661     1.4115     0.2515 -125.42504   48.86460      38.49          4  0.000e+00
      24289   1012.000     15.539     15.673    10.2414    10.2611  35.410166  35.422554    10.2396    10.2593    32.0498    32.0448    24.6093    24.6021     7.0489     6.9549    214.991    212.126     2.0952     1.9621     0.1331     2.3022     3.1661     1.4115     0.2515 -125.42504   48.86460      38.49          4  0.000e+00
      24290   1012.042     15.493     15.626    10.2396    10.2612  35.408776  35.422428    10.2379    10.2594    32.0500    32.0446    24.6097    24.6019     7.0492     6.9549    214.999    212.125     2.0952     1.9621     0.1331     2.3022     3.1661     1.4103     0.2515 -125.42504   48.86460      38.49          4  0.000e+00
      24291   1012.083     15.493     15.626    10.2365    10.2610  35.408019  35.422364    10.2348    10.2592    32.0519    32.0447    24.6118    24.6021     7.0442     6.9549    214.847    212.126     2.0940     1.9621     0.1331     2.3022     3.1661     1.4103     0.2515 -125.42504   48.86460      38.61          4  0.000e+00
      24292   1012.125     15.493     15.626    10.2344    10.2612  35.408461  35.422364    10.2326    10.2594    32.0543    32.0445    24.6140    24.6019     7.0445     6.9549    214.854    212.125     2.0940     1.9621     0.1331     2.3022     3.1673     1.4115     0.2515 -125.42504   48.86460      38.68          4  0.000e+00
      24293   1012.167     15.447     15.579    10.2334    10.2616  35.409282  35.422364    10.2316    10.2599    32.0560    32.0442    24.6155    24.6015     7.0392     6.9548    214.692    212.122     2.0928     1.9621     0.1331     2.3022     3.1648     1.4115     0.2515 -125.42504   48.86460      38.68          4  0.000e+00
      24294   1012.208     15.440     15.573    10.2329    10.2625  35.409093  35.423059    10.2311    10.2607    32.0563    32.0442    24.6158    24.6014     7.0392     6.9547    214.694    212.118     2.0928     1.9621     0.1331     2.3022     3.1661     1.4103     0.2527 -125.42504   48.86460      38.68          4  0.000e+00
      24295   1012.250     15.447     15.579    10.2308    10.2633  35.408146  35.422806    10.2290    10.2616    32.0571    32.0431    24.6168    24.6004     7.0342     6.9546    214.539    212.115     2.0916     1.9621     0.1331     2.3022     3.1648     1.4103     0.2515 -125.42504   48.86460      38.66          4  0.000e+00
      24296   1012.292     15.440     15.573    10.2239    10.2636  35.406188  35.423374    10.2221    10.2619    32.0613    32.0435    24.6212    24.6006     7.0351     6.9487    214.566    211.935     2.0916     1.9609     0.1331     2.3022     3.1648     1.4115     0.2515 -125.42504   48.86460      38.68          4  0.000e+00
      24297   1012.333     15.440     15.573    10.2148    10.2637  35.403473  35.423374    10.2130    10.2619    32.0666    32.0434    24.6269    24.6006     7.0309     6.9487    214.439    211.935     2.0904     1.9609     0.1331     2.3022     3.1661     1.4115     0.2515 -125.42504   48.86460      38.68          4  0.000e+00
      24298   1012.375     15.447     15.579    10.2108    10.2636  35.401641  35.423753    10.2091    10.2619    32.0682    32.0438    24.6288    24.6009     7.0315     6.9487    214.456    211.935     2.0904     1.9609     0.1331     2.3022     3.1673     1.4103     0.2515 -125.42504   48.86460      38.71          4  0.000e+00
      24299   1012.417     15.394     15.526    10.2062    10.2637  35.401452  35.423437    10.2045    10.2619    32.0721    32.0435    24.6326    24.6007     7.0320     6.9544    214.471    212.111     2.0904     1.9621     0.1331     2.3022     3.1673     1.4103     0.2515 -125.42504   48.86460      38.71          4  0.000e+00
      24300   1012.458     15.447     15.579    10.2021    10.2639  35.401516  35.423058    10.2004    10.2622    32.0758    32.0429    24.6361    24.6001     7.0326     6.9487    214.486    211.935     2.0904     1.9609     0.1331     2.3022     3.1661     1.4103     0.2527 -125.42504   48.86460      38.71          4  0.000e+00
      24301   1012.500     15.341     15.473    10.1994    10.2633  35.400316  35.423437    10.1976    10.2615    32.0771    32.0439    24.6376    24.6010     7.0275     6.9486    214.332    211.934     2.0891     1.9609     0.1331     2.3022     3.1673     1.4115     0.2515 -125.42504   48.86460      38.71          4  0.000e+00
      24302   1012.542     15.440     15.573    10.2018    10.2627  35.400631  35.423374    10.2001    10.2609    32.0752    32.0443    24.6357    24.6014     7.0273     6.9488    214.325    211.939     2.0891     1.9609     0.1331     2.3022     3.1661     1.4103     0.2515 -125.42504   48.86460      38.71          4  0.000e+00
      24303   1012.583     15.348     15.479    10.2087    10.2628  35.400125  35.422806    10.2070    10.2610    32.0686    32.0437    24.6295    24.6009     7.0210     6.9487    214.136    211.937     2.0879     1.9609     0.1331     2.3022     3.1661     1.4103     0.2527 -125.42504   48.86460      38.73          4  0.000e+00
