West Coast/WCOA-7/CTD_Data/RB2102_CTD_090_01.ros
* Sea-Bird SBE 9 Data File:
* FileName = C:\Users\scs.user.rb\CTD\RB2102\Data\RB2102_CTD_090_01.hex
* Software Version Seasave V 7.26.7.107
* Temperature SN = 6202
* Conductivity SN = 4907
* Number of Bytes Per Scan = 41
* Number of Voltage Words = 4
* Number of Scans Averaged by the Deck Unit = 1
* NMEA Latitude = 37 48.61 N
* NMEA Longitude = 122 30.93 W
* NMEA UTC (Time) = Jul 12 2021  21:28:41
* NMEA baud rate = 4800
# nquan = 30
# nvalues = 485                                   
# units = specified
# name 0 = scan: Scan Count
# name 1 = timeS: Time, Elapsed [seconds]
# name 2 = depSM: Depth [salt water, m]
# name 3 = prDM: Pressure, Digiquartz [db]
# name 4 = t090C: Temperature [ITS-90, deg C]
# name 5 = t190C: Temperature, 2 [ITS-90, deg C]
# name 6 = c0mS/cm: Conductivity [mS/cm]
# name 7 = c1mS/cm: Conductivity, 2 [mS/cm]
# name 8 = potemp090C: Potential Temperature [ITS-90, deg C]
# name 9 = potemp190C: Potential Temperature, 2 [ITS-90, deg C]
# name 10 = sal00: Salinity, Practical [PSU]
# name 11 = sal11: Salinity, Practical, 2 [PSU]
# name 12 = sigma-é00: Density [sigma-theta, kg/m^3]
# name 13 = sigma-é11: Density, 2 [sigma-theta, kg/m^3]
# name 14 = sbeox0Mg/L: Oxygen, SBE 43 [mg/l]
# name 15 = sbeox1Mg/L: Oxygen, SBE 43, 2 [mg/l]
# name 16 = sbox0Mm/Kg: Oxygen, SBE 43 [umol/kg]
# name 17 = sbox1Mm/Kg: Oxygen, SBE 43, 2 [umol/kg]
# name 18 = sbeox0V: Oxygen raw, SBE 43 [V]
# name 19 = sbeox1V: Oxygen raw, SBE 43, 2 [V]
# name 20 = v4: Voltage 4
# name 21 = flECO-AFL: Fluorescence, WET Labs ECO-AFL/FL [mg/m^3]
# name 22 = v3: Voltage 3
# name 23 = v6: Voltage 6
# name 24 = v7: Voltage 7
# name 25 = longitude: Longitude [deg]
# name 26 = latitude: Latitude [deg]
# name 27 = altM: Altimeter [m]
# name 28 = nbf: Bottles Fired
# name 29 = flag:  0.000e+00
# interval = seconds: 0.0416667
# start_time = Jul 12 2021 21:28:41 [NMEA time, header]
# bad_flag = -9.990e-29
*END*
[from data line 146]
      19942    830.875     20.108     20.261    15.7558    15.7628  41.425950  41.429539    15.7527    15.7597    32.9940    32.9913    24.2605    24.2569     7.0370     7.2625    214.702    221.581     2.3028     2.2344     0.1368     2.3938     3.2955     0.0659     0.1026 -122.51558   37.81006      18.22          3  0.000e+00
      19977    832.333     20.056     20.207    15.4820    15.5569  41.276049  41.325425    15.4789    15.5538    33.0898    33.0710    24.3950    24.3639     7.0575     7.2750    215.297    221.941     2.2991     2.2308     0.1355     2.3633     3.2943     0.0647     0.1026 -122.51558   37.81006      17.90          4  0.000e+00
      19978    832.375     20.009     20.161    15.4837    15.5539  41.276787  41.323881    15.4806    15.5509    33.0890    33.0721    24.3940    24.3654     7.0572     7.2754    215.289    221.951     2.2991     2.2308     0.1343     2.3328     3.2943     0.0659     0.1038 -122.51558   37.81006      17.90          4  0.000e+00
      19979    832.417     20.108     20.261    15.4852    15.5468  41.277594  41.316361    15.4821    15.5437    33.0885    33.0713    24.3932    24.3664     7.0524     7.2766    215.141    221.988     2.2979     2.2308     0.1355     2.3633     3.2955     0.0672     0.1050 -122.51558   37.81006      17.92          4  0.000e+00
      19980    832.458     20.009     20.161    15.4860    15.5317  41.276720  41.306761    15.4830    15.5286    33.0870    33.0755    24.3919    24.3730     7.0522     7.2735    215.137    221.892     2.2979     2.2295     0.1368     2.3938     3.2967     0.0672     0.1062 -122.51558   37.81006      17.92          4  0.000e+00
      19981    832.500     20.056     20.207    15.4850    15.5174  41.276116  41.300116    15.4820    15.5144    33.0873    33.0815    24.3923    24.3808     7.0524     7.2755    215.142    221.951     2.2979     2.2295     0.1368     2.3938     3.2955     0.0672     0.1050 -122.51558   37.81006      17.92          4  0.000e+00
      19982    832.542     20.062     20.214    15.4837    15.5105  41.274907  41.297902    15.4806    15.5074    33.0873    33.0854    24.3927    24.3853     7.0526     7.2764    215.148    221.977     2.2979     2.2295     0.1380     2.4243     3.2943     0.0672     0.1050 -122.51558   37.81006      17.92          4  0.000e+00
      19983    832.583     20.009     20.161    15.4825    15.5137  41.275377  41.299311    15.4794    15.5106    33.0888    33.0840    24.3941    24.3835     7.0479     7.2759    215.005    221.963     2.2967     2.2295     0.1368     2.3938     3.2967     0.0672     0.1050 -122.51558   37.81006      17.92          4  0.000e+00
      19984    832.625     20.062     20.214    15.4825    15.5133  41.275378  41.298170    15.4794    15.5102    33.0888    33.0832    24.3940    24.3830     7.0479     7.2709    215.006    221.810     2.2967     2.2283     0.1368     2.3938     3.2955     0.0672     0.1050 -122.51558   37.81006      17.92          4  0.000e+00
      19985    832.667     20.056     20.207    15.4825    15.5099  41.275646  41.296022    15.4794    15.5069    33.0890    33.0842    24.3942    24.3844     7.0479     7.2714    215.006    221.824     2.2967     2.2283     0.1368     2.3938     3.2955     0.0672     0.1050 -122.51558   37.81006      17.92          4  0.000e+00
      19986    832.708     20.009     20.161    15.4835    15.5082  41.276452  41.294411    15.4805    15.5052    33.0889    33.0842    24.3939    24.3848     7.0477     7.2664    215.000    221.674     2.2967     2.2271     0.1368     2.3938     3.2943     0.0659     0.1050 -122.51558   37.81006      17.92          4  0.000e+00
      19987    832.750     20.009     20.161    15.4848    15.5099  41.276922  41.295149    15.4818    15.5069    33.0882    33.0834    24.3931    24.3838     7.0476     7.2662    214.996    221.667     2.2967     2.2271     0.1368     2.3938     3.2943     0.0659     0.1038 -122.51558   37.81006      17.92          4  0.000e+00
      19988    832.792     20.062     20.214    15.4857    15.5142  41.277056  41.298170    15.4826    15.5111    33.0876    33.0825    24.3924    24.3822     7.0475     7.2656    214.994    221.650     2.2967     2.2271     0.1368     2.3938     3.2943     0.0659     0.1038 -122.51558   37.81006      17.92          4  0.000e+00
      19989    832.833     20.009     20.161    15.4862    15.5227  41.276250  41.302734    15.4832    15.5197    33.0864    33.0794    24.3914    24.3780     7.0427     7.2644    214.847    221.614     2.2955     2.2271     0.1368     2.3938     3.2955     0.0647     0.1026 -122.51558   37.81006      17.92          4  0.000e+00
      19990    832.875     20.062     20.214    15.4850    15.5303  41.275243  41.306694    15.4820    15.5273    33.0865    33.0766    24.3917    24.3741     7.0477     7.2583    214.999    221.428     2.2967     2.2259     0.1368     2.3938     3.2943     0.0659     0.1026 -122.51558   37.81006      17.92          4  0.000e+00
      19991    832.917     20.009     20.161    15.4841    15.5335  41.274974  41.307634    15.4811    15.5305    33.0870    33.0747    24.3923    24.3720     7.0430     7.2578    214.855    221.414     2.2955     2.2259     0.1368     2.3938     3.2943     0.0659     0.1038 -122.51558   37.81006      17.92          4  0.000e+00
      19992    832.958     20.009     20.161    15.4835    15.5332  41.274974  41.307097    15.4805    15.5302    33.0876    33.0745    24.3929    24.3719     7.0430     7.2579    214.857    221.416     2.2955     2.2259     0.1368     2.3938     3.2955     0.0659     0.1038 -122.51558   37.81006      17.90          4  0.000e+00
      19993    833.000     20.009     20.161    15.4839    15.5354  41.275176  41.307163    15.4808    15.5323    33.0875    33.0728    24.3927    24.3700     7.0382     7.2525    214.711    221.252     2.2943     2.2247     0.1380     2.4243     3.2955     0.0659     0.1038 -122.51558   37.81006      17.90          4  0.000e+00
      19994    833.042     20.009     20.161    15.4842    15.5381  41.275511  41.308573    15.4811    15.5351    33.0875    33.0717    24.3927    24.3686     7.0382     7.2573    214.709    221.397     2.2943     2.2259     0.1380     2.4243     3.2955     0.0659     0.1038 -122.51558   37.81006      17.88          4  0.000e+00
      19995    833.083     20.009     20.161    15.4836    15.5380  41.274840  41.309312    15.4806    15.5349    33.0873    33.0725    24.3927    24.3693     7.0383     7.2521    214.712    221.240     2.2943     2.2247     0.1368     2.3938     3.2955     0.0659     0.1038 -122.51558   37.81006      17.90          4  0.000e+00
      19996    833.125     20.062     20.214    15.4833    15.5402  41.274303  41.311527    15.4803    15.5371    33.0871    33.0726    24.3926    24.3688     7.0384     7.2570    214.715    221.388     2.2943     2.2259     0.1380     2.4243     3.2955     0.0659     0.1038 -122.51558   37.81006      17.88          4  0.000e+00
      19997    833.167     20.009     20.161    15.4828    15.5460  41.274236  41.313876    15.4798    15.5429    33.0875    33.0699    24.3930    24.3655     7.0384     7.2510    214.715    221.207     2.2943     2.2247     0.1380     2.4243     3.2955     0.0659     0.1038 -122.51558   37.81006      17.90          4  0.000e+00
      19998    833.208     19.963     20.114    15.4832    15.5439  41.274437  41.311929    15.4801    15.5409    33.0874    33.0699    24.3928    24.3659     7.0431     7.2461    214.858    221.058     2.2955     2.2234     0.1368     2.3938     3.2955     0.0659     0.1038 -122.51558   37.81006      17.95          4  0.000e+00
      19999    833.250     20.056     20.207    15.4831    15.5404  41.274303  41.308707    15.4801    15.5373    33.0873    33.0699    24.3927    24.3668     7.0384     7.2519    214.715    221.234     2.2943     2.2247     0.1368     2.3938     3.2955     0.0672     0.1050 -122.51558   37.81006      17.95          4  0.000e+00
      20000    833.292     20.009     20.161    15.4830    15.5392  41.274437  41.306894    15.4800    15.5361    33.0875    33.0693    24.3930    24.3666     7.0384     7.2521    214.714    221.239     2.2943     2.2247     0.1368     2.3938     3.2955     0.0672     0.1038 -122.51558   37.81006      17.97          4  0.000e+00
      20001    833.333     20.009     20.161    15.4844    15.5350  41.275646  41.305753    15.4813    15.5320    33.0875    33.0718    24.3926    24.3694     7.0382     7.2474    214.709    221.098     2.2943     2.2234     0.1368     2.3938     3.2955     0.0672     0.1038 -122.51558   37.81006      17.95          4  0.000e+00
      20002    833.375     20.009     20.161    15.4872    15.5332  41.277593  41.306291    15.4842    15.5302    33.0868    33.0738    24.3915    24.3713     7.0378     7.2528    214.697    221.260     2.2943     2.2247     0.1368     2.3938     3.2967     0.0659     0.1038 -122.51558   37.81006      17.97          4  0.000e+00
      20003    833.417     19.963     20.114    15.4912    15.5344  41.278935  41.306291    15.4882    15.5313    33.0846    33.0728    24.3889    24.3703     7.0373     7.2577    214.682    221.412     2.2943     2.2259     0.1368     2.3938     3.2955     0.0672     0.1038 -122.51558   37.81006      17.97          4  0.000e+00
      20004    833.458     20.009     20.161    15.4925    15.5278  41.279204  41.302935    15.4894    15.5248    33.0838    33.0753    24.3880    24.3737     7.0372     7.2484    214.679    221.125     2.2943     2.2234     0.1380     2.4243     3.2943     0.0659     0.1038 -122.51558   37.81006      17.97          4  0.000e+00
      20005    833.500     20.009     20.161    15.4911    15.5251  41.278398  41.300786    15.4881    15.5220    33.0842    33.0757    24.3886    24.3746     7.0421     7.2488    214.829    221.138     2.2955     2.2234     0.1380     2.4243     3.2943     0.0659     0.1038 -122.51558   37.81006      18.00          4  0.000e+00
      20006    833.542     20.009     20.161    15.4887    15.5215  41.275712  41.298840    15.4856    15.5184    33.0839    33.0770    24.3889    24.3764     7.0377     7.2596    214.695    221.466     2.2943     2.2259     0.1416     2.5159     3.2967     0.0672     0.1038 -122.51558   37.81006      18.00          4  0.000e+00
      20007    833.583     19.963     20.114    15.4835    15.5166  41.271482  41.296759    15.4805    15.5135    33.0845    33.0793    24.3905    24.3792     7.0431     7.2550    214.860    221.327     2.2955     2.2247     0.1429     2.5464     3.2943     0.0672     0.1038 -122.51558   37.81006      17.97          4  0.000e+00
      20008    833.625     20.009     20.161    15.4774    15.5123  41.266917  41.295082    15.4744    15.5092    33.0855    33.0814    24.3926    24.3818     7.0392     7.2556    214.741    221.345     2.2943     2.2247     0.1416     2.5159     3.2955     0.0659     0.1038 -122.51558   37.81006      17.97          4  0.000e+00
      20009    833.667     20.009     20.161    15.4703    15.5101  41.262956  41.294008    15.4672    15.5071    33.0879    33.0822    24.3961    24.3829     7.0449     7.2559    214.913    221.354     2.2955     2.2247     0.1429     2.5464     3.2955     0.0672     0.1038 -122.51558   37.81006      18.00          4  0.000e+00
      20010    833.708     20.009     20.161    15.4659    15.5094  41.261278  41.293202    15.4629    15.5063    33.0901    33.0821    24.3987    24.3830     7.0454     7.2561    214.929    221.358     2.2955     2.2247     0.1416     2.5159     3.2955     0.0672     0.1050 -122.51558   37.81006      17.97          4  0.000e+00
      20011    833.750     20.009     20.161    15.4638    15.5089  41.260472  41.292665    15.4607    15.5059    33.0912    33.0820    24.4000    24.3830     7.0457     7.2613    214.936    221.517     2.2955     2.2259     0.1416     2.5159     3.2955     0.0672     0.1050 -122.51558   37.81006      17.97          4  0.000e+00
      20012    833.792     19.963     20.114    15.4571    15.5067  41.255236  41.291323    15.4541    15.5036    33.0921    33.0827    24.4022    24.3840     7.0513     7.2615    215.107    221.525     2.2967     2.2259     0.1429     2.5464     3.2955     0.0659     0.1038 -122.51558   37.81006      17.97          4  0.000e+00
      20013    833.833     20.009     20.161    15.4425    15.5012  41.247651  41.288773    15.4395    15.4982    33.0976    33.0850    24.4096    24.3870     7.0532     7.2623    215.163    221.548     2.2967     2.2259     0.1429     2.5464     3.2955     0.0659     0.1038 -122.51558   37.81006      17.97          4  0.000e+00
      20014    833.875     20.009     20.161    15.4280    15.4981  41.238992  41.286357    15.4250    15.4950    33.1021    33.0855    24.4163    24.3881     7.0551     7.2628    215.219    221.562     2.2967     2.2259     0.1416     2.5159     3.2967     0.0659     0.1038 -122.51558   37.81006      17.97          4  0.000e+00
      20015    833.917     19.963     20.114    15.4103    15.4968  41.226307  41.285887    15.4072    15.4937    33.1056    33.0862    24.4229    24.3889     7.0574     7.2629    215.289    221.566     2.2967     2.2259     0.1429     2.5464     3.2955     0.0659     0.1038 -122.51558   37.81006      17.97          4  0.000e+00
      20016    833.958     20.009     20.161    15.3864    15.4965  41.208658  41.285954    15.3834    15.4935    33.1099    33.0865    24.4314    24.3892     7.0607     7.2681    215.386    221.725     2.2967     2.2271     0.1429     2.5464     3.2955     0.0659     0.1038 -122.51558   37.81006      17.97          4  0.000e+00
      20017    834.000     19.963     20.114    15.3646    15.4945  41.194635  41.283940    15.3615    15.4914    33.1158    33.0864    24.4408    24.3896     7.0683     7.2684    215.616    221.733     2.2979     2.2271     0.1429     2.5464     3.2955     0.0659     0.1026 -122.51558   37.81006      18.00          4  0.000e+00
      20018    834.042     20.056     20.207    15.3407    15.4881  41.180817  41.278840    15.3377    15.4850    33.1234    33.0872    24.4519    24.3916     7.0714     7.2694    215.710    221.764     2.2979     2.2271     0.1429     2.5464     3.2955     0.0659     0.1038 -122.51558   37.81006      17.97          4  0.000e+00
      20019    834.083     19.963     20.114    15.3156    15.4726  41.167402  41.271391    15.3126    15.4695    33.1326    33.0936    24.4645    24.3999     7.0745     7.2715    215.803    221.824     2.2979     2.2271     0.1429     2.5464     3.2955     0.0672     0.1038 -122.51558   37.81006      17.97          4  0.000e+00
      20020    834.125     20.009     20.161    15.2976    15.4582  41.157476  41.264950    15.2946    15.4552    33.1389    33.0999    24.4733    24.4079     7.0769     7.2734    215.872    221.882     2.2979     2.2271     0.1429     2.5464     3.2955     0.0659     0.1038 -122.51558   37.81006      17.97          4  0.000e+00
      20021    834.167     20.009     20.161    15.2836    15.4455  41.151240  41.260053    15.2806    15.4424    33.1451    33.1062    24.4811    24.4156     7.0834     7.2751    216.069    221.932     2.2991     2.2271     0.1416     2.5159     3.2955     0.0672     0.1038 -122.51558   37.81006      17.97          4  0.000e+00
      20022    834.208     20.009     20.161    15.2744    15.4410  41.148357  41.258980    15.2714    15.4380    33.1503    33.1090    24.4871    24.4188     7.0845     7.2757    216.101    221.948     2.2991     2.2271     0.1429     2.5464     3.2955     0.0659     0.1038 -122.51558   37.81006      17.97          4  0.000e+00
