West Coast/WCOA-7/CTD_Data/RB2102_CTD_123_01.ros
* Sea-Bird SBE 9 Data File:
* FileName = C:\Users\scs.user.rb\CTD\RB2102\Data\RB2102_CTD_123_01.hex
* Software Version Seasave V 7.26.7.107
* Temperature SN = 6202
* Conductivity SN = 4907
* Number of Bytes Per Scan = 41
* Number of Voltage Words = 4
* Number of Scans Averaged by the Deck Unit = 1
* NMEA Latitude = 33 59.61 N
* NMEA Longitude = 119 22.28 W
* NMEA UTC (Time) = Jul 19 2021  22:20:50
* NMEA baud rate = 4800
# nquan = 30
# nvalues = 809                                   
# units = specified
# name 0 = scan: Scan Count
# name 1 = timeS: Time, Elapsed [seconds]
# name 2 = depSM: Depth [salt water, m]
# name 3 = prDM: Pressure, Digiquartz [db]
# name 4 = t090C: Temperature [ITS-90, deg C]
# name 5 = t190C: Temperature, 2 [ITS-90, deg C]
# name 6 = c0mS/cm: Conductivity [mS/cm]
# name 7 = c1mS/cm: Conductivity, 2 [mS/cm]
# name 8 = potemp090C: Potential Temperature [ITS-90, deg C]
# name 9 = potemp190C: Potential Temperature, 2 [ITS-90, deg C]
# name 10 = sal00: Salinity, Practical [PSU]
# name 11 = sal11: Salinity, Practical, 2 [PSU]
# name 12 = sigma-é00: Density [sigma-theta, kg/m^3]
# name 13 = sigma-é11: Density, 2 [sigma-theta, kg/m^3]
# name 14 = sbeox0Mg/L: Oxygen, SBE 43 [mg/l]
# name 15 = sbeox1Mg/L: Oxygen, SBE 43, 2 [mg/l]
# name 16 = sbox0Mm/Kg: Oxygen, SBE 43 [umol/kg]
# name 17 = sbox1Mm/Kg: Oxygen, SBE 43, 2 [umol/kg]
# name 18 = sbeox0V: Oxygen raw, SBE 43 [V]
# name 19 = sbeox1V: Oxygen raw, SBE 43, 2 [V]
# name 20 = v4: Voltage 4
# name 21 = flECO-AFL: Fluorescence, WET Labs ECO-AFL/FL [mg/m^3]
# name 22 = v3: Voltage 3
# name 23 = v6: Voltage 6
# name 24 = v7: Voltage 7
# name 25 = longitude: Longitude [deg]
# name 26 = latitude: Latitude [deg]
# name 27 = altM: Altimeter [m]
# name 28 = nbf: Bottles Fired
# name 29 = flag:  0.000e+00
# interval = seconds: 0.0416667
# start_time = Jul 19 2021 22:20:50 [NMEA time, header]
# bad_flag = -9.990e-29
*END*
[from data line 774]
      44597   1858.167      3.363      3.387    19.4848    19.5113  45.620452  45.649431    19.4842    19.5107    33.5331    33.5357    23.7769    23.7721     8.2341     7.7045    251.343    235.178     2.7827     2.4957     0.0464     0.1350     3.2234     0.0000     0.0000 -119.37114   33.99246      87.74         17  0.000e+00
      44598   1858.208      3.310      3.333    19.4832    19.5103  45.619892  45.650900    19.4826    19.5097    33.5339    33.5377    23.7779    23.7738     8.2342     7.7045    251.347    235.178     2.7827     2.4957     0.0476     0.1655     3.2222     0.0000     0.0000 -119.37114   33.99246      87.72         17  0.000e+00
      44599   1858.250      3.409      3.433    19.4821    19.5109  45.618703  45.650760    19.4814    19.5102    33.5339    33.5371    23.7782    23.7733     8.2301     7.7045    251.222    235.179     2.7814     2.4957     0.0464     0.1350     3.2222     0.0000     0.0000 -119.37114   33.99246      87.72         17  0.000e+00
      44600   1858.292      3.363      3.387    19.4815    19.5106  45.618563  45.649990    19.4809    19.5100    33.5343    33.5367    23.7786    23.7730     8.2302     7.7045    251.223    235.179     2.7814     2.4957     0.0464     0.1350     3.2222     0.0000     0.0000 -119.37114   33.99246      87.72         17  0.000e+00
      44601   1858.333      3.323      3.347    19.4810    19.5098  45.617793  45.649780    19.4804    19.5092    33.5340    33.5372    23.7786    23.7736     8.2302     7.7046    251.224    235.181     2.7814     2.4957     0.0464     0.1350     3.2222     0.0000     0.0000 -119.37114   33.99246      87.72         17  0.000e+00
      44602   1858.375      3.363      3.387    19.4801    19.5093  45.617164  45.650620    19.4795    19.5087    33.5342    33.5383    23.7789    23.7745     8.2304     7.7094    251.229    235.327     2.7814     2.4969     0.0464     0.1350     3.2210     0.0000     0.0000 -119.37114   33.99246      87.74         17  0.000e+00
      44603   1858.417      3.310      3.333    19.4796    19.5117  45.616744  45.652998    19.4790    19.5111    33.5343    33.5384    23.7791    23.7740     8.2304     7.7043    251.229    235.170     2.7814     2.4957     0.0464     0.1350     3.2222     0.0000     0.0000 -119.37114   33.99246      87.77         17  0.000e+00
      44604   1858.458      3.363      3.387    19.4794    19.5166  45.616185  45.655376    19.4788    19.5160    33.5339    33.5363    23.7789    23.7712     8.2305     7.7036    251.232    235.153     2.7814     2.4957     0.0464     0.1350     3.2210     0.0000     0.0000 -119.37114   33.99246      87.81         17  0.000e+00
      44605   1858.500      3.363      3.387    19.4794    19.5198  45.615345  45.656215    19.4788    19.5192    33.5332    33.5345    23.7784    23.7689     8.2305     7.7033    251.234    235.141     2.7814     2.4957     0.0464     0.1350     3.2222     0.0000     0.0000 -119.37114   33.99246      87.81         17  0.000e+00
      44606   1858.542      3.363      3.387    19.4809    19.5195  45.616534  45.654886    19.4803    19.5188    33.5330    33.5336    23.7778    23.7684     8.2347     7.7081    251.361    235.288     2.7827     2.4969     0.0464     0.1350     3.2222     0.0000     0.0000 -119.37114   33.99246      87.81         17  0.000e+00
      44607   1858.583      3.277      3.300    19.4822    19.5161  45.618283  45.652368    19.4816    19.5155    33.5335    33.5343    23.7778    23.7698     8.2344     7.7037    251.351    235.156     2.7827     2.4957     0.0464     0.1350     3.2222     0.0000     0.0000 -119.37114   33.99246      87.81         17  0.000e+00
      44608   1858.625      3.363      3.387    19.4850    19.5138  45.620032  45.651739    19.4844    19.5132    33.5326    33.5356    23.7765    23.7713     8.2341     7.7088    251.343    235.311     2.7827     2.4969     0.0464     0.1350     3.2234     0.0000     0.0000 -119.37114   33.99246      87.81         17  0.000e+00
      44609   1858.667      3.310      3.333    19.4867    19.5125  45.621640  45.649640    19.4861    19.5119    33.5326    33.5349    23.7760    23.7712     8.2338     7.7090    251.333    235.316     2.7827     2.4969     0.0476     0.1655     3.2210     0.0000     0.0000 -119.37114   33.99246      87.79         17  0.000e+00
      44610   1858.708      3.310      3.333    19.4876    19.5079  45.623040  45.644674    19.4870    19.5073    33.5330    33.5345    23.7761    23.7720     8.2336     7.7097    251.328    235.338     2.7827     2.4969     0.0464     0.1350     3.2222     0.0000     0.0000 -119.37114   33.99246      87.77         17  0.000e+00
      44611   1858.750      3.363      3.387    19.4869    19.5021  45.622690  45.638869    19.4863    19.5015    33.5333    33.5344    23.7765    23.7734     8.2338     7.7107    251.333    235.366     2.7827     2.4969     0.0476     0.1655     3.2234     0.0000     0.0000 -119.37114   33.99246      87.77         17  0.000e+00
      44612   1858.792      3.310      3.333    19.4856    19.4971  45.620101  45.634463    19.4850    19.4965    33.5322    33.5348    23.7760    23.7750     8.2383     7.7114    251.473    235.387     2.7839     2.4969     0.0464     0.1350     3.2222     0.0000     0.0000 -119.37114   33.99246      87.77         17  0.000e+00
      44613   1858.833      3.310      3.333    19.4836    19.4934  45.618562  45.631526    19.4830    19.4928    33.5326    33.5354    23.7768    23.7764     8.2386     7.7119    251.481    235.403     2.7839     2.4969     0.0464     0.1350     3.2222     0.0000     0.0000 -119.37114   33.99246      87.77         17  0.000e+00
      44614   1858.875      3.323      3.347    19.4827    19.4922  45.617933  45.630547    19.4821    19.4916    33.5327    33.5355    23.7772    23.7768     8.2388     7.7121    251.485    235.408     2.7839     2.4969     0.0464     0.1350     3.2210     0.0000     0.0000 -119.37114   33.99246      87.77         17  0.000e+00
      44615   1858.917      3.310      3.333    19.4822    19.4918  45.617933  45.631037    19.4816    19.4912    33.5332    33.5362    23.7776    23.7775     8.2388     7.7121    251.487    235.409     2.7839     2.4969     0.0464     0.1350     3.2210     0.0000     0.0000 -119.37114   33.99246      87.86         17  0.000e+00
      44616   1858.958      3.310      3.333    19.4832    19.4922  45.619052  45.632086    19.4826    19.4916    33.5332    33.5368    23.7774    23.7778     8.2386     7.7120    251.482    235.406     2.7839     2.4969     0.0464     0.1350     3.2234     0.0000     0.0000 -119.37114   33.99246      87.91         17  0.000e+00
      44617   1859.000      3.310      3.333    19.4876    19.4941  45.623739  45.633275    19.4870    19.4935    33.5336    33.5362    23.7766    23.7769     8.2423     7.7117    251.595    235.398     2.7851     2.4969     0.0464     0.1350     3.2222     0.0000     0.0000 -119.37114   33.99246      87.91         17  0.000e+00
      44618   1859.042      3.263      3.287    19.5032    19.4955  45.640390  45.633834    19.5026    19.4949    33.5348    33.5356    23.7735    23.7760     8.2442     7.7115    251.653    235.391     2.7863     2.4969     0.0464     0.1350     3.2222     0.0000     0.0000 -119.37114   33.99246      87.91         17  0.000e+00
      44619   1859.083      3.310      3.333    19.5243    19.4941  45.658793  45.632505    19.5237    19.4935    33.5329    33.5356    23.7666    23.7764     8.2411     7.7118    251.560    235.399     2.7863     2.4969     0.0464     0.1350     3.2222     0.0000     0.0000 -119.37114   33.99246      87.91         17  0.000e+00
      44620   1859.125      3.310      3.333    19.5380    19.4922  45.668730  45.629988    19.5374    19.4916    33.5301    33.5351    23.7609    23.7765     8.2391     7.7121    251.501    235.409     2.7863     2.4969     0.0464     0.1350     3.2222     0.0000     0.0000 -119.37114   33.99246      87.91         17  0.000e+00
      44621   1859.167      3.277      3.300    19.5465    19.4910  45.672858  45.629009    19.5459    19.4904    33.5267    33.5352    23.7562    23.7769     8.2380     7.7122    251.467    235.413     2.7863     2.4969     0.0464     0.1350     3.2222     0.0000     0.0000 -119.37114   33.99246      87.81         17  0.000e+00
      44622   1859.208      3.310      3.333    19.5454    19.4906  45.670969  45.629219    19.5448    19.4900    33.5261    33.5357    23.7560    23.7774     8.2382     7.7123    251.474    235.415     2.7863     2.4969     0.0476     0.1655     3.2210     0.0000     0.0000 -119.37114   33.99246      87.77         17  0.000e+00
      44623   1859.250      3.310      3.334    19.5396    19.4906  45.666350  45.630198    19.5390    19.4900    33.5269    33.5365    23.7580    23.7780     8.2434     7.7123    251.633    235.414     2.7875     2.4969     0.0464     0.1350     3.2234     0.0000     0.0000 -119.37114   33.99246      87.77         17  0.000e+00
      44624   1859.292      3.310      3.334    19.5332    19.4932  45.661311  45.632995    19.5326    19.4926    33.5279    33.5367    23.7605    23.7775     8.2444     7.7071    251.661    235.257     2.7875     2.4957     0.0464     0.1350     3.2210     0.0000     0.0000 -119.37114   33.99246      87.77         17  0.000e+00
      44625   1859.333      3.263      3.287    19.5295    19.4979  45.658932  45.636002    19.5290    19.4973    33.5289    33.5354    23.7622    23.7753     8.2492     7.7064    251.808    235.236     2.7888     2.4957     0.0464     0.1350     3.2222     0.0000     0.0000 -119.37114   33.99246      87.77         17  0.000e+00
      44626   1859.375      3.310      3.334    19.5305    19.5039  45.663201  45.639848    19.5299    19.5033    33.5317    33.5338    23.7641    23.7725     8.2490     7.7104    251.801    235.357     2.7888     2.4969     0.0476     0.1655     3.2222     0.0000     0.0000 -119.37114   33.99246      87.77         17  0.000e+00
      44627   1859.417      3.310      3.334    19.5402    19.5103  45.674609  45.646423    19.5396    19.5097    33.5333    33.5340    23.7628    23.7710     8.2518     7.7094    251.887    235.327     2.7900     2.4969     0.0464     0.1350     3.2222     0.0000     0.0000 -119.37114   33.99246      87.77         17  0.000e+00
      44628   1859.458      3.277      3.300    19.5521    19.5197  45.685178  45.654046    19.5515    19.5191    33.5324    33.5328    23.7591    23.7677     8.2500     7.7033    251.832    235.142     2.7900     2.4957     0.0464     0.1350     3.2222     0.0000     0.0000 -119.37114   33.99246      87.74         17  0.000e+00
      44629   1859.500      3.310      3.334    19.5596    19.5253  45.691898  45.663560    19.5590    19.5247    33.5319    33.5361    23.7567    23.7687     8.2489     7.7023    251.799    235.112     2.7900     2.4957     0.0464     0.1350     3.2234     0.0000     0.0000 -119.37114   33.99246      87.72         17  0.000e+00
      44630   1859.542      3.310      3.334    19.5667    19.5337  45.695747  45.670905    19.5661    19.5331    33.5293    33.5354    23.7529    23.7660     8.2479     7.7010    251.771    235.074     2.7900     2.4957     0.0464     0.1350     3.2222     0.0000     0.0000 -119.37114   33.99246      87.74         17  0.000e+00
      44631   1859.583      3.263      3.287    19.5716    19.5341  45.698757  45.670555    19.5710    19.5335    33.5279    33.5348    23.7506    23.7655     8.2516     7.7010    251.883    235.072     2.7912     2.4957     0.0476     0.1655     3.2210     0.0000     0.0000 -119.37114   33.99246      87.74         17  0.000e+00
