West Coast/WCOA-7/CTD_Data/RB2102_CTD_097_01.ros
* Sea-Bird SBE 9 Data File:
* FileName = C:\Users\scs.user.rb\CTD\RB2102\Data\RB2102_CTD_097_01.hex
* Software Version Seasave V 7.26.7.107
* Temperature SN = 6202
* Conductivity SN = 4907
* Number of Bytes Per Scan = 41
* Number of Voltage Words = 4
* Number of Scans Averaged by the Deck Unit = 1
* NMEA Latitude = 36 27.66 N
* NMEA Longitude = 122 46.87 W
* NMEA UTC (Time) = Jul 14 2021  09:37:52
* NMEA baud rate = 4800
# nquan = 30
# nvalues = 1176                                  
# units = specified
# name 0 = scan: Scan Count
# name 1 = timeS: Time, Elapsed [seconds]
# name 2 = depSM: Depth [salt water, m]
# name 3 = prDM: Pressure, Digiquartz [db]
# name 4 = t090C: Temperature [ITS-90, deg C]
# name 5 = t190C: Temperature, 2 [ITS-90, deg C]
# name 6 = c0mS/cm: Conductivity [mS/cm]
# name 7 = c1mS/cm: Conductivity, 2 [mS/cm]
# name 8 = potemp090C: Potential Temperature [ITS-90, deg C]
# name 9 = potemp190C: Potential Temperature, 2 [ITS-90, deg C]
# name 10 = sal00: Salinity, Practical [PSU]
# name 11 = sal11: Salinity, Practical, 2 [PSU]
# name 12 = sigma-é00: Density [sigma-theta, kg/m^3]
# name 13 = sigma-é11: Density, 2 [sigma-theta, kg/m^3]
# name 14 = sbeox0Mg/L: Oxygen, SBE 43 [mg/l]
# name 15 = sbeox1Mg/L: Oxygen, SBE 43, 2 [mg/l]
# name 16 = sbox0Mm/Kg: Oxygen, SBE 43 [umol/kg]
# name 17 = sbox1Mm/Kg: Oxygen, SBE 43, 2 [umol/kg]
# name 18 = sbeox0V: Oxygen raw, SBE 43 [V]
# name 19 = sbeox1V: Oxygen raw, SBE 43, 2 [V]
# name 20 = v4: Voltage 4
# name 21 = flECO-AFL: Fluorescence, WET Labs ECO-AFL/FL [mg/m^3]
# name 22 = v3: Voltage 3
# name 23 = v6: Voltage 6
# name 24 = v7: Voltage 7
# name 25 = longitude: Longitude [deg]
# name 26 = latitude: Latitude [deg]
# name 27 = altM: Altimeter [m]
# name 28 = nbf: Bottles Fired
# name 29 = flag:  0.000e+00
# interval = seconds: 0.0416667
# start_time = Jul 14 2021 09:37:52 [NMEA time, header]
# bad_flag = -9.990e-29
*END*
[from data line 1016]
     230708   9612.792     20.764     20.918    14.5921    14.5922  41.032481  41.033588    14.5891    14.5891    33.6289    33.6298    25.0035    25.0042     8.3022     8.4635    253.120    258.036     2.5873     2.4786     0.0818     1.0202     3.2015     0.0733     0.0000 -122.78326   36.45928      99.63         21  0.000e+00
     230709   9612.833     20.770     20.925    14.5918    14.5919  41.032280  41.033187    14.5888    14.5888    33.6289    33.6297    25.0036    25.0042     8.3071     8.4636    253.269    258.038     2.5885     2.4786     0.0794     0.9591     3.2015     0.0733     0.0000 -122.78326   36.45928      99.63         21  0.000e+00
     230710   9612.875     20.717     20.872    14.5918    14.5922  41.032146  41.033320    14.5888    14.5891    33.6288    33.6296    25.0035    25.0040     8.3071     8.4582    253.267    257.875     2.5885     2.4774     0.0733     0.8065     3.2039     0.0733     0.0000 -122.78326   36.45928      99.66         21  0.000e+00
     230711   9612.917     20.717     20.872    14.5913    14.5922  41.032146  41.033655    14.5883    14.5891    33.6293    33.6299    25.0040    25.0043     8.3071     8.4582    253.269    257.875     2.5885     2.4774     0.0720     0.7760     3.2015     0.0733     0.0000 -122.78326   36.45928      99.63         21  0.000e+00
     230712   9612.958     20.724     20.878    14.5909    14.5924  41.031610  41.033789    14.5878    14.5894    33.6292    33.6298    25.0040    25.0041     8.3072     8.4582    253.272    257.874     2.5885     2.4774     0.0708     0.7455     3.2027     0.0720     0.0000 -122.78326   36.45928      99.66         21  0.000e+00
     230713   9613.000     20.717     20.872    14.5906    14.5920  41.031409  41.034057    14.5876    14.5890    33.6292    33.6304    25.0040    25.0047     8.3024     8.4582    253.126    257.875     2.5873     2.4774     0.0720     0.7760     3.2027     0.0720     0.0000 -122.78326   36.45928      99.66         21  0.000e+00
     230714   9613.042     20.724     20.878    14.5903    14.5922  41.030940  41.033588    14.5873    14.5891    33.6290    33.6298    25.0040    25.0042     8.3025     8.4582    253.128    257.875     2.5873     2.4774     0.0720     0.7760     3.2027     0.0720     0.0000 -122.78326   36.45928      99.66         21  0.000e+00
     230715   9613.083     20.664     20.818    14.5905    14.5922  41.030739  41.033655    14.5875    14.5891    33.6287    33.6299    25.0037    25.0043     8.3073     8.4581    253.273    257.873     2.5885     2.4774     0.0720     0.7760     3.2027     0.0720     0.0000 -122.78326   36.45928      99.63         21  0.000e+00
     230716   9613.125     20.664     20.818    14.5900    14.5920  41.030739  41.033253    14.5870    14.5890    33.6292    33.6297    25.0042    25.0042     8.3073     8.4582    253.274    257.874     2.5885     2.4774     0.0720     0.7760     3.2027     0.0720     0.0000 -122.78326   36.45928      99.66         21  0.000e+00
     230717   9613.167     20.671     20.825    14.5902    14.5919  41.030739  41.033588    14.5871    14.5888    33.6290    33.6301    25.0040    25.0045     8.3073     8.4582    253.274    257.874     2.5885     2.4774     0.0720     0.7760     3.2015     0.0720     0.0000 -122.78326   36.45928      99.63         21  0.000e+00
     230718   9613.208     20.664     20.818    14.5898    14.5921  41.031007  41.033521    14.5868    14.5891    33.6296    33.6299    25.0045    25.0043     8.3073     8.4582    253.275    257.873     2.5885     2.4774     0.0720     0.7760     3.2015     0.0720     0.0000 -122.78326   36.45928      99.63         21  0.000e+00
     230719   9613.250     20.578     20.731    14.5905    14.5920  41.031342  41.033454    14.5874    14.5890    33.6293    33.6299    25.0042    25.0043     8.3071     8.4581    253.269    257.871     2.5885     2.4774     0.0720     0.7760     3.2027     0.0720     0.0000 -122.78326   36.45928      99.66         21  0.000e+00
     230720   9613.292     20.664     20.818    14.5902    14.5919  41.031141  41.033990    14.5871    14.5888    33.6294    33.6305    25.0043    25.0048     8.3073     8.4582    253.273    257.874     2.5885     2.4774     0.0720     0.7760     3.2015     0.0708     0.0000 -122.78326   36.45928      99.63         21  0.000e+00
     233981   9749.167     10.937     11.018    14.5915    14.5929  41.027619  41.030001    14.5898    14.5913    33.6289    33.6299    25.0034    25.0038     8.3258     8.4790    253.839    258.509     2.5958     2.4847     0.0708     0.7455     3.2039     0.0513     0.0000 -122.78324   36.45930      99.66         22  0.000e+00
     233982   9749.208     10.976     11.058    14.5917    14.5929  41.027820  41.029934    14.5900    14.5913    33.6289    33.6298    25.0033    25.0037     8.3258     8.4791    253.839    258.511     2.5958     2.4847     0.0733     0.8065     3.2039     0.0549     0.0000 -122.78324   36.45930      99.66         22  0.000e+00
     233983   9749.250     10.923     11.004    14.5915    14.5925  41.027819  41.029867    14.5899    14.5909    33.6291    33.6301    25.0035    25.0040     8.3258     8.4791    253.838    258.510     2.5958     2.4847     0.0745     0.8370     3.2039     0.0537     0.0000 -122.78324   36.45930      99.66         22  0.000e+00
     233984   9749.292     10.976     11.058    14.5918    14.5929  41.027619  41.029867    14.5902    14.5913    33.6286    33.6297    25.0030    25.0037     8.3258     8.4791    253.839    258.511     2.5958     2.4847     0.0745     0.8370     3.2015     0.0513     0.0000 -122.78324   36.45930      99.66         22  0.000e+00
     233985   9749.333     11.023     11.104    14.5917    14.5927  41.028021  41.030068    14.5900    14.5911    33.6291    33.6301    25.0034    25.0040     8.3259     8.4791    253.840    258.513     2.5958     2.4847     0.0745     0.8370     3.2015     0.0513     0.0000 -122.78324   36.45930      99.66         22  0.000e+00
     233986   9749.375     10.923     11.004    14.5917    14.5927  41.027886  41.029934    14.5901    14.5911    33.6290    33.6300    25.0034    25.0039     8.3258     8.4790    253.837    258.510     2.5958     2.4847     0.0745     0.8370     3.2027     0.0513     0.0000 -122.78324   36.45930      99.66         22  0.000e+00
     233987   9749.417     11.036     11.118    14.5918    14.5925  41.027619  41.029599    14.5902    14.5909    33.6286    33.6298    25.0030    25.0038     8.3259     8.4792    253.841    258.515     2.5958     2.4847     0.0745     0.8370     3.2027     0.0513     0.0000 -122.78324   36.45930      99.66         22  0.000e+00
     233988   9749.458     10.976     11.058    14.5920    14.5929  41.028289  41.030336    14.5904    14.5913    33.6291    33.6301    25.0033    25.0040     8.3258     8.4790    253.837    258.510     2.5958     2.4847     0.0745     0.8370     3.2027     0.0525     0.0000 -122.78324   36.45930      99.66         22  0.000e+00
     233989   9749.500     11.023     11.104    14.5918    14.5927  41.028021  41.030001    14.5902    14.5911    33.6289    33.6300    25.0033    25.0039     8.3258     8.4791    253.840    258.513     2.5958     2.4847     0.0745     0.8370     3.2027     0.0525     0.0000 -122.78324   36.45930      99.66         22  0.000e+00
     233990   9749.542     11.023     11.104    14.5920    14.5927  41.028624  41.029867    14.5904    14.5911    33.6293    33.6299    25.0036    25.0038     8.3258     8.4844    253.838    258.672     2.5958     2.4860     0.0745     0.8370     3.2027     0.0513     0.0000 -122.78324   36.45930      99.66         22  0.000e+00
     233991   9749.583     10.976     11.058    14.5918    14.5927  41.028088  41.030068    14.5902    14.5911    33.6290    33.6301    25.0033    25.0040     8.3258     8.4791    253.838    258.511     2.5958     2.4847     0.0745     0.8370     3.2027     0.0513     0.0000 -122.78324   36.45930      99.66         22  0.000e+00
     233992   9749.625     10.989     11.071    14.5915    14.5931  41.028088  41.030202    14.5898    14.5914    33.6293    33.6299    25.0037    25.0038     8.3259     8.4843    253.840    258.669     2.5958     2.4860     0.0745     0.8370     3.2027     0.0513     0.0000 -122.78324   36.45930      99.66         22  0.000e+00
     233993   9749.667     11.022     11.104    14.5917    14.5927  41.027954  41.029666    14.5900    14.5911    33.6290    33.6297    25.0034    25.0037     8.3259     8.4844    253.840    258.673     2.5958     2.4860     0.0745     0.8370     3.2039     0.0537     0.0000 -122.78324   36.45930      99.66         22  0.000e+00
     233994   9749.708     11.022     11.104    14.5918    14.5927  41.028088  41.030001    14.5902    14.5911    33.6290    33.6300    25.0033    25.0039     8.3258     8.4844    253.839    258.672     2.5958     2.4860     0.0745     0.8370     3.2027     0.0525     0.0000 -122.78324   36.45930      99.66         22  0.000e+00
     233995   9749.750     11.022     11.104    14.5917    14.5927  41.027887  41.029934    14.5900    14.5911    33.6290    33.6299    25.0033    25.0039     8.3307     8.4844    253.987    258.672     2.5971     2.4860     0.0745     0.8370     3.2027     0.0525     0.0000 -122.78324   36.45930      99.63         22  0.000e+00
     233996   9749.792     11.022     11.104    14.5918    14.5927  41.027820  41.029867    14.5902    14.5911    33.6288    33.6299    25.0031    25.0038     8.3259     8.4844    253.840    258.672     2.5958     2.4860     0.0745     0.8370     3.2027     0.0513     0.0000 -122.78324   36.45930      99.66         22  0.000e+00
     233997   9749.833     11.069     11.151    14.5920    14.5929  41.028088  41.029599    14.5904    14.5912    33.6288    33.6295    25.0032    25.0035     8.3259     8.4844    253.840    258.674     2.5958     2.4860     0.0745     0.8370     3.2027     0.0513     0.0000 -122.78324   36.45930      99.66         22  0.000e+00
     233998   9749.875     11.036     11.118    14.5918    14.5927  41.027954  41.029733    14.5902    14.5911    33.6289    33.6297    25.0033    25.0037     8.3259     8.4844    253.840    258.673     2.5958     2.4860     0.0745     0.8370     3.2027     0.0513     0.0000 -122.78324   36.45930      99.63         22  0.000e+00
     233999   9749.917     11.022     11.104    14.5920    14.5927  41.028088  41.030068    14.5904    14.5911    33.6289    33.6301    25.0032    25.0040     8.3258     8.4844    253.839    258.672     2.5958     2.4860     0.0745     0.8370     3.2027     0.0513     0.0000 -122.78324   36.45930      99.66         22  0.000e+00
     234000   9749.958     11.069     11.151    14.5920    14.5926  41.028490  41.027524    14.5904    14.5909    33.6292    33.6278    25.0035    25.0023     8.3307     8.4845    253.987    258.678     2.5971     2.4860     0.0745     0.8370     3.2027     0.0537     0.0000 -122.78324   36.45930      99.66         22  0.000e+00
     234001   9750.000     11.022     11.104    14.5918    14.5927  41.028021  41.023975    14.5902    14.5911    33.6289    33.6245    25.0033    24.9997     8.3307     8.4847    253.986    258.682     2.5971     2.4860     0.0745     0.8370     3.2027     0.0598     0.0000 -122.78324   36.45930      99.66         22  0.000e+00
     234002   9750.042     11.122     11.204    14.5918    14.5927  41.028423  41.027926    14.5902    14.5911    33.6293    33.6281    25.0035    25.0024     8.3308     8.4846    253.989    258.679     2.5971     2.4860     0.0745     0.8370     3.2027     0.0611     0.0000 -122.78324   36.45930      99.66         22  0.000e+00
     234003   9750.083     11.069     11.151    14.5915    14.5927  41.028021  41.030001    14.5899    14.5911    33.6292    33.6300    25.0036    25.0039     8.3259     8.4844    253.842    258.674     2.5958     2.4860     0.0745     0.8370     3.2027     0.0586     0.0000 -122.78324   36.45930      99.66         22  0.000e+00
     234004   9750.125     10.989     11.071    14.5916    14.5929  41.027820  41.029934    14.5900    14.5913    33.6290    33.6298    25.0033    25.0037     8.3258     8.4843    253.840    258.671     2.5958     2.4860     0.0745     0.8370     3.2027     0.0586     0.0000 -122.78324   36.45930      99.66         22  0.000e+00
     234005   9750.167     11.122     11.204    14.5917    14.5925  41.027820  41.029867    14.5900    14.5909    33.6289    33.6300    25.0033    25.0039     8.3260     8.4845    253.844    258.676     2.5958     2.4860     0.0745     0.8370     3.2027     0.0586     0.0000 -122.78324   36.45930      99.66         22  0.000e+00
     234006   9750.208     11.069     11.151    14.5915    14.5926  41.028088  41.029599    14.5899    14.5909    33.6293    33.6297    25.0036    25.0037     8.3211     8.4844    253.695    258.675     2.5946     2.4860     0.0745     0.8370     3.2015     0.0586     0.0000 -122.78324   36.45930      99.63         22  0.000e+00
     234007   9750.250     11.069     11.151    14.5918    14.5925  41.027686  41.029532    14.5902    14.5909    33.6286    33.6297    25.0030    25.0037     8.3211     8.4845    253.695    258.675     2.5946     2.4860     0.0745     0.8370     3.2027     0.0586     0.0000 -122.78324   36.45930      99.66         22  0.000e+00
     234008   9750.292     11.069     11.151    14.5917    14.5927  41.027753  41.029733    14.5900    14.5911    33.6288    33.6297    25.0032    25.0037     8.3211     8.4844    253.695    258.674     2.5946     2.4860     0.0781     0.9286     3.2027     0.0586     0.0000 -122.78324   36.45930      99.66         22  0.000e+00
     234009   9750.333     11.069     11.151    14.5918    14.5927  41.027619  41.029867    14.5902    14.5911    33.6286    33.6299    25.0030    25.0038     8.3211     8.4844    253.695    258.674     2.5946     2.4860     0.0794     0.9591     3.2027     0.0586     0.0000 -122.78324   36.45930      99.66         22  0.000e+00
     234010   9750.375     11.082     11.164    14.5917    14.5925  41.027485  41.030068    14.5900    14.5909    33.6286    33.6302    25.0030    25.0041     8.3211     8.4844    253.696    258.675     2.5946     2.4860     0.0794     0.9591     3.2039     0.0562     0.0000 -122.78324   36.45930      99.66         22  0.000e+00
     234011   9750.417     11.069     11.151    14.5915    14.5926  41.028021  41.030269    14.5899    14.5909    33.6292    33.6303    25.0036    25.0042     8.3211     8.4792    253.695    258.514     2.5946     2.4847     0.0794     0.9591     3.2027     0.0574     0.0000 -122.78324   36.45930      99.66         22  0.000e+00
     234012   9750.458     11.069     11.151    14.5917    14.5925  41.027686  41.029934    14.5900    14.5909    33.6288    33.6301    25.0032    25.0040     8.3211     8.4792    253.695    258.515     2.5946     2.4847     0.0781     0.9286     3.2039     0.0586     0.0000 -122.78324   36.45930      99.66         22  0.000e+00
     234013   9750.500     11.069     11.151    14.5917    14.5925  41.027485  41.029867    14.5900    14.5909    33.6286    33.6300    25.0030    25.0040     8.3211     8.4844    253.696    258.675     2.5946     2.4860     0.0781     0.9286     3.2039     0.0562     0.0000 -122.78324   36.45930      99.66         22  0.000e+00
     234014   9750.542     11.122     11.204    14.5913    14.5929  41.027485  41.029867    14.5897    14.5912    33.6289    33.6297    25.0033    25.0036     8.3212     8.4792    253.699    258.516     2.5946     2.4847     0.0794     0.9591     3.2027     0.0549     0.0000 -122.78324   36.45930      99.66         22  0.000e+00
