West Coast/WCOA-7/CTD_Data/RB2102_CTD_025_01.ros
* Sea-Bird SBE 9 Data File:
* FileName = C:\Users\scs.user.rb\CTD\RB2102\Data\RB2102_CTD_025_01.hex
* Software Version Seasave V 7.26.7.107
* Temperature SN = 6202
* Conductivity SN = 4907
* Number of Bytes Per Scan = 41
* Number of Voltage Words = 4
* Number of Scans Averaged by the Deck Unit = 1
* NMEA Latitude = 47 38.26 N
* NMEA Longitude = 124 29.27 W
* NMEA UTC (Time) = Jun 29 2021  21:29:49
* NMEA baud rate = 4800
# nquan = 30
# nvalues = 343                                   
# units = specified
# name 0 = scan: Scan Count
# name 1 = timeS: Time, Elapsed [seconds]
# name 2 = depSM: Depth [salt water, m]
# name 3 = prDM: Pressure, Digiquartz [db]
# name 4 = t090C: Temperature [ITS-90, deg C]
# name 5 = t190C: Temperature, 2 [ITS-90, deg C]
# name 6 = c0mS/cm: Conductivity [mS/cm]
# name 7 = c1mS/cm: Conductivity, 2 [mS/cm]
# name 8 = potemp090C: Potential Temperature [ITS-90, deg C]
# name 9 = potemp190C: Potential Temperature, 2 [ITS-90, deg C]
# name 10 = sal00: Salinity, Practical [PSU]
# name 11 = sal11: Salinity, Practical, 2 [PSU]
# name 12 = sigma-é00: Density [sigma-theta, kg/m^3]
# name 13 = sigma-é11: Density, 2 [sigma-theta, kg/m^3]
# name 14 = sbeox0Mg/L: Oxygen, SBE 43 [mg/l]
# name 15 = sbeox1Mg/L: Oxygen, SBE 43, 2 [mg/l]
# name 16 = sbox0Mm/Kg: Oxygen, SBE 43 [umol/kg]
# name 17 = sbox1Mm/Kg: Oxygen, SBE 43, 2 [umol/kg]
# name 18 = sbeox0V: Oxygen raw, SBE 43 [V]
# name 19 = sbeox1V: Oxygen raw, SBE 43, 2 [V]
# name 20 = v4: Voltage 4
# name 21 = flECO-AFL: Fluorescence, WET Labs ECO-AFL/FL [mg/m^3]
# name 22 = v3: Voltage 3
# name 23 = v6: Voltage 6
# name 24 = v7: Voltage 7
# name 25 = longitude: Longitude [deg]
# name 26 = latitude: Latitude [deg]
# name 27 = altM: Altimeter [m]
# name 28 = nbf: Bottles Fired
# name 29 = flag:  0.000e+00
# interval = seconds: 0.0416667
# start_time = Jun 29 2021 21:29:49 [NMEA time, header]
# bad_flag = -9.990e-29
*END*
[from data line 242]
      21507    896.083      3.215      3.242    15.6529    15.6520  39.913978  39.914432    15.6524    15.6515    31.7424    31.7435    23.3204    23.3214    11.9822    11.4820    365.916    350.642     3.5556     3.2186     0.0989     1.4475     3.1526     1.1074     0.0000 -124.48668   47.63756      21.15          5  0.000e+00
      21508    896.125      3.215      3.242    15.6529    15.6520  39.914508  39.914366    15.6524    15.6515    31.7429    31.7436    23.3207    23.3215    11.9822    11.4821    365.915    350.642     3.5556     3.2186     0.0989     1.4475     3.1526     1.1062     0.0000 -124.48668   47.63756      21.15          5  0.000e+00
      21509    896.167      3.261      3.289    15.6531    15.6522  39.913912  39.914035    15.6526    15.6517    31.7422    31.7430    23.3202    23.3210    11.9823    11.4821    365.918    350.644     3.5556     3.2186     0.0989     1.4475     3.1514     1.1074     0.0000 -124.48668   47.63756      21.15          5  0.000e+00
      21704    904.292      3.017      3.042    15.6812    15.6493  39.942930  39.914299    15.6807    15.6488    31.7454    31.7457    23.3165    23.3237    12.4847    11.8696    381.262    362.476     3.6862     3.3101     0.1111     1.7528     3.1514     1.1074     0.0000 -124.48668   47.63756      21.03          6  0.000e+00
      21705    904.333      3.017      3.042    15.6844    15.6488  39.943924  39.914366    15.6840    15.6483    31.7437    31.7462    23.3144    23.3242    12.4840    11.8697    381.242    362.479     3.6862     3.3101     0.1087     1.6917     3.1514     1.1074     0.0000 -124.48668   47.63756      21.03          6  0.000e+00
      21706    904.375      3.063      3.089    15.6880    15.6500  39.946243  39.914763    15.6875    15.6495    31.7429    31.7455    23.3130    23.3234    12.4785    11.8643    381.074    362.315     3.6850     3.3089     0.1062     1.6307     3.1514     1.1074     0.0000 -124.48668   47.63756      21.03          6  0.000e+00
      21707    904.417      3.063      3.089    15.6954    15.6512  39.950352  39.913836    15.6949    15.6507    31.7406    31.7438    23.3096    23.3218    12.4768    11.8693    381.024    362.469     3.6850     3.3101     0.1050     1.6002     3.1514     1.1074     0.0000 -124.48668   47.63756      21.03          6  0.000e+00
      21708    904.458      3.116      3.142    15.7020    15.6507  39.950947  39.913704    15.7015    15.6502    31.7358    31.7440    23.3044    23.3221    12.4756    11.8644    380.989    362.316     3.6850     3.3089     0.1062     1.6307     3.1514     1.1074     0.0000 -124.48668   47.63756      20.95          6  0.000e+00
      21709    904.500      3.116      3.142    15.6997    15.6494  39.945778  39.913042    15.6992    15.6490    31.7331    31.7444    23.3029    23.3227    12.4764    11.8646    381.013    362.325     3.6850     3.3089     0.1050     1.6002     3.1514     1.1074     0.0000 -124.48668   47.63756      20.93          6  0.000e+00
      21710    904.542      3.116      3.142    15.6959    15.6483  39.943128  39.912512    15.6954    15.6478    31.7337    31.7449    23.3042    23.3233    12.4773    11.8649    381.040    362.332     3.6850     3.3089     0.1062     1.6307     3.1514     1.1074     0.0000 -124.48668   47.63756      20.93          6  0.000e+00
      21711    904.583      3.129      3.155    15.6975    15.6466  39.944983  39.912446    15.6970    15.6461    31.7341    31.7462    23.3042    23.3247    12.4721    11.8652    380.882    362.343     3.6838     3.3089     0.1050     1.6002     3.1514     1.1074     0.0000 -124.48668   47.63756      20.95          6  0.000e+00
      21712    904.625      3.116      3.142    15.6939    15.6430  39.942465  39.911652    15.6934    15.6425    31.7348    31.7484    23.3055    23.3271    12.4729    11.8660    380.907    362.364     3.6838     3.3089     0.1062     1.6307     3.1502     1.1074     0.0000 -124.48668   47.63756      20.95          6  0.000e+00
      21713    904.667      3.215      3.242    15.6839    15.6394  39.934382  39.911587    15.6834    15.6389    31.7356    31.7512    23.3083    23.3301    12.4755    11.8616    380.986    362.231     3.6838     3.3077     0.1062     1.6307     3.1502     1.1074     0.0000 -124.48668   47.63756      20.95          6  0.000e+00
      21714    904.708      3.215      3.242    15.6721    15.6374  39.927625  39.911521    15.6716    15.6369    31.7391    31.7528    23.3136    23.3317    12.4735    11.8620    380.921    362.242     3.6825     3.3077     0.1050     1.6002     3.1526     1.1074     0.0000 -124.48668   47.63756      20.95          6  0.000e+00
      21715    904.750      3.215      3.242    15.6622    15.6363  39.924313  39.911918    15.6618    15.6358    31.7441    31.7539    23.3196    23.3329    12.4756    11.8622    380.982    362.247     3.6825     3.3077     0.1050     1.6002     3.1526     1.1074     0.0000 -124.48668   47.63756      20.93          6  0.000e+00
      21716    904.792      3.215      3.242    15.6565    15.6350  39.922922  39.911786    15.6560    15.6345    31.7475    31.7549    23.3235    23.3339    12.4720    11.8625    380.872    362.255     3.6813     3.3077     0.1062     1.6307     3.1514     1.1074     0.0000 -124.48668   47.63756      20.93          6  0.000e+00
      21717    904.833      3.215      3.242    15.6532    15.6305  39.922393  39.910131    15.6527    15.6300    31.7497    31.7570    23.3259    23.3365    12.4679    11.8583    380.746    362.126     3.6801     3.3065     0.1062     1.6307     3.1526     1.1074     0.0000 -124.48668   47.63756      20.95          6  0.000e+00
      21718    904.875      3.308      3.336    15.6511    15.6268  39.921002  39.908874    15.6506    15.6263    31.7501    31.7589    23.3267    23.3388    12.4685    11.8592    380.765    362.154     3.6801     3.3065     0.1050     1.6002     3.1514     1.1074     0.0000 -124.48668   47.63756      20.95          6  0.000e+00
      21719    904.917      3.261      3.289    15.6477    15.6252  39.919544  39.909139    15.6472    15.6247    31.7516    31.7604    23.3286    23.3403    12.4644    11.8594    380.639    362.160     3.6789     3.3065     0.1050     1.6002     3.1526     1.1074     0.0000 -124.48668   47.63756      20.90          6  0.000e+00
      21720    904.958      3.275      3.302    15.6392    15.6236  39.915769  39.909007    15.6387    15.6231    31.7550    31.7616    23.3331    23.3416    12.4663    11.8598    380.695    362.170     3.6789     3.3065     0.1062     1.6307     3.1514     1.1074     0.0000 -124.48668   47.63756      20.78          6  0.000e+00
      21721    905.000      3.308      3.336    15.6310    15.6224  39.911795  39.909007    15.6305    15.6219    31.7581    31.7626    23.3373    23.3426    12.4634    11.8549    380.605    362.020     3.6777     3.3053     0.1050     1.6002     3.1514     1.1074     0.0000 -124.48668   47.63756      20.73          6  0.000e+00
      21722    905.042      3.361      3.389    15.6265    15.6219  39.911133  39.909272    15.6260    15.6214    31.7611    31.7632    23.3405    23.3432    12.4596    11.8551    380.488    362.025     3.6764     3.3053     0.1062     1.6307     3.1502     1.1074     0.0000 -124.48668   47.63756      20.73          6  0.000e+00
      21723    905.083      3.308      3.336    15.6255    15.6222  39.911729  39.908543    15.6250    15.6217    31.7624    31.7623    23.3418    23.3424    12.4597    11.8550    380.490    362.022     3.6764     3.3053     0.1050     1.6002     3.1514     1.1074     0.0000 -124.48668   47.63756      20.76          6  0.000e+00
      21724    905.125      3.361      3.389    15.6238    15.6224  39.909014  39.908477    15.6233    15.6219    31.7614    31.7621    23.3414    23.3422    12.4555    11.8550    380.363    362.024     3.6752     3.3053     0.1050     1.6002     3.1514     1.1074     0.0000 -124.48668   47.63756      20.76          6  0.000e+00
      21725    905.167      3.361      3.389    15.6176    15.6244  39.903118  39.909205    15.6171    15.6239    31.7612    31.7611    23.3426    23.3410    12.4476    11.8546    380.119    362.011     3.6728     3.3053     0.1050     1.6002     3.1514     1.1074     0.0000 -124.48668   47.63756      20.73          6  0.000e+00
      21726    905.208      3.361      3.389    15.6102    15.6244  39.899343  39.909801    15.6097    15.6239    31.7638    31.7616    23.3462    23.3414    12.4445    11.8494    380.023    361.852     3.6716     3.3040     0.1062     1.6307     3.1514     1.1074     0.0000 -124.48668   47.63756      20.66          6  0.000e+00
      21727    905.250      3.407      3.436    15.6076    15.6241  39.898218  39.908941    15.6071    15.6236    31.7648    31.7611    23.3476    23.3411    12.4403    11.8496    379.896    361.858     3.6703     3.3040     0.1050     1.6002     3.1526     1.1074     0.0000 -124.48668   47.63756      20.61          6  0.000e+00
      21728    905.292      3.374      3.402    15.6070    15.6239  39.897290  39.907815    15.6065    15.6234    31.7646    31.7602    23.3475    23.3405    12.4357    11.8496    379.754    361.859     3.6691     3.3040     0.1050     1.6002     3.1526     1.1074     0.0000 -124.48668   47.63756      20.63          6  0.000e+00
      21729    905.333      3.407      3.436    15.6065    15.6232  39.896164  39.907087    15.6059    15.6226    31.7640    31.7602    23.3471    23.3406    12.4311    11.8447    379.615    361.709     3.6679     3.3028     0.1062     1.6307     3.1514     1.1074     0.0000 -124.48668   47.63756      20.63          6  0.000e+00
      21730    905.375      3.407      3.436    15.6052    15.6198  39.895436  39.905829    15.6047    15.6193    31.7643    31.7618    23.3477    23.3425    12.4266    11.8454    379.478    361.730     3.6667     3.3028     0.1062     1.6307     3.1502     1.1074     0.0000 -124.48668   47.63756      20.63          6  0.000e+00
      21731    905.417      3.407      3.436    15.6059    15.6174  39.895767  39.904175    15.6054    15.6169    31.7640    31.7622    23.3473    23.3434    12.4217    11.8460    379.328    361.747     3.6654     3.3028     0.1074     1.6612     3.1514     1.1074     0.0000 -124.48668   47.63756      20.61          6  0.000e+00
      21732    905.458      3.453      3.482    15.6063    15.6157  39.896761  39.901924    15.6058    15.6152    31.7646    31.7616    23.3477    23.3433    12.4169    11.8413    379.180    361.606     3.6642     3.3016     0.1111     1.7528     3.1526     1.1074     0.0000 -124.48668   47.63756      20.59          6  0.000e+00
      21733    905.500      3.453      3.482    15.6036    15.6115  39.895635  39.900336    15.6030    15.6109    31.7658    31.7636    23.3492    23.3458    12.4127    11.8423    379.052    361.633     3.6630     3.3016     0.1123     1.7833     3.1514     1.1074     0.0000 -124.48668   47.63756      20.56          6  0.000e+00
      21734    905.542      3.407      3.436    15.6015    15.6054  39.894178  39.898151    15.6010    15.6048    31.7662    31.7666    23.3499    23.3494    12.4083    11.8435    378.918    361.670     3.6618     3.3016     0.1123     1.7833     3.1502     1.1074     0.0000 -124.48668   47.63756      20.56          6  0.000e+00
      21735    905.583      3.453      3.482    15.6013    15.6002  39.894112  39.896497    15.6008    15.5997    31.7662    31.7692    23.3500    23.3526    12.4037    11.8447    378.776    361.704     3.6606     3.3016     0.1123     1.7833     3.1514     1.1062     0.0000 -124.48668   47.63756      20.56          6  0.000e+00
      21736    905.625      3.453      3.482    15.6007    15.5972  39.893648  39.895372    15.6002    15.5966    31.7663    31.7707    23.3502    23.3544    12.4038    11.8453    378.781    361.724     3.6606     3.3016     0.1123     1.7833     3.1514     1.1074     0.0000 -124.48668   47.63756      20.56          6  0.000e+00
      21737    905.667      3.473      3.502    15.6012    15.5951  39.892721  39.894115    15.6007    15.5946    31.7651    31.7713    23.3492    23.3552    12.3991    11.8407    378.635    361.581     3.6593     3.3004     0.1123     1.7833     3.1514     1.1074     0.0000 -124.48668   47.63756      20.54          6  0.000e+00
      21738    905.708      3.453      3.482    15.6003    15.5943  39.892257  39.893453    15.5998    15.5937    31.7654    31.7714    23.3496    23.3555    12.3945    11.8408    378.495    361.587     3.6581     3.3004     0.1123     1.7833     3.1514     1.1074     0.0000 -124.48668   47.63756      20.44          6  0.000e+00
      21739    905.750      3.453      3.482    15.6005    15.5937  39.892853  39.893850    15.6000    15.5932    31.7658    31.7721    23.3498    23.3562    12.3944    11.8357    378.492    361.431     3.6581     3.2991     0.1123     1.7833     3.1514     1.1074     0.0000 -124.48668   47.63756      20.42          6  0.000e+00
      21740    905.792      3.453      3.482    15.6012    15.5940  39.893714  39.893519    15.6007    15.5935    31.7660    31.7716    23.3499    23.3557    12.3894    11.8357    378.341    361.430     3.6569     3.2991     0.1123     1.7833     3.1514     1.1062     0.0000 -124.48668   47.63756      20.42          6  0.000e+00
      21741    905.833      3.506      3.536    15.5987    15.5943  39.894642  39.892394    15.5982    15.5937    31.7688    31.7704    23.3526    23.3548    12.3899    11.8358    378.355    361.433     3.6569     3.2991     0.1123     1.7833     3.1526     1.1062     0.0000 -124.48668   47.63756      20.42          6  0.000e+00
      21742    905.875      3.506      3.536    15.6018    15.5941  39.895106  39.892261    15.6013    15.5936    31.7667    31.7704    23.3503    23.3548    12.3845    11.8359    378.191    361.435     3.6557     3.2991     0.1123     1.7833     3.1514     1.1074     0.0000 -124.48668   47.63756      20.42          6  0.000e+00
      21743    905.917      3.453      3.482    15.6068    15.5939  39.895502  39.892526    15.6063    15.5934    31.7631    31.7708    23.3464    23.3552    12.3787    11.8306    378.015    361.275     3.6545     3.2979     0.1123     1.7833     3.1526     1.1074     0.0000 -124.48668   47.63756      20.42          6  0.000e+00
      21744    905.958      3.506      3.536    15.6066    15.5943  39.895834  39.892658    15.6061    15.5937    31.7635    31.7706    23.3467    23.3550    12.3788    11.8306    378.017    361.275     3.6545     3.2979     0.1123     1.7833     3.1502     1.1074     0.0000 -124.48668   47.63756      20.42          6  0.000e+00
      21745    906.000      3.473      3.502    15.6073    15.5994  39.897423  39.893982    15.6068    15.5989    31.7644    31.7677    23.3473    23.3516    12.3737    11.8295    377.863    361.242     3.6532     3.2979     0.1123     1.7833     3.1514     1.1074     0.0000 -124.48668   47.63756      20.42          6  0.000e+00
      21746    906.042      3.506      3.536    15.6120    15.6174  39.898549  39.898150    15.6115    15.6169    31.7616    31.7568    23.3441    23.3393    12.3728    11.8258    377.836    361.134     3.6532     3.2979     0.1123     1.7833     3.1514     1.1074     0.0000 -124.48668   47.63756      20.42          6  0.000e+00
      21747    906.083      3.506      3.536    15.6135    15.6319  39.898747  39.901061    15.6130    15.6314    31.7605    31.7478    23.3430    23.3291    12.3725    11.8177    377.827    360.889     3.6532     3.2967     0.1123     1.7833     3.1526     1.1074     0.0000 -124.48668   47.63756      20.42          6  0.000e+00
      21748    906.125      3.506      3.536    15.6139    15.6296  39.898681  39.899804    15.6134    15.6291    31.7602    31.7485    23.3426    23.3302    12.3677    11.8182    377.680    360.905     3.6520     3.2967     0.1123     1.7833     3.1514     1.1074     0.0000 -124.48668   47.63756      20.42          6  0.000e+00
