West Coast/WCOA-7/CTD_Data/RB2102_CTD_123_01.ros
* Sea-Bird SBE 9 Data File:
* FileName = C:\Users\scs.user.rb\CTD\RB2102\Data\RB2102_CTD_123_01.hex
* Software Version Seasave V 7.26.7.107
* Temperature SN = 6202
* Conductivity SN = 4907
* Number of Bytes Per Scan = 41
* Number of Voltage Words = 4
* Number of Scans Averaged by the Deck Unit = 1
* NMEA Latitude = 33 59.61 N
* NMEA Longitude = 119 22.28 W
* NMEA UTC (Time) = Jul 19 2021  22:20:50
* NMEA baud rate = 4800
# nquan = 30
# nvalues = 809                                   
# units = specified
# name 0 = scan: Scan Count
# name 1 = timeS: Time, Elapsed [seconds]
# name 2 = depSM: Depth [salt water, m]
# name 3 = prDM: Pressure, Digiquartz [db]
# name 4 = t090C: Temperature [ITS-90, deg C]
# name 5 = t190C: Temperature, 2 [ITS-90, deg C]
# name 6 = c0mS/cm: Conductivity [mS/cm]
# name 7 = c1mS/cm: Conductivity, 2 [mS/cm]
# name 8 = potemp090C: Potential Temperature [ITS-90, deg C]
# name 9 = potemp190C: Potential Temperature, 2 [ITS-90, deg C]
# name 10 = sal00: Salinity, Practical [PSU]
# name 11 = sal11: Salinity, Practical, 2 [PSU]
# name 12 = sigma-é00: Density [sigma-theta, kg/m^3]
# name 13 = sigma-é11: Density, 2 [sigma-theta, kg/m^3]
# name 14 = sbeox0Mg/L: Oxygen, SBE 43 [mg/l]
# name 15 = sbeox1Mg/L: Oxygen, SBE 43, 2 [mg/l]
# name 16 = sbox0Mm/Kg: Oxygen, SBE 43 [umol/kg]
# name 17 = sbox1Mm/Kg: Oxygen, SBE 43, 2 [umol/kg]
# name 18 = sbeox0V: Oxygen raw, SBE 43 [V]
# name 19 = sbeox1V: Oxygen raw, SBE 43, 2 [V]
# name 20 = v4: Voltage 4
# name 21 = flECO-AFL: Fluorescence, WET Labs ECO-AFL/FL [mg/m^3]
# name 22 = v3: Voltage 3
# name 23 = v6: Voltage 6
# name 24 = v7: Voltage 7
# name 25 = longitude: Longitude [deg]
# name 26 = latitude: Latitude [deg]
# name 27 = altM: Altimeter [m]
# name 28 = nbf: Bottles Fired
# name 29 = flag:  0.000e+00
# interval = seconds: 0.0416667
# start_time = Jul 19 2021 22:20:50 [NMEA time, header]
# bad_flag = -9.990e-29
*END*
[from data line 49]
      18426    767.708     81.936     82.541    10.3144    10.3191  37.212989  37.217179    10.3049    10.3095    33.7717    33.7716    25.9409    25.9401     4.6110     4.3350    140.452    132.047     1.5433     1.4164     0.0427     0.0434     3.2747     0.0024     0.0134 -119.37138   33.99330       4.98          2  0.000e+00
      18427    767.750     82.082     82.688    10.3141    10.3189  37.213376  37.216986    10.3045    10.3093    33.7723    33.7715    25.9415    25.9400     4.6111     4.3351    140.455    132.050     1.5433     1.4164     0.0427     0.0434     3.2735     0.0024     0.0147 -119.37138   33.99330       4.98          2  0.000e+00
      18428    767.792     81.936     82.541    10.3154    10.3190  37.212989  37.216921    10.3059    10.3095    33.7707    33.7714    25.9400    25.9399     4.6109     4.3350    140.450    132.047     1.5433     1.4164     0.0427     0.0434     3.2735     0.0024     0.0134 -119.37138   33.99330       4.98          2  0.000e+00
      18429    767.833     81.982     82.588    10.3159    10.3191  37.212345  37.216922    10.3063    10.3095    33.7696    33.7713    25.9391    25.9398     4.6109     4.3351    140.450    132.048     1.5433     1.4164     0.0440     0.0739     3.2735     0.0024     0.0134 -119.37138   33.99330       4.98          2  0.000e+00
      18430    767.875     81.989     82.595    10.3164    10.3192  37.211958  37.217437    10.3068    10.3096    33.7688    33.7717    25.9383    25.9401     4.6162     4.3351    140.612    132.047     1.5446     1.4164     0.0427     0.0434     3.2735     0.0024     0.0134 -119.37138   33.99330       4.96          2  0.000e+00
      18431    767.917     81.982     82.588    10.3159    10.3195  37.211636  37.217630    10.3063    10.3099    33.7689    33.7716    25.9385    25.9400     4.6109     4.3350    140.451    132.046     1.5433     1.4164     0.0427     0.0434     3.2735     0.0024     0.0134 -119.37138   33.99330       4.96          2  0.000e+00
      18432    767.958     82.035     82.641    10.3158    10.3196  37.211057  37.217050    10.3062    10.3100    33.7684    33.7709    25.9382    25.9395     4.6163     4.3351    140.615    132.047     1.5446     1.4164     0.0427     0.0434     3.2735     0.0024     0.0122 -119.37138   33.99330       4.96          2  0.000e+00
      18433    768.000     81.982     82.588    10.3151    10.3195  37.210670  37.217437    10.3055    10.3099    33.7687    33.7714    25.9385    25.9399     4.6164     4.3292    140.616    131.870     1.5446     1.4151     0.0427     0.0434     3.2735     0.0024     0.0134 -119.37138   33.99330       4.96          2  0.000e+00
      18434    768.042     81.982     82.588    10.3144    10.3200  37.210606  37.217565    10.3049    10.3105    33.7692    33.7711    25.9390    25.9395     4.6111     4.3350    140.455    132.045     1.5433     1.4164     0.0440     0.0739     3.2723     0.0024     0.0134 -119.37138   33.99330       4.96          2  0.000e+00
      18435    768.083     81.982     82.588    10.3130    10.3199  37.210348  37.217823    10.3034    10.3103    33.7703    33.7714    25.9401    25.9398     4.6112     4.3350    140.459    132.045     1.5433     1.4164     0.0440     0.0739     3.2723     0.0012     0.0122 -119.37138   33.99330       4.96          2  0.000e+00
      18436    768.125     82.035     82.641    10.3117    10.3202  37.209704  37.217372    10.3021    10.3106    33.7709    33.7707    25.9408    25.9392     4.6114     4.3292    140.463    131.869     1.5433     1.4151     0.0427     0.0434     3.2723     0.0000     0.0110 -119.37138   33.99330       4.96          2  0.000e+00
      18437    768.167     81.982     82.588    10.3095    10.3200  37.209318  37.217243    10.3000    10.3105    33.7725    33.7707    25.9424    25.9392     4.6168     4.3350    140.630    132.045     1.5446     1.4164     0.0427     0.0434     3.2735     0.0012     0.0110 -119.37138   33.99330       4.98          2  0.000e+00
      18438    768.208     81.982     82.588    10.3088    10.3202  37.209254  37.217501    10.2993    10.3106    33.7731    33.7709    25.9430    25.9393     4.6116     4.3350    140.469    132.045     1.5433     1.4164     0.0427     0.0434     3.2747     0.0012     0.0122 -119.37138   33.99330       4.98          2  0.000e+00
      18439    768.250     82.035     82.641    10.3082    10.3204  37.208996  37.217565    10.2986    10.3108    33.7734    33.7707    25.9433    25.9392     4.6116     4.3350    140.472    132.045     1.5433     1.4164     0.0427     0.0434     3.2735     0.0012     0.0122 -119.37138   33.99330       4.98          2  0.000e+00
      18440    768.292     82.035     82.641    10.3079    10.3206  37.208159  37.217630    10.2983    10.3110    33.7728    33.7706    25.9430    25.9391     4.6170     4.3292    140.636    131.868     1.5446     1.4151     0.0440     0.0739     3.2735     0.0024     0.0147 -119.37138   33.99330       4.98          2  0.000e+00
      18441    768.333     82.035     82.641    10.3079    10.3202  37.208159  37.218016    10.2983    10.3106    33.7728    33.7714    25.9430    25.9397     4.6170     4.3350    140.636    132.045     1.5446     1.4164     0.0427     0.0434     3.2735     0.0024     0.0159 -119.37138   33.99330       4.98          2  0.000e+00
      18442    768.375     81.989     82.594    10.3077    10.3202  37.208030  37.218467    10.2981    10.3107    33.7729    33.7718    25.9430    25.9400     4.6170     4.3291    140.635    131.867     1.5446     1.4151     0.0427     0.0434     3.2735     0.0037     0.0147 -119.37138   33.99330       4.96          2  0.000e+00
      18443    768.417     82.035     82.641    10.3080    10.3205  37.207965  37.218789    10.2985    10.3109    33.7725    33.7718    25.9427    25.9400     4.6170     4.3349    140.635    132.044     1.5446     1.4164     0.0440     0.0739     3.2735     0.0024     0.0147 -119.37138   33.99330       4.96          2  0.000e+00
      18444    768.458     81.982     82.588    10.3082    10.3224  37.207450  37.219175    10.2986    10.3128    33.7718    33.7705    25.9421    25.9387     4.6170     4.3348    140.635    132.038     1.5446     1.4164     0.0427     0.0434     3.2735     0.0024     0.0147 -119.37138   33.99330       4.96          2  0.000e+00
      18445    768.500     82.082     82.688    10.3079    10.3242  37.206806  37.219175    10.2983    10.3146    33.7714    33.7688    25.9419    25.9370     4.6171     4.3347    140.638    132.036     1.5446     1.4164     0.0427     0.0434     3.2723     0.0024     0.0147 -119.37138   33.99330       4.93          2  0.000e+00
      18446    768.542     82.035     82.641    10.3087    10.3256  37.207128  37.219239    10.2991    10.3160    33.7710    33.7675    25.9414    25.9358     4.6170     4.3345    140.635    132.032     1.5446     1.4164     0.0427     0.0434     3.2735     0.0024     0.0147 -119.37138   33.99330       4.96          2  0.000e+00
      18447    768.583     82.035     82.641    10.3080    10.3253  37.206548  37.219303    10.2985    10.3157    33.7711    33.7679    25.9416    25.9361     4.6171     4.3346    140.637    132.032     1.5446     1.4164     0.0427     0.0434     3.2735     0.0037     0.0159 -119.37138   33.99330       4.96          2  0.000e+00
      18448    768.625     82.035     82.641    10.3079    10.3218  37.206291  37.218467    10.2983    10.3123    33.7709    33.7703    25.9415    25.9386     4.6171     4.3290    140.637    131.864     1.5446     1.4151     0.0427     0.0434     3.2735     0.0037     0.0159 -119.37138   33.99330       4.96          2  0.000e+00
      18449    768.667     82.035     82.641    10.3074    10.3188  37.206548  37.217759    10.2978    10.3092    33.7717    33.7724    25.9421    25.9408     4.6171     4.3351    140.638    132.048     1.5446     1.4164     0.0427     0.0434     3.2747     0.0037     0.0159 -119.37138   33.99330       4.96          2  0.000e+00
      18450    768.708     82.035     82.641    10.3064    10.3166  37.206355  37.216278    10.2968    10.3070    33.7724    33.7729    25.9429    25.9416     4.6172     4.3353    140.641    132.055     1.5446     1.4164     0.0440     0.0739     3.2735     0.0037     0.0159 -119.37138   33.99330       4.96          2  0.000e+00
      18451    768.750     82.035     82.641    10.3059    10.3132  37.206548  37.215699    10.2964    10.3036    33.7730    33.7755    25.9434    25.9441     4.6172     4.3356    140.642    132.063     1.5446     1.4164     0.0427     0.0434     3.2735     0.0037     0.0159 -119.37138   33.99330       4.96          2  0.000e+00
      18452    768.792     82.082     82.688    10.3064    10.3104  37.206871  37.215120    10.2968    10.3008    33.7729    33.7776    25.9433    25.9462     4.6172     4.3358    140.641    132.070     1.5446     1.4164     0.0427     0.0434     3.2735     0.0037     0.0159 -119.37138   33.99330       4.96          2  0.000e+00
      18453    768.833     82.035     82.641    10.3076    10.3099  37.206999  37.214991    10.2980    10.3003    33.7720    33.7779    25.9423    25.9465     4.6171     4.3359    140.637    132.071     1.5446     1.4164     0.0427     0.0434     3.2747     0.0037     0.0159 -119.37138   33.99330       4.96          2  0.000e+00
      18454    768.875     82.042     82.648    10.3090    10.3105  37.207192  37.214669    10.2995    10.3009    33.7708    33.7770    25.9412    25.9457     4.6170     4.3358    140.634    132.070     1.5446     1.4164     0.0427     0.0434     3.2735     0.0024     0.0159 -119.37138   33.99330       4.93          2  0.000e+00
      18455    768.917     82.035     82.641    10.3108    10.3117  37.207514  37.214927    10.3013    10.3021    33.7694    33.7762    25.9398    25.9449     4.6168     4.3357    140.630    132.067     1.5446     1.4164     0.0427     0.0434     3.2735     0.0024     0.0147 -119.37138   33.99330       4.93          2  0.000e+00
      18456    768.958     82.081     82.688    10.3118    10.3129  37.207643  37.215249    10.3022    10.3033    33.7687    33.7753    25.9390    25.9440     4.6168     4.3356    140.628    132.065     1.5446     1.4164     0.0427     0.0434     3.2723     0.0024     0.0159 -119.37138   33.99330       4.93          2  0.000e+00
      18457    769.000     82.081     82.688    10.3125    10.3138  37.207836  37.215249    10.3029    10.3042    33.7682    33.7745    25.9386    25.9432     4.6167     4.3356    140.626    132.063     1.5446     1.4164     0.0427     0.0434     3.2723     0.0024     0.0171 -119.37138   33.99330       4.93          2  0.000e+00
      18458    769.042     82.035     82.641    10.3128    10.3150  37.207707  37.215055    10.3032    10.3054    33.7678    33.7732    25.9382    25.9420     4.6167     4.3413    140.625    132.236     1.5446     1.4176     0.0427     0.0434     3.2735     0.0024     0.0159 -119.37138   33.99330       4.93          2  0.000e+00
      18459    769.083     82.035     82.641    10.3120    10.3168  37.208094  37.214926    10.3024    10.3072    33.7690    33.7714    25.9392    25.9403     4.6167     4.3353    140.626    132.056     1.5446     1.4164     0.0427     0.0434     3.2747     0.0037     0.0171 -119.37138   33.99330       4.93          2  0.000e+00
      18460    769.125     82.081     82.688    10.3120    10.3183  37.208287  37.214990    10.3024    10.3088    33.7691    33.7700    25.9394    25.9390     4.6114     4.3352    140.465    132.053     1.5433     1.4164     0.0427     0.0434     3.2747     0.0049     0.0171 -119.37138   33.99330       4.88          2  0.000e+00
      18461    769.167     82.081     82.688    10.3120    10.3191  37.208480  37.215441    10.3024    10.3095    33.7693    33.7698    25.9395    25.9386     4.6167     4.3352    140.627    132.051     1.5446     1.4164     0.0427     0.0434     3.2735     0.0049     0.0183 -119.37138   33.99330       4.88          2  0.000e+00
      18462    769.208     82.081     82.688    10.3125    10.3192  37.208352  37.215184    10.3029    10.3096    33.7687    33.7694    25.9390    25.9383     4.6167     4.3352    140.626    132.051     1.5446     1.4164     0.0440     0.0739     3.2735     0.0049     0.0171 -119.37138   33.99330       4.88          2  0.000e+00
      18463    769.250     82.035     82.641    10.3123    10.3188  37.208287  37.214668    10.3027    10.3093    33.7689    33.7692    25.9391    25.9383     4.6167     4.3352    140.626    132.051     1.5446     1.4164     0.0427     0.0434     3.2747     0.0049     0.0183 -119.37138   33.99330       4.88          2  0.000e+00
      18464    769.292     82.081     82.688    10.3125    10.3186  37.208287  37.213896    10.3029    10.3090    33.7687    33.7687    25.9389    25.9379     4.6167     4.3353    140.626    132.053     1.5446     1.4164     0.0427     0.0434     3.2735     0.0049     0.0183 -119.37138   33.99330       4.88          2  0.000e+00
      18465    769.333     82.088     82.694    10.3123    10.3182  37.208030  37.214154    10.3027    10.3086    33.7686    33.7693    25.9389    25.9384     4.6167     4.3353    140.627    132.054     1.5446     1.4164     0.0427     0.0434     3.2735     0.0049     0.0195 -119.37138   33.99330       4.88          2  0.000e+00
      18466    769.375     82.035     82.641    10.3120    10.3177  37.208158  37.214282    10.3024    10.3082    33.7690    33.7699    25.9393    25.9389     4.6167     4.3353    140.626    132.054     1.5446     1.4164     0.0427     0.0434     3.2735     0.0049     0.0195 -119.37138   33.99330       4.88          2  0.000e+00
      18467    769.417     82.081     82.688    10.3118    10.3171  37.208996  37.214089    10.3022    10.3075    33.7700    33.7702    25.9401    25.9394     4.6167     4.3354    140.627    132.056     1.5446     1.4164     0.0427     0.0434     3.2747     0.0061     0.0195 -119.37138   33.99330       4.88          2  0.000e+00
      18468    769.458     82.081     82.688    10.3118    10.3162  37.208738  37.213961    10.3022    10.3066    33.7698    33.7709    25.9399    25.9400     4.6167     4.3354    140.627    132.058     1.5446     1.4164     0.0427     0.0434     3.2747     0.0061     0.0195 -119.37138   33.99330       4.88          2  0.000e+00
      18469    769.500     82.081     82.688    10.3115    10.3145  37.208352  37.214733    10.3019    10.3049    33.7697    33.7733    25.9399    25.9422     4.6168     4.3355    140.628    132.062     1.5446     1.4164     0.0427     0.0434     3.2735     0.0061     0.0195 -119.37138   33.99330       4.88          2  0.000e+00
      18470    769.542     82.081     82.688    10.3115    10.3141  37.208996  37.214476    10.3019    10.3045    33.7703    33.7735    25.9404    25.9424     4.6114     4.3356    140.465    132.063     1.5433     1.4164     0.0427     0.0434     3.2747     0.0061     0.0195 -119.37138   33.99330       4.88          2  0.000e+00
      18471    769.583     82.081     82.688    10.3107    10.3153  37.208996  37.214862    10.3011    10.3057    33.7711    33.7727    25.9411    25.9416     4.6115     4.3355    140.467    132.060     1.5433     1.4164     0.0440     0.0739     3.2735     0.0073     0.0208 -119.37138   33.99330       4.88          2  0.000e+00
      18472    769.625     82.081     82.688    10.3108    10.3145  37.208932  37.214218    10.3013    10.3049    33.7708    33.7728    25.9409    25.9418     4.6115     4.3356    140.467    132.062     1.5433     1.4164     0.0427     0.0434     3.2735     0.0073     0.0220 -119.37138   33.99330       4.88          2  0.000e+00
