West Coast/WCOA-7/CTD_Data/RB2102_CTD_012_01.ros
* Sea-Bird SBE 9 Data File:
* FileName = C:\Users\scs.user.rb\CTD\RB2102\Data\RB2102_CTD_012_01.hex
* Software Version Seasave V 7.26.7.107
* Temperature SN = 6202
* Conductivity SN = 4907
* Number of Bytes Per Scan = 41
* Number of Voltage Words = 4
* Number of Scans Averaged by the Deck Unit = 1
* NMEA Latitude = 48 43.15 N
* NMEA Longitude = 125 40.57 W
* NMEA UTC (Time) = Jun 28 2021  01:17:25
* NMEA baud rate = 4800
# nquan = 30
# nvalues = 882                                   
# units = specified
# name 0 = scan: Scan Count
# name 1 = timeS: Time, Elapsed [seconds]
# name 2 = depSM: Depth [salt water, m]
# name 3 = prDM: Pressure, Digiquartz [db]
# name 4 = t090C: Temperature [ITS-90, deg C]
# name 5 = t190C: Temperature, 2 [ITS-90, deg C]
# name 6 = c0mS/cm: Conductivity [mS/cm]
# name 7 = c1mS/cm: Conductivity, 2 [mS/cm]
# name 8 = potemp090C: Potential Temperature [ITS-90, deg C]
# name 9 = potemp190C: Potential Temperature, 2 [ITS-90, deg C]
# name 10 = sal00: Salinity, Practical [PSU]
# name 11 = sal11: Salinity, Practical, 2 [PSU]
# name 12 = sigma-é00: Density [sigma-theta, kg/m^3]
# name 13 = sigma-é11: Density, 2 [sigma-theta, kg/m^3]
# name 14 = sbeox0Mg/L: Oxygen, SBE 43 [mg/l]
# name 15 = sbeox1Mg/L: Oxygen, SBE 43, 2 [mg/l]
# name 16 = sbox0Mm/Kg: Oxygen, SBE 43 [umol/kg]
# name 17 = sbox1Mm/Kg: Oxygen, SBE 43, 2 [umol/kg]
# name 18 = sbeox0V: Oxygen raw, SBE 43 [V]
# name 19 = sbeox1V: Oxygen raw, SBE 43, 2 [V]
# name 20 = v4: Voltage 4
# name 21 = flECO-AFL: Fluorescence, WET Labs ECO-AFL/FL [mg/m^3]
# name 22 = v3: Voltage 3
# name 23 = v6: Voltage 6
# name 24 = v7: Voltage 7
# name 25 = longitude: Longitude [deg]
# name 26 = latitude: Latitude [deg]
# name 27 = altM: Altimeter [m]
# name 28 = nbf: Bottles Fired
# name 29 = flag:  0.000e+00
# interval = seconds: 0.0416667
# start_time = Jun 28 2021 01:17:25 [NMEA time, header]
# bad_flag = -9.990e-29
*END*
[from data line 49]
      20360    848.292    156.632    158.029     7.7098     7.7073  34.443640  34.442539     7.6946     7.6921    33.3074    33.3085    25.9888    25.9901     3.3112     3.2820    100.854     99.967     1.1917     1.1441     0.0427     0.0434     3.2540     1.6508     0.0000 -125.67654   48.71886      10.38          2  0.000e+00
      20361    848.333    156.732    158.129     7.7093     7.7072  34.443953  34.443289     7.6941     7.6920    33.3081    33.3094    25.9895    25.9908     3.3170     3.2821    101.031     99.968     1.1929     1.1441     0.0427     0.0434     3.2540     1.6520     0.0000 -125.67654   48.71886      10.40          2  0.000e+00
      20362    848.375    156.533    157.928     7.7091     7.7070  34.444077  34.443413     7.6940     7.6918    33.3085    33.3098    25.9898    25.9912     3.3169     3.2820    101.028     99.966     1.1929     1.1441     0.0427     0.0434     3.2552     1.6520     0.0000 -125.67654   48.71886      10.40          2  0.000e+00
      20363    848.417    156.579    157.975     7.7094     7.7072  34.443827  34.443039     7.6942     7.6920    33.3079    33.3092    25.9893    25.9906     3.3111     3.2820    100.854     99.966     1.1917     1.1441     0.0427     0.0434     3.2552     1.6520     0.0000 -125.67654   48.71886      10.40          2  0.000e+00
      20364    848.458    156.632    158.029     7.7094     7.7068  34.443765  34.443039     7.6942     7.6916    33.3079    33.3095    25.9893    25.9910     3.3112     3.2883    100.855    100.158     1.1917     1.1453     0.0427     0.0434     3.2540     1.6520     0.0000 -125.67654   48.71886      10.40          2  0.000e+00
      20365    848.500    156.579    157.975     7.7098     7.7068  34.443952  34.443289     7.6946     7.6916    33.3077    33.3098    25.9891    25.9912     3.3111     3.2820    100.853     99.967     1.1917     1.1441     0.0427     0.0434     3.2564     1.6520     0.0000 -125.67654   48.71886      10.40          2  0.000e+00
      20366    848.542    156.632    158.029     7.7101     7.7066  34.443827  34.443476     7.6949     7.6915    33.3072    33.3102    25.9887    25.9915     3.3169     3.2821    101.028     99.968     1.1929     1.1441     0.0427     0.0434     3.2540     1.6520     0.0000 -125.67654   48.71886      10.38          2  0.000e+00
      20367    848.583    156.579    157.975     7.7102     7.7068  34.443764  34.443164     7.6950     7.6916    33.3071    33.3097    25.9885    25.9911     3.3111     3.2883    100.852    100.158     1.1917     1.1453     0.0427     0.0434     3.2540     1.6520     0.0000 -125.67654   48.71886      10.38          2  0.000e+00
      20368    848.625    156.579    157.975     7.7104     7.7068  34.443764  34.443414     7.6952     7.6916    33.3069    33.3099    25.9884    25.9913     3.3168     3.2820    101.027     99.967     1.1929     1.1441     0.0427     0.0434     3.2552     1.6520     0.0000 -125.67654   48.71886      10.40          2  0.000e+00
      20369    848.667    156.579    157.975     7.7102     7.7070  34.443952  34.443164     7.6950     7.6918    33.3073    33.3095    25.9887    25.9909     3.3111     3.2820    100.852     99.967     1.1917     1.1441     0.0427     0.0434     3.2540     1.6520     0.0000 -125.67654   48.71886      10.38          2  0.000e+00
      20370    848.708    156.632    158.029     7.7106     7.7070  34.444265  34.443414     7.6954     7.6918    33.3073    33.3097    25.9886    25.9911     3.3168     3.2820    101.027     99.967     1.1929     1.1441     0.0427     0.0434     3.2540     1.6520     0.0000 -125.67654   48.71886      10.38          2  0.000e+00
      20371    848.750    156.579    157.975     7.7103     7.7070  34.444139  34.443164     7.6951     7.6918    33.3074    33.3095    25.9888    25.9909     3.3111     3.2883    100.852    100.157     1.1917     1.1453     0.0427     0.0434     3.2552     1.6520     0.0000 -125.67654   48.71886      10.38          2  0.000e+00
      20372    848.792    156.579    157.975     7.7106     7.7070  34.444264  34.443164     7.6954     7.6918    33.3073    33.3095    25.9887    25.9909     3.3111     3.2820    100.851     99.967     1.1917     1.1441     0.0427     0.0434     3.2540     1.6520     0.0000 -125.67654   48.71886      10.40          2  0.000e+00
      20373    848.833    156.579    157.975     7.7104     7.7068  34.444139  34.442852     7.6952     7.6916    33.3073    33.3094    25.9887    25.9908     3.3168     3.2820    101.026     99.967     1.1929     1.1441     0.0427     0.0434     3.2540     1.6520     0.0000 -125.67654   48.71886      10.40          2  0.000e+00
      20374    848.875    156.579    157.975     7.7102     7.7068  34.444264  34.442976     7.6950     7.6916    33.3076    33.3095    25.9890    25.9909     3.3168     3.2883    101.027    100.158     1.1929     1.1453     0.0427     0.0434     3.2540     1.6520     0.0000 -125.67654   48.71886      10.43          2  0.000e+00
      20375    848.917    156.533    157.928     7.7102     7.7068  34.444139  34.443164     7.6950     7.6917    33.3075    33.3097    25.9889    25.9911     3.3168     3.2820    101.026     99.966     1.1929     1.1441     0.0427     0.0434     3.2540     1.6520     0.0000 -125.67654   48.71886      10.40          2  0.000e+00
      20376    848.958    156.579    157.975     7.7104     7.7068  34.444264  34.443101     7.6952     7.6916    33.3074    33.3096    25.9888    25.9910     3.3168     3.2820    101.026     99.967     1.1929     1.1441     0.0427     0.0434     3.2552     1.6520     0.0000 -125.67654   48.71886      10.43          2  0.000e+00
      20377    849.000    156.579    157.975     7.7104     7.7070  34.444389  34.443164     7.6952     7.6918    33.3076    33.3095    25.9889    25.9909     3.3111     3.2883    100.852    100.157     1.1917     1.1453     0.0427     0.0434     3.2552     1.6520     0.0000 -125.67654   48.71886      10.43          2  0.000e+00
      20378    849.042    156.579    157.975     7.7104     7.7070  34.444139  34.442852     7.6952     7.6918    33.3073    33.3092    25.9887    25.9907     3.3168     3.2820    101.026     99.967     1.1929     1.1441     0.0427     0.0434     3.2552     1.6520     0.0000 -125.67654   48.71886      10.45          2  0.000e+00
      20379    849.083    156.579    157.975     7.7100     7.7070  34.444077  34.443101     7.6948     7.6918    33.3076    33.3094    25.9890    25.9908     3.3168     3.2883    101.027    100.157     1.1929     1.1453     0.0427     0.0434     3.2540     1.6520     0.0000 -125.67654   48.71886      10.45          2  0.000e+00
      20380    849.125    156.533    157.928     7.7102     7.7071  34.444264  34.442664     7.6950     7.6919    33.3076    33.3089    25.9890    25.9904     3.3168     3.2820    101.026     99.966     1.1929     1.1441     0.0427     0.0434     3.2552     1.6520     0.0000 -125.67654   48.71886      10.45          2  0.000e+00
      20381    849.167    156.533    157.928     7.7104     7.7072  34.444389  34.443164     7.6952     7.6920    33.3076    33.3094    25.9889    25.9908     3.3168     3.2883    101.026    100.156     1.1929     1.1453     0.0440     0.0739     3.2540     1.6520     0.0000 -125.67654   48.71886      10.45          2  0.000e+00
      20382    849.208    156.579    157.975     7.7102     7.7071  34.444139  34.443476     7.6950     7.6919    33.3075    33.3097    25.9889    25.9911     3.3168     3.2883    101.027    100.157     1.1929     1.1453     0.0440     0.0739     3.2552     1.6520     0.0000 -125.67654   48.71886      10.45          2  0.000e+00
      20383    849.250    156.533    157.928     7.7102     7.7068  34.444077  34.442976     7.6950     7.6917    33.3074    33.3095    25.9888    25.9909     3.3168     3.2820    101.026     99.966     1.1929     1.1441     0.0440     0.0739     3.2552     1.6520     0.0000 -125.67654   48.71886      10.45          2  0.000e+00
      20384    849.292    156.579    157.975     7.7102     7.7070  34.444077  34.443351     7.6950     7.6918    33.3074    33.3097    25.9888    25.9910     3.3168     3.2820    101.027     99.966     1.1929     1.1441     0.0427     0.0434     3.2552     1.6520     0.0000 -125.67654   48.71886      10.48          2  0.000e+00
      20385    849.333    156.579    157.975     7.7101     7.7076  34.444077  34.443164     7.6949     7.6924    33.3075    33.3089    25.9889    25.9904     3.3168     3.2883    101.027    100.156     1.1929     1.1453     0.0440     0.0739     3.2564     1.6520     0.0000 -125.67654   48.71886      10.48          2  0.000e+00
      20386    849.375    156.533    157.928     7.7100     7.7075  34.444077  34.443413     7.6948     7.6923    33.3076    33.3093    25.9890    25.9907     3.3111     3.2882    100.852    100.156     1.1917     1.1453     0.0440     0.0739     3.2540     1.6520     0.0000 -125.67654   48.71886      10.48          2  0.000e+00
      20387    849.417    156.533    157.928     7.7099     7.7078  34.444077  34.443164     7.6948     7.6926    33.3077    33.3088    25.9891    25.9902     3.3168     3.2882    101.027    100.155     1.1929     1.1453     0.0440     0.0739     3.2552     1.6520     0.0000 -125.67654   48.71886      10.48          2  0.000e+00
      20388    849.458    156.579    157.975     7.7099     7.7080  34.444077  34.442914     7.6947     7.6928    33.3077    33.3083    25.9891    25.9898     3.3168     3.2882    101.027    100.156     1.1929     1.1453     0.0440     0.0739     3.2552     1.6520     0.0000 -125.67654   48.71886      10.48          2  0.000e+00
      20389    849.500    156.533    157.928     7.7098     7.7079  34.444077  34.443476     7.6946     7.6928    33.3079    33.3090    25.9892    25.9903     3.3168     3.2882    101.027    100.155     1.1929     1.1453     0.0427     0.0434     3.2552     1.6520     0.0000 -125.67654   48.71886      10.48          2  0.000e+00
      20390    849.542    156.533    157.928     7.7098     7.7081  34.443827  34.443726     7.6946     7.6929    33.3076    33.3090    25.9890    25.9904     3.3168     3.2819    101.027     99.964     1.1929     1.1441     0.0440     0.0739     3.2552     1.6520     0.0000 -125.67654   48.71886      10.50          2  0.000e+00
      20391    849.583    156.533    157.928     7.7096     7.7086  34.443764  34.443538     7.6944     7.6934    33.3077    33.3084    25.9891    25.9898     3.3169     3.2882    101.028    100.153     1.1929     1.1453     0.0440     0.0739     3.2540     1.6520     0.0000 -125.67654   48.71886      10.50          2  0.000e+00
      20392    849.625    156.579    157.975     7.7096     7.7088  34.443765  34.443413     7.6944     7.6936    33.3077    33.3081    25.9891    25.9896     3.3169     3.2882    101.028    100.154     1.1929     1.1453     0.0440     0.0739     3.2552     1.6520     0.0000 -125.67654   48.71886      10.50          2  0.000e+00
      20393    849.667    156.533    157.928     7.7096     7.7088  34.443764  34.443725     7.6944     7.6936    33.3077    33.3084    25.9891    25.9898     3.3169     3.2881    101.028    100.153     1.1929     1.1453     0.0440     0.0739     3.2552     1.6520     0.0000 -125.67654   48.71886      10.50          2  0.000e+00
      20394    849.708    156.579    157.975     7.7098     7.7091  34.443764  34.443726     7.6947     7.6939    33.3074    33.3081    25.9889    25.9895     3.3169     3.2819    101.028     99.962     1.1929     1.1441     0.0440     0.0739     3.2540     1.6520     0.0000 -125.67654   48.71886      10.48          2  0.000e+00
      20395    849.750    156.533    157.928     7.7099     7.7088  34.443952  34.443788     7.6948     7.6936    33.3076    33.3085    25.9890    25.9898     3.3168     3.2881    101.027    100.153     1.1929     1.1453     0.0427     0.0434     3.2552     1.6520     0.0000 -125.67654   48.71886      10.50          2  0.000e+00
      20396    849.792    156.579    157.975     7.7098     7.7092  34.443827  34.443726     7.6946     7.6940    33.3076    33.3080    25.9890    25.9894     3.3169     3.2881    101.028    100.153     1.1929     1.1453     0.0440     0.0739     3.2540     1.6520     0.0000 -125.67654   48.71886      10.53          2  0.000e+00
      20397    849.833    156.533    157.928     7.7099     7.7094  34.443952  34.443476     7.6948     7.6942    33.3076    33.3075    25.9890    25.9890     3.3168     3.2881    101.027    100.152     1.1929     1.1453     0.0440     0.0739     3.2552     1.6520     0.0000 -125.67654   48.71886      10.53          2  0.000e+00
      20398    849.875    156.579    157.975     7.7099     7.7093  34.443827  34.443476     7.6947     7.6941    33.3074    33.3077    25.9888    25.9891     3.3169     3.2881    101.028    100.153     1.1929     1.1453     0.0440     0.0739     3.2540     1.6520     0.0000 -125.67654   48.71886      10.53          2  0.000e+00
      20399    849.917    156.486    157.881     7.7098     7.7092  34.443764  34.443663     7.6946     7.6941    33.3076    33.3079    25.9890    25.9894     3.3168     3.2818    101.027     99.961     1.1929     1.1441     0.0440     0.0739     3.2540     1.6520     0.0000 -125.67654   48.71886      10.53          2  0.000e+00
      20400    849.958    156.579    157.975     7.7101     7.7093  34.443952  34.443788     7.6949     7.6941    33.3074    33.3080    25.9888    25.9894     3.3168     3.2881    101.027    100.153     1.1929     1.1453     0.0440     0.0739     3.2540     1.6520     0.0000 -125.67654   48.71886      10.53          2  0.000e+00
      20401    850.000    156.579    157.975     7.7098     7.7091  34.443577  34.443476     7.6947     7.6939    33.3072    33.3078    25.9887    25.9893     3.3169     3.2882    101.028    100.153     1.1929     1.1453     0.0440     0.0739     3.2540     1.6520     0.0000 -125.67654   48.71886      10.50          2  0.000e+00
      20402    850.042    156.533    157.928     7.7102     7.7091  34.443639  34.443725     7.6950     7.6939    33.3070    33.3081    25.9884    25.9895     3.3168     3.2881    101.027    100.152     1.1929     1.1453     0.0440     0.0739     3.2552     1.6520     0.0000 -125.67654   48.71886      10.48          2  0.000e+00
      20403    850.083    156.579    157.975     7.7101     7.7096  34.443952  34.443476     7.6949     7.6944    33.3074    33.3074    25.9888    25.9889     3.3168     3.2881    101.027    100.152     1.1929     1.1453     0.0440     0.0739     3.2552     1.6520     0.0000 -125.67654   48.71886      10.48          2  0.000e+00
      20404    850.125    156.579    157.975     7.7102     7.7093  34.443827  34.443726     7.6950     7.6941    33.3071    33.3079    25.9886    25.9893     3.3168     3.2881    101.027    100.153     1.1929     1.1453     0.0440     0.0739     3.2552     1.6520     0.0000 -125.67654   48.71886      10.48          2  0.000e+00
      20405    850.167    156.533    157.928     7.7104     7.7094  34.443952  34.443476     7.6952     7.6942    33.3071    33.3075    25.9885    25.9890     3.3225     3.2881    101.201    100.152     1.1941     1.1453     0.0440     0.0739     3.2552     1.6520     0.0000 -125.67654   48.71886      10.48          2  0.000e+00
      20406    850.208    156.579    157.975     7.7106     7.7091  34.444264  34.443601     7.6954     7.6939    33.3073    33.3080    25.9887    25.9894     3.3225     3.2881    101.201    100.153     1.1941     1.1453     0.0427     0.0434     3.2552     1.6520     0.0000 -125.67654   48.71886      10.48          2  0.000e+00
