West Coast/WCOA-7/CTD_Data/RB2102_CTD_074_01.ros
* Sea-Bird SBE 9 Data File:
* FileName = C:\Users\scs.user.rb\CTD\RB2102\Data\RB2102_CTD_074_01.hex
* Software Version Seasave V 7.26.7.107
* Temperature SN = 6202
* Conductivity SN = 4907
* Number of Bytes Per Scan = 41
* Number of Voltage Words = 4
* Number of Scans Averaged by the Deck Unit = 1
* NMEA Latitude = 40 13.16 N
* NMEA Longitude = 124 26.80 W
* NMEA UTC (Time) = Jul 09 2021  12:34:56
* NMEA baud rate = 4800
# nquan = 30
# nvalues = 784                                   
# units = specified
# name 0 = scan: Scan Count
# name 1 = timeS: Time, Elapsed [seconds]
# name 2 = depSM: Depth [salt water, m]
# name 3 = prDM: Pressure, Digiquartz [db]
# name 4 = t090C: Temperature [ITS-90, deg C]
# name 5 = t190C: Temperature, 2 [ITS-90, deg C]
# name 6 = c0mS/cm: Conductivity [mS/cm]
# name 7 = c1mS/cm: Conductivity, 2 [mS/cm]
# name 8 = potemp090C: Potential Temperature [ITS-90, deg C]
# name 9 = potemp190C: Potential Temperature, 2 [ITS-90, deg C]
# name 10 = sal00: Salinity, Practical [PSU]
# name 11 = sal11: Salinity, Practical, 2 [PSU]
# name 12 = sigma-é00: Density [sigma-theta, kg/m^3]
# name 13 = sigma-é11: Density, 2 [sigma-theta, kg/m^3]
# name 14 = sbeox0Mg/L: Oxygen, SBE 43 [mg/l]
# name 15 = sbeox1Mg/L: Oxygen, SBE 43, 2 [mg/l]
# name 16 = sbox0Mm/Kg: Oxygen, SBE 43 [umol/kg]
# name 17 = sbox1Mm/Kg: Oxygen, SBE 43, 2 [umol/kg]
# name 18 = sbeox0V: Oxygen raw, SBE 43 [V]
# name 19 = sbeox1V: Oxygen raw, SBE 43, 2 [V]
# name 20 = v4: Voltage 4
# name 21 = flECO-AFL: Fluorescence, WET Labs ECO-AFL/FL [mg/m^3]
# name 22 = v3: Voltage 3
# name 23 = v6: Voltage 6
# name 24 = v7: Voltage 7
# name 25 = longitude: Longitude [deg]
# name 26 = latitude: Latitude [deg]
# name 27 = altM: Altimeter [m]
# name 28 = nbf: Bottles Fired
# name 29 = flag:  0.000e+00
# interval = seconds: 0.0416667
# start_time = Jul 09 2021 12:34:56 [NMEA time, header]
# bad_flag = -9.990e-29
*END*
[from data line 291]
      30441   1268.333     79.671     80.304     8.0534     8.0528  35.415249  35.415577     8.0454     8.0448    34.0543    34.0552    26.5244    26.5251     2.5126     2.6313     76.491     80.104     1.0342     1.0293     0.0415     0.0129     3.2527     0.0281     0.0159 -124.45208   40.21860      64.25          6  0.000e+00
      30442   1268.375     79.718     80.350     8.0532     8.0527  35.415060  35.415325     8.0452     8.0447    34.0542    34.0550    26.5243    26.5250     2.5126     2.6313     76.492     80.105     1.0342     1.0293     0.0415     0.0129     3.2527     0.0269     0.0159 -124.45208   40.21860      64.22          6  0.000e+00
      30443   1268.417     79.718     80.350     8.0537     8.0525  35.415123  35.415451     8.0457     8.0446    34.0538    34.0553    26.5239    26.5253     2.5126     2.6313     76.491     80.105     1.0342     1.0293     0.0415     0.0129     3.2527     0.0281     0.0159 -124.45208   40.21860      64.25          6  0.000e+00
      34400   1433.292     60.137     60.612     8.1497     8.1491  35.482608  35.485543     8.1436     8.1431    34.0420    34.0457    26.5001    26.5030     2.6457     2.7646     80.546     84.164     1.0659     1.0586     0.0415     0.0129     3.2503     0.0354     0.0208 -124.45280   40.21848      87.86          7  0.000e+00
      34401   1433.333     60.164     60.638     8.1492     8.1488  35.482608  35.485543     8.1432     8.1428    34.0425    34.0460    26.5005    26.5033     2.6458     2.7646     80.547     84.165     1.0659     1.0586     0.0415     0.0129     3.2503     0.0342     0.0208 -124.45280   40.21848      87.89          7  0.000e+00
      34402   1433.375     60.117     60.592     8.1489     8.1488  35.482419  35.485037     8.1428     8.1428    34.0426    34.0455    26.5007    26.5029     2.6402     2.7646     80.377     84.165     1.0647     1.0586     0.0415     0.0129     3.2503     0.0342     0.0208 -124.45280   40.21848      87.89          7  0.000e+00
      34403   1433.417     60.044     60.518     8.1484     8.1490  35.482545  35.485353     8.1424     8.1430    34.0432    34.0457    26.5012    26.5030     2.6402     2.7646     80.377     84.164     1.0647     1.0586     0.0427     0.0434     3.2503     0.0342     0.0208 -124.45280   40.21848      87.86          7  0.000e+00
      34404   1433.458     60.117     60.592     8.1482     8.1488  35.482419  35.485037     8.1421     8.1428    34.0433    34.0455    26.5013    26.5029     2.6402     2.7646     80.378     84.165     1.0647     1.0586     0.0427     0.0434     3.2503     0.0342     0.0208 -124.45280   40.21848      87.89          7  0.000e+00
      34405   1433.500     59.991     60.465     8.1479     8.1485  35.482545  35.484910     8.1419     8.1424    34.0437    34.0457    26.5017    26.5032     2.6402     2.7646     80.377     84.164     1.0647     1.0586     0.0427     0.0434     3.2515     0.0342     0.0208 -124.45280   40.21848      87.84          7  0.000e+00
      34406   1433.542     60.064     60.538     8.1478     8.1480  35.482102  35.484658     8.1417     8.1420    34.0434    34.0459    26.5014    26.5034     2.6402     2.7647     80.379     84.166     1.0647     1.0586     0.0427     0.0434     3.2503     0.0354     0.0208 -124.45280   40.21848      87.77          7  0.000e+00
      34407   1433.583     60.044     60.518     8.1475     8.1473  35.481786  35.484342     8.1415     8.1413    34.0433    34.0462    26.5014    26.5037     2.6402     2.7586     80.379     83.982     1.0647     1.0574     0.0427     0.0434     3.2503     0.0354     0.0208 -124.45280   40.21848      87.77          7  0.000e+00
      34408   1433.625     59.972     60.445     8.1471     8.1470  35.482355  35.484026     8.1411     8.1410    34.0443    34.0462    26.5023    26.5038     2.6402     2.7647     80.378     84.167     1.0647     1.0586     0.0427     0.0434     3.2515     0.0342     0.0208 -124.45280   40.21848      87.77          7  0.000e+00
      34409   1433.667     60.044     60.518     8.1471     8.1472  35.482229  35.484153     8.1411     8.1411    34.0442    34.0461    26.5021    26.5037     2.6403     2.7647     80.379     84.167     1.0647     1.0586     0.0427     0.0434     3.2515     0.0342     0.0208 -124.45280   40.21848      87.77          7  0.000e+00
      34410   1433.708     59.972     60.445     8.1469     8.1470  35.481723  35.484026     8.1409     8.1410    34.0438    34.0462    26.5019    26.5038     2.6403     2.7647     80.379     84.167     1.0647     1.0586     0.0427     0.0434     3.2503     0.0342     0.0208 -124.45280   40.21848      87.77          7  0.000e+00
      34411   1433.750     59.972     60.445     8.1465     8.1473  35.481470  35.484152     8.1404     8.1413    34.0440    34.0460    26.5021    26.5036     2.6403     2.7647     80.380     84.166     1.0647     1.0586     0.0427     0.0434     3.2515     0.0342     0.0208 -124.45280   40.21848      87.79          7  0.000e+00
      34412   1433.792     59.991     60.465     8.1466     8.1477  35.481344  35.484279     8.1406     8.1416    34.0437    34.0458    26.5019    26.5034     2.6403     2.7647     80.380     84.166     1.0647     1.0586     0.0427     0.0434     3.2515     0.0342     0.0208 -124.45280   40.21848      87.84          7  0.000e+00
      34413   1433.833     59.919     60.391     8.1465     8.1475  35.481343  35.484468     8.1404     8.1415    34.0439    34.0462    26.5020    26.5037     2.6403     2.7646     80.379     84.165     1.0647     1.0586     0.0427     0.0434     3.2503     0.0342     0.0208 -124.45280   40.21848      87.84          7  0.000e+00
      34414   1433.875     59.991     60.465     8.1459     8.1475  35.481407  35.484089     8.1398     8.1415    34.0445    34.0458    26.5026    26.5033     2.6403     2.7647     80.381     84.166     1.0647     1.0586     0.0427     0.0434     3.2515     0.0342     0.0208 -124.45280   40.21848      87.84          7  0.000e+00
      34415   1433.917     59.919     60.391     8.1459     8.1475  35.481343  35.484405     8.1399     8.1415    34.0444    34.0461    26.5025    26.5036     2.6403     2.7646     80.380     84.165     1.0647     1.0586     0.0427     0.0434     3.2503     0.0342     0.0208 -124.45280   40.21848      87.84          7  0.000e+00
      34416   1433.958     59.899     60.371     8.1459     8.1477  35.480964  35.484342     8.1398     8.1416    34.0441    34.0460    26.5023    26.5035     2.6403     2.7646     80.380     84.165     1.0647     1.0586     0.0427     0.0434     3.2515     0.0342     0.0208 -124.45280   40.21848      87.84          7  0.000e+00
      34417   1434.000     59.919     60.391     8.1453     8.1475  35.481217  35.484026     8.1393     8.1415    34.0449    34.0457    26.5030    26.5033     2.6403     2.7646     80.381     84.165     1.0647     1.0586     0.0427     0.0434     3.2515     0.0342     0.0208 -124.45280   40.21848      87.91          7  0.000e+00
      34418   1434.042     59.899     60.371     8.1455     8.1474  35.481407  35.483962     8.1394     8.1413    34.0449    34.0458    26.5030    26.5034     2.6403     2.7646     80.380     84.165     1.0647     1.0586     0.0427     0.0434     3.2491     0.0342     0.0208 -124.45280   40.21848      87.99          7  0.000e+00
      34419   1434.083     59.919     60.391     8.1452     8.1477  35.481091  35.484152     8.1392     8.1416    34.0449    34.0457    26.5030    26.5033     2.6403     2.7646     80.381     84.165     1.0647     1.0586     0.0427     0.0434     3.2515     0.0342     0.0208 -124.45280   40.21848      88.01          7  0.000e+00
      34420   1434.125     59.872     60.345     8.1453     8.1473  35.481217  35.484278     8.1393     8.1413    34.0449    34.0462    26.5030    26.5037     2.6403     2.7646     80.380     84.165     1.0647     1.0586     0.0427     0.0434     3.2515     0.0342     0.0208 -124.45280   40.21848      88.01          7  0.000e+00
      34421   1434.167     59.899     60.371     8.1452     8.1477  35.481154  35.484026     8.1392     8.1416    34.0450    34.0456    26.5030    26.5032     2.6403     2.7646     80.381     84.165     1.0647     1.0586     0.0427     0.0434     3.2515     0.0342     0.0208 -124.45280   40.21848      88.01          7  0.000e+00
      34422   1434.208     59.872     60.345     8.1450     8.1473  35.481027  35.484405     8.1390     8.1413    34.0450    34.0464    26.5031    26.5038     2.6403     2.7646     80.381     84.165     1.0647     1.0586     0.0427     0.0434     3.2515     0.0342     0.0208 -124.45280   40.21848      88.01          7  0.000e+00
      34423   1434.250     59.846     60.318     8.1448     8.1475  35.480837  35.484341     8.1388     8.1415    34.0450    34.0461    26.5031    26.5036     2.6403     2.7646     80.381     84.164     1.0647     1.0586     0.0427     0.0434     3.2515     0.0342     0.0208 -124.45280   40.21848      88.01          7  0.000e+00
      34424   1434.292     59.872     60.345     8.1447     8.1472  35.480964  35.484026     8.1386     8.1412    34.0453    34.0461    26.5034    26.5036     2.6403     2.7646     80.381     84.165     1.0647     1.0586     0.0427     0.0434     3.2515     0.0342     0.0208 -124.45280   40.21848      88.01          7  0.000e+00
      34425   1434.333     59.899     60.371     8.1447     8.1472  35.481091  35.484152     8.1386     8.1412    34.0454    34.0462    26.5035    26.5037     2.6403     2.7646     80.382     84.166     1.0647     1.0586     0.0427     0.0434     3.2515     0.0342     0.0208 -124.45280   40.21848      88.01          7  0.000e+00
      34426   1434.375     59.872     60.345     8.1450     8.1473  35.481027  35.484026     8.1389     8.1413    34.0451    34.0459    26.5032    26.5035     2.6403     2.7646     80.381     84.165     1.0647     1.0586     0.0427     0.0434     3.2503     0.0342     0.0208 -124.45280   40.21848      88.01          7  0.000e+00
      34427   1434.417     59.819     60.291     8.1447     8.1469  35.481217  35.483710     8.1387     8.1408    34.0456    34.0461    26.5036    26.5037     2.6403     2.7646     80.381     84.166     1.0647     1.0586     0.0427     0.0434     3.2515     0.0342     0.0208 -124.45280   40.21848      88.01          7  0.000e+00
      34428   1434.458     59.899     60.371     8.1449     8.1467  35.480964  35.483836     8.1388     8.1407    34.0451    34.0463    26.5032    26.5039     2.6403     2.7647     80.381     84.167     1.0647     1.0586     0.0427     0.0434     3.2491     0.0342     0.0208 -124.45280   40.21848      87.99          7  0.000e+00
      34429   1434.500     59.819     60.291     8.1450     8.1467  35.480268  35.483962     8.1389     8.1407    34.0443    34.0465    26.5025    26.5040     2.6403     2.7646     80.381     84.166     1.0647     1.0586     0.0427     0.0434     3.2503     0.0342     0.0208 -124.45280   40.21848      88.06          7  0.000e+00
      34430   1434.542     59.846     60.318     8.1445     8.1470  35.479889  35.483710     8.1385     8.1410    34.0443    34.0459    26.5026    26.5036     2.6404     2.7646     80.382     84.166     1.0647     1.0586     0.0427     0.0434     3.2503     0.0354     0.0208 -124.45280   40.21848      88.11          7  0.000e+00
      34431   1434.583     59.872     60.345     8.1447     8.1470  35.480964  35.484342     8.1386     8.1410    34.0453    34.0466    26.5034    26.5041     2.6403     2.7646     80.381     84.165     1.0647     1.0586     0.0427     0.0434     3.2503     0.0342     0.0208 -124.45280   40.21848      88.13          7  0.000e+00
      34432   1434.625     59.846     60.318     8.1445     8.1473  35.480964  35.484341     8.1385     8.1413    34.0454    34.0463    26.5035    26.5038     2.6403     2.7646     80.381     84.165     1.0647     1.0586     0.0427     0.0434     3.2503     0.0342     0.0208 -124.45280   40.21848      88.13          7  0.000e+00
      34433   1434.667     59.872     60.345     8.1443     8.1473  35.481217  35.484026     8.1383     8.1413    34.0459    34.0459    26.5039    26.5035     2.6403     2.7646     80.382     84.165     1.0647     1.0586     0.0427     0.0434     3.2503     0.0342     0.0208 -124.45280   40.21848      88.11          7  0.000e+00
      34434   1434.708     59.819     60.291     8.1445     8.1472  35.481090  35.484152     8.1385     8.1412    34.0456    34.0462    26.5037    26.5037     2.6403     2.7646     80.381     84.165     1.0647     1.0586     0.0427     0.0434     3.2503     0.0342     0.0208 -124.45280   40.21848      88.13          7  0.000e+00
      34435   1434.750     59.899     60.371     8.1443     8.1473  35.480838  35.484278     8.1383     8.1413    34.0454    34.0462    26.5036    26.5037     2.6404     2.7646     80.382     84.165     1.0647     1.0586     0.0427     0.0434     3.2503     0.0342     0.0208 -124.45280   40.21848      88.08          7  0.000e+00
      34436   1434.792     59.872     60.345     8.1443     8.1473  35.480711  35.484026     8.1383     8.1413    34.0453    34.0459    26.5035    26.5035     2.6404     2.7585     80.382     83.980     1.0647     1.0574     0.0427     0.0434     3.2503     0.0342     0.0208 -124.45280   40.21848      88.03          7  0.000e+00
      34437   1434.833     59.899     60.371     8.1445     8.1470  35.480774  35.483710     8.1385     8.1410    34.0452    34.0459    26.5034    26.5035     2.6404     2.7647     80.382     84.166     1.0647     1.0586     0.0427     0.0434     3.2503     0.0342     0.0208 -124.45280   40.21848      88.03          7  0.000e+00
      34438   1434.875     59.819     60.291     8.1442     8.1467  35.480964  35.483646     8.1382     8.1407    34.0457    34.0462    26.5038    26.5038     2.6403     2.7646     80.381     84.166     1.0647     1.0586     0.0427     0.0434     3.2503     0.0342     0.0208 -124.45280   40.21848      88.03          7  0.000e+00
      34439   1434.917     59.899     60.371     8.1443     8.1467  35.481091  35.483647     8.1383     8.1407    34.0457    34.0461    26.5038    26.5037     2.6404     2.7647     80.382     84.167     1.0647     1.0586     0.0427     0.0434     3.2503     0.0342     0.0208 -124.45280   40.21848      88.03          7  0.000e+00
      34440   1434.958     59.919     60.391     8.1443     8.1464  35.481027  35.483394     8.1383     8.1403    34.0456    34.0462    26.5037    26.5038     2.6404     2.7647     80.382     84.168     1.0647     1.0586     0.0427     0.0434     3.2503     0.0342     0.0208 -124.45280   40.21848      88.03          7  0.000e+00
      34441   1435.000     59.899     60.371     8.1442     8.1464  35.481217  35.483331     8.1382     8.1403    34.0460    34.0461    26.5040    26.5038     2.6404     2.7647     80.382     84.167     1.0647     1.0586     0.0427     0.0434     3.2503     0.0342     0.0208 -124.45280   40.21848      88.08          7  0.000e+00
      34442   1435.042     59.919     60.391     8.1443     8.1464  35.481660  35.483331     8.1383     8.1403    34.0463    34.0461    26.5042    26.5038     2.6404     2.7647     80.382     84.168     1.0647     1.0586     0.0427     0.0434     3.2503     0.0342     0.0208 -124.45280   40.21848      88.13          7  0.000e+00
      34443   1435.083     59.919     60.391     8.1443     8.1464  35.481913  35.483331     8.1383     8.1403    34.0466    34.0461    26.5044    26.5038     2.6404     2.7647     80.382     84.168     1.0647     1.0586     0.0427     0.0434     3.2515     0.0342     0.0208 -124.45280   40.21848      88.16          7  0.000e+00
