West Coast/WCOA-7/CTD_Data/RB2102_CTD_061_01.ros
* Sea-Bird SBE 9 Data File:
* FileName = C:\Users\scs.user.rb\CTD\RB2102\Data\RB2102_CTD_061_01.hex
* Software Version Seasave V 7.26.7.107
* Temperature SN = 6202
* Conductivity SN = 4907
* Number of Bytes Per Scan = 41
* Number of Voltage Words = 4
* Number of Scans Averaged by the Deck Unit = 1
* NMEA Latitude = 41 50.67 N
* NMEA Longitude = 125 02.97 W
* NMEA UTC (Time) = Jul 06 2021  13:15:47
* NMEA baud rate = 4800
# nquan = 30
# nvalues = 1127                                  
# units = specified
# name 0 = scan: Scan Count
# name 1 = timeS: Time, Elapsed [seconds]
# name 2 = depSM: Depth [salt water, m]
# name 3 = prDM: Pressure, Digiquartz [db]
# name 4 = t090C: Temperature [ITS-90, deg C]
# name 5 = t190C: Temperature, 2 [ITS-90, deg C]
# name 6 = c0mS/cm: Conductivity [mS/cm]
# name 7 = c1mS/cm: Conductivity, 2 [mS/cm]
# name 8 = potemp090C: Potential Temperature [ITS-90, deg C]
# name 9 = potemp190C: Potential Temperature, 2 [ITS-90, deg C]
# name 10 = sal00: Salinity, Practical [PSU]
# name 11 = sal11: Salinity, Practical, 2 [PSU]
# name 12 = sigma-é00: Density [sigma-theta, kg/m^3]
# name 13 = sigma-é11: Density, 2 [sigma-theta, kg/m^3]
# name 14 = sbeox0Mg/L: Oxygen, SBE 43 [mg/l]
# name 15 = sbeox1Mg/L: Oxygen, SBE 43, 2 [mg/l]
# name 16 = sbox0Mm/Kg: Oxygen, SBE 43 [umol/kg]
# name 17 = sbox1Mm/Kg: Oxygen, SBE 43, 2 [umol/kg]
# name 18 = sbeox0V: Oxygen raw, SBE 43 [V]
# name 19 = sbeox1V: Oxygen raw, SBE 43, 2 [V]
# name 20 = v4: Voltage 4
# name 21 = flECO-AFL: Fluorescence, WET Labs ECO-AFL/FL [mg/m^3]
# name 22 = v3: Voltage 3
# name 23 = v6: Voltage 6
# name 24 = v7: Voltage 7
# name 25 = longitude: Longitude [deg]
# name 26 = latitude: Latitude [deg]
# name 27 = altM: Altimeter [m]
# name 28 = nbf: Bottles Fired
# name 29 = flag:  0.000e+00
# interval = seconds: 0.0416667
# start_time = Jul 06 2021 13:15:47 [NMEA time, header]
# bad_flag = -9.990e-29
*END*
[from data line 1112]
     148313   6179.667      4.856      4.895    12.9823    12.9819  38.841000  38.841616    12.9816    12.9812    32.9951    32.9960    24.8437    24.8444     8.4881     8.6804    258.826    264.689     2.5592     2.4554     0.0684     0.6844     3.1392     0.0024     0.0000 -125.05260   41.84470      99.63         23  0.000e+00
     148314   6179.708      4.869      4.908    12.9820    12.9821  38.840869  38.841812    12.9813    12.9814    32.9953    32.9960    24.8438    24.8444     8.4881     8.6803    258.828    264.688     2.5592     2.4554     0.0684     0.6844     3.1392     0.0024     0.0000 -125.05260   41.84470      99.63         23  0.000e+00
     148315   6179.750      4.903      4.941    12.9816    12.9821  38.840738  38.841681    12.9809    12.9814    32.9954    32.9959    24.8440    24.8443     8.4882     8.6804    258.830    264.690     2.5592     2.4554     0.0684     0.6844     3.1392     0.0024     0.0000 -125.05260   41.84470      99.63         23  0.000e+00
     148316   6179.792      4.856      4.895    12.9816    12.9820  38.840214  38.841812    12.9809    12.9813    32.9950    32.9961    24.8437    24.8445     8.4882     8.6803    258.830    264.688     2.5592     2.4554     0.0684     0.6844     3.1392     0.0024     0.0000 -125.05260   41.84470      99.63         23  0.000e+00
     148317   6179.833      4.956      4.995    12.9814    12.9823  38.840607  38.841943    12.9808    12.9816    32.9954    32.9960    24.8441    24.8443     8.4883     8.6858    258.833    264.856     2.5592     2.4567     0.0684     0.6844     3.1380     0.0024     0.0000 -125.05260   41.84470      99.61         23  0.000e+00
     148318   6179.875      4.903      4.941    12.9814    12.9819  38.840541  38.841681    12.9808    12.9812    32.9954    32.9961    24.8440    24.8445     8.4883     8.6858    258.831    264.856     2.5592     2.4567     0.0672     0.6539     3.1380     0.0024     0.0000 -125.05260   41.84470      99.63         23  0.000e+00
     148319   6179.917      4.956      4.995    12.9813    12.9821  38.840476  38.841812    12.9806    12.9814    32.9955    32.9960    24.8441    24.8444     8.4883     8.6859    258.834    264.857     2.5592     2.4567     0.0672     0.6539     3.1380     0.0024     0.0000 -125.05260   41.84470      99.63         23  0.000e+00
     148320   6179.958      4.956      4.995    12.9814    12.9823  38.840935  38.841943    12.9808    12.9816    32.9957    32.9960    24.8443    24.8443     8.4883     8.6858    258.832    264.856     2.5592     2.4567     0.0672     0.6539     3.1392     0.0037     0.0000 -125.05260   41.84470      99.63         23  0.000e+00
     148321   6180.000      4.956      4.995    12.9814    12.9821  38.840607  38.841943    12.9808    12.9814    32.9954    32.9961    24.8441    24.8445     8.4883     8.6859    258.833    264.857     2.5592     2.4567     0.0672     0.6539     3.1392     0.0024     0.0000 -125.05260   41.84470      99.63         23  0.000e+00
     148322   6180.042      5.002      5.041    12.9814    12.9823  38.840673  38.841944    12.9808    12.9816    32.9955    32.9959    24.8441    24.8443     8.4884     8.6805    258.834    264.692     2.5592     2.4554     0.0672     0.6539     3.1392     0.0024     0.0000 -125.05260   41.84470      99.63         23  0.000e+00
     148323   6180.083      5.002      5.041    12.9814    12.9821  38.840542  38.841682    12.9808    12.9814    32.9954    32.9959    24.8440    24.8443     8.4884     8.6859    258.835    264.859     2.5592     2.4567     0.0672     0.6539     3.1392     0.0024     0.0000 -125.05260   41.84470      99.63         23  0.000e+00
     148324   6180.125      5.002      5.041    12.9816    12.9823  38.840149  38.842075    12.9809    12.9816    32.9948    32.9961    24.8436    24.8444     8.4834     8.6859    258.682    264.857     2.5580     2.4567     0.0672     0.6539     3.1380     0.0024     0.0000 -125.05260   41.84470      99.63         23  0.000e+00
     148325   6180.167      5.048      5.088    12.9814    12.9819  38.840608  38.842271    12.9807    12.9812    32.9954    32.9966    24.8441    24.8449     8.4834     8.6860    258.684    264.860     2.5580     2.4567     0.0672     0.6539     3.1404     0.0037     0.0000 -125.05260   41.84470      99.61         23  0.000e+00
     148326   6180.208      5.002      5.041    12.9814    12.9823  38.840804  38.842009    12.9808    12.9816    32.9956    32.9960    24.8442    24.8444     8.4833     8.6859    258.682    264.858     2.5580     2.4567     0.0672     0.6539     3.1380     0.0037     0.0000 -125.05260   41.84470      99.63         23  0.000e+00
     148327   6180.250      5.048      5.088    12.9816    12.9823  38.840542  38.841944    12.9809    12.9816    32.9952    32.9959    24.8439    24.8443     8.4834     8.6859    258.683    264.859     2.5580     2.4567     0.0672     0.6539     3.1392     0.0037     0.0000 -125.05260   41.84470      99.63         23  0.000e+00
