West Coast/WCOA-7/CTD_Data/RB2102_CTD_025_01.ros
* Sea-Bird SBE 9 Data File:
* FileName = C:\Users\scs.user.rb\CTD\RB2102\Data\RB2102_CTD_025_01.hex
* Software Version Seasave V 7.26.7.107
* Temperature SN = 6202
* Conductivity SN = 4907
* Number of Bytes Per Scan = 41
* Number of Voltage Words = 4
* Number of Scans Averaged by the Deck Unit = 1
* NMEA Latitude = 47 38.26 N
* NMEA Longitude = 124 29.27 W
* NMEA UTC (Time) = Jun 29 2021  21:29:49
* NMEA baud rate = 4800
# nquan = 30
# nvalues = 343                                   
# units = specified
# name 0 = scan: Scan Count
# name 1 = timeS: Time, Elapsed [seconds]
# name 2 = depSM: Depth [salt water, m]
# name 3 = prDM: Pressure, Digiquartz [db]
# name 4 = t090C: Temperature [ITS-90, deg C]
# name 5 = t190C: Temperature, 2 [ITS-90, deg C]
# name 6 = c0mS/cm: Conductivity [mS/cm]
# name 7 = c1mS/cm: Conductivity, 2 [mS/cm]
# name 8 = potemp090C: Potential Temperature [ITS-90, deg C]
# name 9 = potemp190C: Potential Temperature, 2 [ITS-90, deg C]
# name 10 = sal00: Salinity, Practical [PSU]
# name 11 = sal11: Salinity, Practical, 2 [PSU]
# name 12 = sigma-é00: Density [sigma-theta, kg/m^3]
# name 13 = sigma-é11: Density, 2 [sigma-theta, kg/m^3]
# name 14 = sbeox0Mg/L: Oxygen, SBE 43 [mg/l]
# name 15 = sbeox1Mg/L: Oxygen, SBE 43, 2 [mg/l]
# name 16 = sbox0Mm/Kg: Oxygen, SBE 43 [umol/kg]
# name 17 = sbox1Mm/Kg: Oxygen, SBE 43, 2 [umol/kg]
# name 18 = sbeox0V: Oxygen raw, SBE 43 [V]
# name 19 = sbeox1V: Oxygen raw, SBE 43, 2 [V]
# name 20 = v4: Voltage 4
# name 21 = flECO-AFL: Fluorescence, WET Labs ECO-AFL/FL [mg/m^3]
# name 22 = v3: Voltage 3
# name 23 = v6: Voltage 6
# name 24 = v7: Voltage 7
# name 25 = longitude: Longitude [deg]
# name 26 = latitude: Latitude [deg]
# name 27 = altM: Altimeter [m]
# name 28 = nbf: Bottles Fired
# name 29 = flag:  0.000e+00
# interval = seconds: 0.0416667
# start_time = Jun 29 2021 21:29:49 [NMEA time, header]
# bad_flag = -9.990e-29
*END*
[from data line 194]
      19443    810.083      5.081      5.124    15.6983    15.7105  39.977337  39.972586    15.6975    15.7098    31.7614    31.7473    23.3250    23.3115    12.3871    12.0120    378.280    366.828     3.6618     3.3468     0.1197     1.9665     3.1502     1.1001     0.0000 -124.48676   47.63758      19.17          4  0.000e+00
      19444    810.125      5.067      5.110    15.6986    15.7093  39.977271  39.970599    15.6979    15.7086    31.7610    31.7465    23.3247    23.3112    12.3918    12.0175    378.423    366.997     3.6630     3.3480     0.1197     1.9665     3.1502     1.1013     0.0000 -124.48676   47.63758      19.19          4  0.000e+00
      21461    894.167      3.017      3.042    15.8181    15.7703  40.025323  39.990858    15.8176    15.7699    31.7084    31.7162    23.2578    23.2744    11.9731    11.4087    365.662    348.417     3.5629     3.2076     0.0928     1.2949     3.1514     1.1062     0.0000 -124.48668   47.63756      21.59          5  0.000e+00
      21462    894.208      3.017      3.042    15.8237    15.7685  40.028108  39.992316    15.8232    15.7680    31.7064    31.7190    23.2550    23.2769    11.9767    11.4089    365.771    348.424     3.5641     3.2076     0.0928     1.2949     3.1514     1.1074     0.0000 -124.48668   47.63756      21.59          5  0.000e+00
      21463    894.250      2.970      2.995    15.8279    15.7683  40.032883  39.990726    15.8275    15.7678    31.7072    31.7178    23.2547    23.2760    11.9756    11.4090    365.736    348.426     3.5641     3.2076     0.0928     1.2949     3.1514     1.1074     0.0000 -124.48668   47.63756      21.51          5  0.000e+00
      21464    894.292      3.063      3.089    15.8342    15.7695  40.036001  39.990991    15.8337    15.7690    31.7049    31.7170    23.2515    23.2751    11.9744    11.4089    365.701    348.423     3.5641     3.2076     0.0916     1.2644     3.1526     1.1074     0.0000 -124.48668   47.63756      21.51          5  0.000e+00
      21465    894.333      3.017      3.042    15.8335    15.7700  40.034276  39.993907    15.8331    15.7695    31.7039    31.7192    23.2509    23.2767    11.9793    11.4085    365.851    348.412     3.5653     3.2076     0.0916     1.2644     3.1514     1.1074     0.0000 -124.48668   47.63756      21.51          5  0.000e+00
      21466    894.375      2.970      2.995    15.8223    15.7663  40.026185  39.995232    15.8218    15.7658    31.7058    31.7234    23.2548    23.2808    11.9818    11.4091    365.926    348.427     3.5653     3.2076     0.0916     1.2644     3.1514     1.1074     0.0000 -124.48668   47.63756      21.51          5  0.000e+00
      21467    894.417      3.030      3.055    15.8129    15.7676  40.018758  39.998811    15.8124    15.7672    31.7068    31.7255    23.2577    23.2820    11.9888    11.4087    366.140    348.415     3.5665     3.2076     0.0928     1.2949     3.1514     1.1062     0.0000 -124.48668   47.63756      21.51          5  0.000e+00
      21468    894.458      2.970      2.995    15.8057    15.7770  40.013983  40.005437    15.8052    15.7766    31.7084    31.7238    23.2605    23.2787    11.9951    11.4065    366.331    348.348     3.5678     3.2076     0.0916     1.2644     3.1514     1.1074     0.0000 -124.48668   47.63756      21.54          5  0.000e+00
      21469    894.500      3.017      3.042    15.7955    15.7918  40.006425  40.016040    15.7950    15.7913    31.7098    31.7213    23.2639    23.2735    11.9975    11.4083    366.403    348.406     3.5678     3.2088     0.0916     1.2644     3.1514     1.1074     0.0000 -124.48668   47.63756      21.56          5  0.000e+00
      21470    894.542      2.970      2.995    15.7746    15.8156  39.994359  40.032277    15.7742    15.8152    31.7159    31.7165    23.2732    23.2646    12.0020    11.4028    366.538    348.242     3.5678     3.2088     0.0916     1.2644     3.1514     1.1074     0.0000 -124.48668   47.63756      21.56          5  0.000e+00
      21471    894.583      3.017      3.042    15.7526    15.8362  39.980836  40.046927    15.7521    15.8358    31.7216    31.7129    23.2824    23.2572    12.0118    11.3982    366.832    348.103     3.5690     3.2088     0.0916     1.2644     3.1502     1.1074     0.0000 -124.48668   47.63756      21.54          5  0.000e+00
      21472    894.625      2.970      2.995    15.7375    15.8565  39.971225  40.058860    15.7370    15.8561    31.7253    31.7072    23.2886    23.2484    12.0151    11.3937    366.931    347.968     3.5690     3.2088     0.0904     1.2339     3.1526     1.1074     0.0000 -124.48668   47.63756      21.56          5  0.000e+00
      21473    894.667      3.017      3.042    15.7284    15.8732  39.966321  40.070264    15.7280    15.8728    31.7282    31.7039    23.2928    23.2421    12.0171    11.3951    366.992    348.014     3.5690     3.2100     0.0904     1.2339     3.1526     1.1074     0.0000 -124.48668   47.63756      21.54          5  0.000e+00
      21474    894.708      2.970      2.995    15.7303    15.8845  39.968110  40.077757    15.7299    15.8840    31.7283    31.7015    23.2924    23.2378    12.0166    11.3925    366.976    347.936     3.5690     3.2100     0.0904     1.2339     3.1502     1.1074     0.0000 -124.48668   47.63756      21.44          5  0.000e+00
      21475    894.750      3.017      3.042    15.7364    15.8935  39.973015  40.083791    15.7359    15.8931    31.7277    31.6996    23.2907    23.2342    12.0152    11.3905    366.935    347.877     3.5690     3.2100     0.0904     1.2339     3.1526     1.1074     0.0000 -124.48668   47.63756      21.42          5  0.000e+00
      21476    894.792      2.970      2.995    15.7410    15.8935  39.977523  40.086312    15.7405    15.8931    31.7280    31.7018    23.2899    23.2360    12.0140    11.3955    366.898    348.027     3.5690     3.2112     0.0904     1.2339     3.1502     1.1074     0.0000 -124.48668   47.63756      21.42          5  0.000e+00
      21477    894.833      3.030      3.055    15.7437    15.8865  39.978583  40.080343    15.7432    15.8861    31.7268    31.7021    23.2883    23.2378    12.0183    11.3972    367.030    348.079     3.5702     3.2112     0.0916     1.2644     3.1514     1.1062     0.0000 -124.48668   47.63756      21.42          5  0.000e+00
      21478    894.875      2.970      2.995    15.7390    15.8621  39.973346  40.063169    15.7385    15.8617    31.7260    31.7065    23.2887    23.2466    12.0147    11.4027    366.918    348.243     3.5690     3.2112     0.0904     1.2339     3.1514     1.1074     0.0000 -124.48668   47.63756      21.44          5  0.000e+00
      21479    894.917      3.017      3.042    15.7212    15.8313  39.961682  40.039436    15.7207    15.8308    31.7299    31.7103    23.2957    23.2563    12.0187    11.4099    367.040    348.460     3.5690     3.2112     0.0904     1.2339     3.1526     1.1074     0.0000 -124.48668   47.63756      21.42          5  0.000e+00
      21480    894.958      2.970      2.995    15.7047    15.8064  39.952670  40.018623    15.7043    15.8060    31.7352    31.7118    23.3034    23.2630    12.0223    11.4157    367.145    348.635     3.5690     3.2112     0.0904     1.2339     3.1514     1.1074     0.0000 -124.48668   47.63756      21.42          5  0.000e+00
      21481    895.000      3.017      3.042    15.7014    15.7933  39.950351  40.009412    15.7009    15.7928    31.7358    31.7142    23.3046    23.2677    12.0231    11.4239    367.170    348.884     3.5690     3.2125     0.0904     1.2339     3.1502     1.1074     0.0000 -124.48668   47.63756      21.39          5  0.000e+00
      21482    895.042      3.017      3.042    15.7046    15.7852  39.952405  40.005303    15.7041    15.7847    31.7350    31.7171    23.3033    23.2718    12.0224    11.4257    367.149    348.936     3.5690     3.2125     0.0904     1.2339     3.1514     1.1074     0.0000 -124.48668   47.63756      21.42          5  0.000e+00
      21483    895.083      3.063      3.089    15.7052    15.7778  39.952670  39.999804    15.7048    15.7774    31.7347    31.7181    23.3029    23.2741    12.0223    11.4274    367.147    348.989     3.5690     3.2125     0.0904     1.2339     3.1526     1.1074     0.0000 -124.48668   47.63756      21.42          5  0.000e+00
      21484    895.125      2.970      2.995    15.7012    15.7712  39.947302  39.990063    15.7007    15.7707    31.7333    31.7149    23.3027    23.2731    12.0233    11.4291    367.176    349.041     3.5690     3.2125     0.0904     1.2339     3.1514     1.1074     0.0000 -124.48668   47.63756      21.42          5  0.000e+00
      21485    895.167      3.063      3.089    15.6897    15.7581  39.938754  39.978734    15.6892    15.7576    31.7349    31.7153    23.3065    23.2764    12.0213    11.4375    367.115    349.297     3.5678     3.2137     0.0904     1.2339     3.1514     1.1074     0.0000 -124.48668   47.63756      21.39          5  0.000e+00
      21486    895.208      2.984      3.009    15.6787    15.7461  39.931069  39.971116    15.6782    15.7456    31.7370    31.7183    23.3105    23.2813    12.0237    11.4401    367.187    349.374     3.5678     3.2137     0.0916     1.2644     3.1526     1.1074     0.0000 -124.48668   47.63756      21.34          5  0.000e+00
      21487    895.250      3.063      3.089    15.6707    15.7355  39.925835  39.965221    15.6702    15.7350    31.7387    31.7215    23.3136    23.2861    12.0256    11.4425    367.244    349.447     3.5678     3.2137     0.0904     1.2339     3.1526     1.1062     0.0000 -124.48668   47.63756      21.34          5  0.000e+00
      21488    895.292      3.017      3.042    15.6656    15.7217  39.922655  39.958730    15.6651    15.7212    31.7400    31.7269    23.3157    23.2933    12.0219    11.4454    367.131    349.533     3.5665     3.2137     0.0916     1.2644     3.1502     1.1074     0.0000 -124.48668   47.63756      21.34          5  0.000e+00
      21489    895.333      3.116      3.142    15.6626    15.7113  39.920933  39.952969    15.6621    15.7109    31.7409    31.7301    23.3170    23.2980    12.0227    11.4478    367.155    349.605     3.5665     3.2137     0.0904     1.2339     3.1514     1.1074     0.0000 -124.48668   47.63756      21.34          5  0.000e+00
      21490    895.375      3.017      3.042    15.6604    15.7037  39.919807  39.947207    15.6599    15.7033    31.7417    31.7311    23.3182    23.3005    12.0183    11.4546    367.019    349.812     3.5653     3.2149     0.0904     1.2339     3.1526     1.1062     0.0000 -124.48668   47.63756      21.34          5  0.000e+00
      21491    895.417      3.063      3.089    15.6585    15.6967  39.918747  39.941710    15.6580    15.6963    31.7422    31.7318    23.3190    23.3026    12.0188    11.4512    367.034    349.705     3.5653     3.2137     0.0904     1.2339     3.1526     1.1074     0.0000 -124.48668   47.63756      21.37          5  0.000e+00
      21492    895.458      3.116      3.142    15.6573    15.6890  39.917687  39.937075    15.6569    15.6885    31.7422    31.7340    23.3192    23.3059    12.0144    11.4581    366.899    349.917     3.5641     3.2149     0.0916     1.2644     3.1514     1.1074     0.0000 -124.48668   47.63756      21.39          5  0.000e+00
      21493    895.500      3.063      3.089    15.6565    15.6826  39.917489  39.932837    15.6560    15.6821    31.7427    31.7354    23.3198    23.3084    12.0145    11.4647    366.901    350.116     3.5641     3.2161     0.0904     1.2339     3.1514     1.1074     0.0000 -124.48668   47.63756      21.39          5  0.000e+00
      21494    895.542      3.063      3.089    15.6561    15.6783  39.917157  39.929990    15.6556    15.6778    31.7428    31.7363    23.3199    23.3100    12.0146    11.4656    366.904    350.145     3.5641     3.2161     0.0904     1.2339     3.1514     1.1062     0.0000 -124.48668   47.63756      21.39          5  0.000e+00
      21495    895.583      3.129      3.155    15.6568    15.6788  39.916826  39.930984    15.6564    15.6783    31.7418    31.7367    23.3191    23.3103    12.0098    11.4656    366.759    350.143     3.5629     3.2161     0.0916     1.2644     3.1514     1.1074     0.0000 -124.48668   47.63756      21.39          5  0.000e+00
      21496    895.625      3.116      3.142    15.6577    15.6896  39.917290  39.938002    15.6572    15.6891    31.7416    31.7343    23.3187    23.3061    12.0048    11.4631    366.607    350.069     3.5617     3.2161     0.0965     1.3865     3.1526     1.1062     0.0000 -124.48668   47.63756      21.39          5  0.000e+00
      21497    895.667      3.116      3.142    15.6583    15.7017  39.917488  39.945816    15.6579    15.7012    31.7412    31.7315    23.3183    23.3012    12.0047    11.4656    366.603    350.145     3.5617     3.2173     0.0989     1.4475     3.1514     1.1074     0.0000 -124.48668   47.63756      21.34          5  0.000e+00
      21498    895.708      3.116      3.142    15.6583    15.7037  39.917223  39.948068    15.6579    15.7032    31.7410    31.7318    23.3181    23.3011    12.0047    11.4650    366.604    350.129     3.5617     3.2173     0.0989     1.4475     3.1514     1.1074     0.0000 -124.48668   47.63756      21.22          5  0.000e+00
      21499    895.750      3.116      3.142    15.6580    15.7015  39.916362  39.945552    15.6575    15.7010    31.7405    31.7314    23.3178    23.3012    12.0048    11.4708    366.607    350.304     3.5617     3.2186     0.0989     1.4475     3.1514     1.1074     0.0000 -124.48668   47.63756      21.17          5  0.000e+00
      21500    895.792      3.162      3.189    15.6575    15.7042  39.915832  39.946148    15.6570    15.7037    31.7404    31.7297    23.3178    23.2993    11.9955    11.4703    366.322    350.290     3.5592     3.2186     0.0989     1.4475     3.1502     1.1074     0.0000 -124.48668   47.63756      21.15          5  0.000e+00
      21501    895.833      3.162      3.189    15.6573    15.7068  39.915435  39.947803    15.6569    15.7063    31.7402    31.7291    23.3177    23.2983    11.9955    11.4697    366.324    350.273     3.5592     3.2186     0.0989     1.4475     3.1502     1.1062     0.0000 -124.48668   47.63756      21.17          5  0.000e+00
      21502    895.875      3.215      3.242    15.6572    15.6976  39.915634  39.942108    15.6567    15.6971    31.7405    31.7315    23.3179    23.3021    11.9956    11.4719    366.327    350.337     3.5592     3.2186     0.0989     1.4475     3.1502     1.1074     0.0000 -124.48668   47.63756      21.17          5  0.000e+00
      21503    895.917      3.162      3.189    15.6572    15.6828  39.915435  39.929990    15.6567    15.6823    31.7403    31.7326    23.3178    23.3062    11.9908    11.4753    366.179    350.440     3.5580     3.2186     0.0989     1.4475     3.1502     1.1074     0.0000 -124.48668   47.63756      21.17          5  0.000e+00
      21504    895.958      3.175      3.202    15.6565    15.6670  39.915369  39.919860    15.6560    15.6666    31.7408    31.7363    23.3183    23.3126    11.9862    11.4789    366.038    350.547     3.5568     3.2186     0.0989     1.4475     3.1514     1.1074     0.0000 -124.48668   47.63756      21.15          5  0.000e+00
      21505    896.000      3.215      3.242    15.6550    15.6590  39.914839  39.915226    15.6545    15.6585    31.7415    31.7386    23.3192    23.3161    11.9866    11.4807    366.049    350.602     3.5568     3.2186     0.0989     1.4475     3.1526     1.1074     0.0000 -124.48668   47.63756      21.15          5  0.000e+00
