West Coast/WCOA-7/CTD_Data/RB2102_CTD_016_01.ros
* Sea-Bird SBE 9 Data File:
* FileName = C:\Users\scs.user.rb\CTD\RB2102\Data\RB2102_CTD_016_01.hex
* Software Version Seasave V 7.26.7.107
* Temperature SN = 6202
* Conductivity SN = 4907
* Number of Bytes Per Scan = 41
* Number of Voltage Words = 4
* Number of Scans Averaged by the Deck Unit = 1
* NMEA Latitude = 48 51.86 N
* NMEA Longitude = 125 25.50 W
* NMEA UTC (Time) = Jun 28 2021  12:50:16
* NMEA baud rate = 4800
# nquan = 30
# nvalues = 343                                   
# units = specified
# name 0 = scan: Scan Count
# name 1 = timeS: Time, Elapsed [seconds]
# name 2 = depSM: Depth [salt water, m]
# name 3 = prDM: Pressure, Digiquartz [db]
# name 4 = t090C: Temperature [ITS-90, deg C]
# name 5 = t190C: Temperature, 2 [ITS-90, deg C]
# name 6 = c0mS/cm: Conductivity [mS/cm]
# name 7 = c1mS/cm: Conductivity, 2 [mS/cm]
# name 8 = potemp090C: Potential Temperature [ITS-90, deg C]
# name 9 = potemp190C: Potential Temperature, 2 [ITS-90, deg C]
# name 10 = sal00: Salinity, Practical [PSU]
# name 11 = sal11: Salinity, Practical, 2 [PSU]
# name 12 = sigma-é00: Density [sigma-theta, kg/m^3]
# name 13 = sigma-é11: Density, 2 [sigma-theta, kg/m^3]
# name 14 = sbeox0Mg/L: Oxygen, SBE 43 [mg/l]
# name 15 = sbeox1Mg/L: Oxygen, SBE 43, 2 [mg/l]
# name 16 = sbox0Mm/Kg: Oxygen, SBE 43 [umol/kg]
# name 17 = sbox1Mm/Kg: Oxygen, SBE 43, 2 [umol/kg]
# name 18 = sbeox0V: Oxygen raw, SBE 43 [V]
# name 19 = sbeox1V: Oxygen raw, SBE 43, 2 [V]
# name 20 = v4: Voltage 4
# name 21 = flECO-AFL: Fluorescence, WET Labs ECO-AFL/FL [mg/m^3]
# name 22 = v3: Voltage 3
# name 23 = v6: Voltage 6
# name 24 = v7: Voltage 7
# name 25 = longitude: Longitude [deg]
# name 26 = latitude: Latitude [deg]
# name 27 = altM: Altimeter [m]
# name 28 = nbf: Bottles Fired
# name 29 = flag:  0.000e+00
# interval = seconds: 0.0416667
# start_time = Jun 28 2021 12:50:16 [NMEA time, header]
# bad_flag = -9.990e-29
*END*
[from data line 97]
      16212    675.458     43.558     43.935     9.2271     9.2278  34.832982  34.829520     9.2225     9.2232    32.3573    32.3531    25.0145    25.0112     4.9778     4.9345    151.761    150.443     1.5946     1.5116     0.0537     0.3181     3.1722     1.3211     1.4737 -125.42506   48.86452      10.67          2  0.000e+00
      21806    908.542     20.575     20.752     9.8426     9.8469  35.198904  35.201840     9.8403     9.8446    32.1883    32.1875    24.7834    24.7821     6.1076     6.1811    186.249    188.492     1.8681     1.7875     0.0989     1.4475     3.1685     1.4127     0.5446 -125.42508   48.86460      33.72          3  0.000e+00
      21807    908.583     20.522     20.699     9.8422     9.8472  35.199093  35.201714     9.8400     9.8449    32.1888    32.1871    24.7839    24.7817     6.1076     6.1811    186.248    188.490     1.8681     1.7875     0.0989     1.4475     3.1673     1.4127     0.5446 -125.42508   48.86460      33.72          3  0.000e+00
      21808    908.625     20.575     20.752     9.8419     9.8472  35.198967  35.202407     9.8396     9.8449    32.1890    32.1878    24.7840    24.7822     6.1077     6.1869    186.251    188.669     1.8681     1.7888     0.0977     1.4170     3.1673     1.4127     0.6410 -125.42508   48.86460      33.72          3  0.000e+00
      21809    908.667     20.628     20.805     9.8414     9.8474  35.198715  35.202155     9.8391     9.8451    32.1891    32.1873    24.7843    24.7819     6.1132     6.1870    186.419    188.670     1.8694     1.7888     0.0977     1.4170     3.1673     1.4115     0.9280 -125.42508   48.86460      33.72          3  0.000e+00
      21810    908.708     20.522     20.699     9.8411     9.8471  35.198589  35.202470     9.8389     9.8448    32.1893    32.1880    24.7844    24.7824     6.1131     6.1810    186.417    188.489     1.8694     1.7875     0.0977     1.4170     3.1673     1.4127     1.0269 -125.42508   48.86460      33.72          3  0.000e+00
      21811    908.750     20.575     20.752     9.8415     9.8471  35.198778  35.201903     9.8393     9.8448    32.1891    32.1874    24.7842    24.7820     6.1131     6.1811    186.417    188.491     1.8694     1.7875     0.0977     1.4170     3.1673     1.4127     1.0159 -125.42508   48.86460      33.72          3  0.000e+00
      21812    908.792     20.575     20.752     9.8421     9.8471  35.198904  35.202155     9.8398     9.8448    32.1888    32.1876    24.7839    24.7822     6.1184     6.1811    186.580    188.491     1.8706     1.7875     0.0977     1.4170     3.1673     1.4115     1.0000 -125.42508   48.86460      33.72          3  0.000e+00
      21813    908.833     20.575     20.752     9.8423     9.8469  35.199093  35.202092     9.8400     9.8446    32.1888    32.1877    24.7838    24.7823     6.1130     6.1870    186.414    188.671     1.8694     1.7888     0.0977     1.4170     3.1661     1.4115     0.9963 -125.42508   48.86460      33.72          3  0.000e+00
      21814    908.875     20.575     20.752     9.8429     9.8467  35.199219  35.202029     9.8406     9.8444    32.1884    32.1878    24.7834    24.7824     6.1183     6.1870    186.577    188.671     1.8706     1.7888     0.0989     1.4475     3.1661     1.4127     0.9963 -125.42508   48.86460      33.72          3  0.000e+00
      21815    908.917     20.575     20.752     9.8431     9.8469  35.199534  35.202029     9.8408     9.8446    32.1885    32.1877    24.7835    24.7822     6.1183     6.1870    186.576    188.671     1.8706     1.7888     0.0977     1.4170     3.1673     1.4127     0.9976 -125.42508   48.86460      33.70          3  0.000e+00
      21816    908.958     20.522     20.699     9.8434     9.8470  35.199282  35.201525     9.8411     9.8447    32.1880    32.1871    24.7831    24.7817     6.1182     6.1870    186.574    188.670     1.8706     1.7888     0.0989     1.4475     3.1661     1.4127     0.9976 -125.42508   48.86460      33.70          3  0.000e+00
      21817    909.000     20.575     20.752     9.8439     9.8469  35.199219  35.201399     9.8416     9.8446    32.1875    32.1870    24.7826    24.7817     6.1236     6.1870    186.738    188.672     1.8718     1.7888     0.0977     1.4170     3.1673     1.4127     0.9976 -125.42508   48.86460      33.72          3  0.000e+00
      21818    909.042     20.575     20.752     9.8443     9.8471  35.199408  35.201840     9.8421     9.8448    32.1873    32.1873    24.7823    24.7819     6.1236     6.1870    186.737    188.670     1.8718     1.7888     0.0977     1.4170     3.1673     1.4115     0.9963 -125.42508   48.86460      33.70          3  0.000e+00
      21819    909.083     20.575     20.752     9.8442     9.8471  35.199534  35.201777     9.8419     9.8448    32.1875    32.1872    24.7825    24.7819     6.1236     6.1870    186.737    188.670     1.8718     1.7888     0.0977     1.4170     3.1673     1.4127     0.9976 -125.42508   48.86460      33.72          3  0.000e+00
      21820    909.125     20.529     20.705     9.8442     9.8469  35.199534  35.202155     9.8419     9.8446    32.1875    32.1878    24.7825    24.7823     6.1236     6.1870    186.736    188.669     1.8718     1.7888     0.1026     1.5391     3.1673     1.4127     0.9976 -125.42508   48.86460      33.70          3  0.000e+00
      21821    909.167     20.575     20.752     9.8442     9.8474  35.199534  35.202092     9.8419     9.8451    32.1875    32.1873    24.7825    24.7818     6.1290     6.1869    186.902    188.669     1.8730     1.7888     0.1038     1.5696     3.1673     1.4127     0.9976 -125.42508   48.86460      33.65          3  0.000e+00
      21822    909.208     20.575     20.752     9.8444     9.8480  35.199597  35.202470     9.8421     9.8458    32.1874    32.1871    24.7824    24.7816     6.1344     6.1869    187.066    188.666     1.8742     1.7888     0.1050     1.6002     3.1685     1.4127     0.9963 -125.42508   48.86460      33.65          3  0.000e+00
      21823    909.250     20.522     20.698     9.8443     9.8484  35.200038  35.202406     9.8421     9.8461    32.1879    32.1867    24.7828    24.7812     6.1343     6.1868    187.064    188.664     1.8742     1.7888     0.1038     1.5696     3.1685     1.4127     0.9976 -125.42508   48.86460      33.68          3  0.000e+00
      21824    909.292     20.575     20.752     9.8445     9.8482  35.200164  35.202344     9.8422     9.8459    32.1879    32.1868    24.7827    24.7813     6.1397     6.1868    187.229    188.666     1.8755     1.7888     0.1038     1.5696     3.1673     1.4127     0.9963 -125.42508   48.86460      33.68          3  0.000e+00
      21825    909.333     20.522     20.698     9.8445     9.8482  35.200353  35.202532     9.8423     9.8459    32.1881    32.1870    24.7829    24.7815     6.1397     6.1868    187.228    188.664     1.8755     1.7888     0.1038     1.5696     3.1673     1.4127     0.9976 -125.42508   48.86460      33.68          3  0.000e+00
      21826    909.375     20.575     20.752     9.8447     9.8484  35.200227  35.202155     9.8424     9.8461    32.1878    32.1865    24.7827    24.7810     6.1397     6.1927    187.229    188.845     1.8755     1.7900     0.1038     1.5696     3.1673     1.4127     0.9976 -125.42508   48.86460      33.68          3  0.000e+00
      21827    909.417     20.522     20.698     9.8450     9.8485  35.200164  35.202721     9.8428     9.8462    32.1874    32.1869    24.7823    24.7814     6.1450     6.1867    187.391    188.663     1.8767     1.7888     0.1038     1.5696     3.1673     1.4127     0.9976 -125.42508   48.86460      33.70          3  0.000e+00
      21828    909.458     20.529     20.705     9.8453     9.8485  35.200353  35.202469     9.8431     9.8462    32.1873    32.1867    24.7822    24.7812     6.1450     6.1926    187.390    188.843     1.8767     1.7900     0.1038     1.5696     3.1673     1.4127     0.9976 -125.42508   48.86460      33.70          3  0.000e+00
      21829    909.500     20.522     20.698     9.8452     9.8484  35.200794  35.202343     9.8429     9.8461    32.1879    32.1867    24.7827    24.7812     6.1450     6.1927    187.390    188.843     1.8767     1.7900     0.1038     1.5696     3.1673     1.4127     0.9963 -125.42508   48.86460      33.72          3  0.000e+00
      21830    909.542     20.529     20.705     9.8452     9.8482  35.199849  35.202343     9.8429     9.8459    32.1870    32.1868    24.7820    24.7814     6.1450     6.1927    187.391    188.844     1.8767     1.7900     0.1038     1.5696     3.1661     1.4127     0.9976 -125.42508   48.86460      33.70          3  0.000e+00
      21831    909.583     20.529     20.705     9.8421     9.8480  35.198588  35.201840     9.8398     9.8458    32.1884    32.1864    24.7836    24.7811     6.1508     6.1927    187.567    188.845     1.8779     1.7900     0.1038     1.5696     3.1685     1.4127     0.9976 -125.42508   48.86460      33.70          3  0.000e+00
      21832    909.625     20.522     20.698     9.8406     9.8480  35.198715  35.202155     9.8383     9.8458    32.1899    32.1868    24.7850    24.7813     6.1510     6.1927    187.571    188.845     1.8779     1.7900     0.1038     1.5696     3.1673     1.4127     0.9976 -125.42508   48.86460      33.72          3  0.000e+00
      21833    909.667     20.529     20.705     9.8409     9.8477  35.199093  35.201588     9.8386     9.8454    32.1900    32.1865    24.7850    24.7812     6.1509     6.1928    187.570    188.847     1.8779     1.7900     0.1038     1.5696     3.1661     1.4127     0.9976 -125.42508   48.86460      33.72          3  0.000e+00
      21834    909.708     20.522     20.698     9.8424     9.8473  35.199912  35.201588     9.8401     9.8450    32.1895    32.1869    24.7844    24.7815     6.1561     6.1928    187.728    188.848     1.8791     1.7900     0.1038     1.5696     3.1661     1.4127     0.9976 -125.42508   48.86460      33.72          3  0.000e+00
      21835    909.750     20.476     20.652     9.8432     9.8477  35.199786  35.201902     9.8409     9.8454    32.1887    32.1868    24.7836    24.7814     6.1560     6.1927    187.725    188.845     1.8791     1.7900     0.1038     1.5696     3.1673     1.4127     0.9976 -125.42508   48.86460      33.72          3  0.000e+00
      21836    909.792     20.522     20.698     9.8432     9.8500  35.199534  35.202469     9.8409     9.8477    32.1884    32.1853    24.7834    24.7799     6.1560     6.1925    187.727    188.838     1.8791     1.7900     0.1038     1.5696     3.1673     1.4127     0.9976 -125.42508   48.86460      33.72          3  0.000e+00
      21837    909.833     20.476     20.652     9.8424     9.8510  35.199975  35.203099     9.8402     9.8487    32.1896    32.1851    24.7844    24.7796     6.1615     6.1923    187.892    188.833     1.8803     1.7900     0.1038     1.5696     3.1685     1.4127     0.9976 -125.42508   48.86460      33.72          3  0.000e+00
      21838    909.875     20.476     20.652     9.8427     9.8518  35.199912  35.203225     9.8405     9.8495    32.1892    32.1845    24.7841    24.7790     6.1614     6.1922    187.891    188.830     1.8803     1.7900     0.1038     1.5696     3.1673     1.4127     0.9976 -125.42508   48.86460      33.72          3  0.000e+00
      21839    909.917     20.476     20.652     9.8434     9.8520  35.197202  35.203477     9.8411     9.8497    32.1859    32.1846    24.7814    24.7790     6.1615     6.1922    187.893    188.829     1.8803     1.7900     0.1038     1.5696     3.1685     1.4127     0.9976 -125.42508   48.86460      33.75          3  0.000e+00
      21840    909.958     20.522     20.698     9.8403     9.8520  35.193988  35.203792     9.8380     9.8497    32.1854    32.1849    24.7815    24.7792     6.1674     6.1922    188.072    188.830     1.8816     1.7900     0.1038     1.5696     3.1673     1.4127     0.9976 -125.42508   48.86460      33.72          3  0.000e+00
      21841    910.000     20.476     20.652     9.8361     9.8518  35.192476  35.204106     9.8339     9.8495    32.1876    32.1854    24.7839    24.7797     6.1678     6.1922    188.086    188.829     1.8816     1.7900     0.1038     1.5696     3.1673     1.4127     0.9976 -125.42508   48.86460      33.72          3  0.000e+00
      21842    910.042     20.429     20.605     9.8342     9.8506  35.191908  35.203225     9.8320     9.8484    32.1887    32.1856    24.7851    24.7800     6.1680     6.1923    188.092    188.832     1.8816     1.7900     0.1038     1.5696     3.1673     1.4127     0.9976 -125.42508   48.86460      33.72          3  0.000e+00
      21843    910.083     20.476     20.652     9.8310     9.8505  35.190018  35.203414     9.8288     9.8482    32.1897    32.1859    24.7864    24.7802     6.1739     6.1923    188.270    188.834     1.8828     1.7900     0.1038     1.5696     3.1685     1.4127     0.9963 -125.42508   48.86460      33.72          3  0.000e+00
      21844    910.125     20.476     20.652     9.8263     9.8497  35.187309  35.203351     9.8241     9.8474    32.1911    32.1866    24.7882    24.7809     6.1745     6.1983    188.288    189.016     1.8828     1.7912     0.1038     1.5696     3.1673     1.4115     0.9976 -125.42508   48.86460      33.75          3  0.000e+00
      21845    910.167     20.429     20.605     9.8147     9.8488  35.184474  35.203225     9.8125     9.8466    32.1986    32.1872    24.7960    24.7815     6.1758     6.1984    188.327    189.018     1.8828     1.7912     0.1038     1.5696     3.1673     1.4115     0.9976 -125.42508   48.86460      33.75          3  0.000e+00
      21846    910.208     20.476     20.652     9.8039     9.8488  35.182396  35.203225     9.8017     9.8466    32.2061    32.1872    24.8036    24.7815     6.1825     6.1984    188.529    189.019     1.8840     1.7912     0.0989     1.4475     3.1673     1.4127     0.9976 -125.42508   48.86460      33.75          3  0.000e+00
      21847    910.250     20.429     20.605     9.7966     9.8492  35.181011  35.202784     9.7943     9.8469    32.2113    32.1864    24.8089    24.7809     6.1887     6.1925    188.717    188.838     1.8852     1.7900     0.0940     1.3254     3.1673     1.4115     0.9976 -125.42508   48.86460      33.75          3  0.000e+00
      21848    910.292     20.476     20.652     9.7952     9.8488  35.177356  35.202847     9.7930     9.8466    32.2088    32.1868    24.8071    24.7812     6.1890     6.1925    188.727    188.840     1.8852     1.7900     0.0928     1.2949     3.1685     1.4115     0.9976 -125.42508   48.86460      33.75          3  0.000e+00
      21849    910.333     20.429     20.605     9.7892     9.8488  35.172253  35.203414     9.7869     9.8466    32.2090    32.1874    24.8083    24.7817     6.1898     6.1925    188.752    188.838     1.8852     1.7900     0.0928     1.2949     3.1685     1.4115     0.9963 -125.42508   48.86460      33.75          3  0.000e+00
      21850    910.375     20.429     20.605     9.7779     9.8495  35.168537  35.203288     9.7757     9.8473    32.2153    32.1866    24.8150    24.7810     6.1966     6.1924    188.957    188.836     1.8864     1.7900     0.0928     1.2949     3.1685     1.4127     0.9976 -125.42508   48.86460      33.72          3  0.000e+00
      21851    910.417     20.377     20.552     9.7743     9.8500  35.167025  35.203225     9.7721     9.8477    32.2170    32.1862    24.8169    24.7805     6.1970     6.1923    188.969    188.833     1.8864     1.7900     0.0928     1.2949     3.1685     1.4127     0.9976 -125.42508   48.86460      33.70          3  0.000e+00
      21852    910.458     20.429     20.605     9.7688     9.8498  35.165135  35.203666     9.7665     9.8476    32.2200    32.1867    24.8202    24.7810     6.1977     6.1982    188.990    189.014     1.8864     1.7912     0.0928     1.2949     3.1673     1.4127     0.9976 -125.42508   48.86460      33.70          3  0.000e+00
