West Coast/WCOA-7/CTD_Data/RB2102_CTD_048_01.ros
* Sea-Bird SBE 9 Data File:
* FileName = C:\Users\scs.user.rb\CTD\RB2102\Data\RB2102_CTD_048_01.hex
* Software Version Seasave V 7.26.7.107
* Temperature SN = 6202
* Conductivity SN = 4907
* Number of Bytes Per Scan = 41
* Number of Voltage Words = 4
* Number of Scans Averaged by the Deck Unit = 1
* NMEA Latitude = 44 39.06 N
* NMEA Longitude = 124 46.61 W
* NMEA UTC (Time) = Jul 04 2021  01:05:11
* NMEA baud rate = 4800
# nquan = 30
# nvalues = 976                                   
# units = specified
# name 0 = scan: Scan Count
# name 1 = timeS: Time, Elapsed [seconds]
# name 2 = depSM: Depth [salt water, m]
# name 3 = prDM: Pressure, Digiquartz [db]
# name 4 = t090C: Temperature [ITS-90, deg C]
# name 5 = t190C: Temperature, 2 [ITS-90, deg C]
# name 6 = c0mS/cm: Conductivity [mS/cm]
# name 7 = c1mS/cm: Conductivity, 2 [mS/cm]
# name 8 = potemp090C: Potential Temperature [ITS-90, deg C]
# name 9 = potemp190C: Potential Temperature, 2 [ITS-90, deg C]
# name 10 = sal00: Salinity, Practical [PSU]
# name 11 = sal11: Salinity, Practical, 2 [PSU]
# name 12 = sigma-é00: Density [sigma-theta, kg/m^3]
# name 13 = sigma-é11: Density, 2 [sigma-theta, kg/m^3]
# name 14 = sbeox0Mg/L: Oxygen, SBE 43 [mg/l]
# name 15 = sbeox1Mg/L: Oxygen, SBE 43, 2 [mg/l]
# name 16 = sbox0Mm/Kg: Oxygen, SBE 43 [umol/kg]
# name 17 = sbox1Mm/Kg: Oxygen, SBE 43, 2 [umol/kg]
# name 18 = sbeox0V: Oxygen raw, SBE 43 [V]
# name 19 = sbeox1V: Oxygen raw, SBE 43, 2 [V]
# name 20 = v4: Voltage 4
# name 21 = flECO-AFL: Fluorescence, WET Labs ECO-AFL/FL [mg/m^3]
# name 22 = v3: Voltage 3
# name 23 = v6: Voltage 6
# name 24 = v7: Voltage 7
# name 25 = longitude: Longitude [deg]
# name 26 = latitude: Latitude [deg]
# name 27 = altM: Altimeter [m]
# name 28 = nbf: Bottles Fired
# name 29 = flag:  0.000e+00
# interval = seconds: 0.0416667
# start_time = Jul 04 2021 01:05:11 [NMEA time, header]
# bad_flag = -9.990e-29
*END*
[from data line 291]
      47170   1965.375    124.647    125.701     7.3896     7.3906  34.721361  34.722621     7.3777     7.3787    33.9324    33.9328    26.5253    26.5254     2.4038     2.5178     73.179     76.649     0.9988     0.9951     0.0415     0.0129     3.4335     0.0000     0.0000 -124.77690   44.65102      99.83          6  0.000e+00
      47171   1965.417    124.601    125.655     7.3894     7.3908  34.720797  34.722809     7.3775     7.3790    33.9320    33.9327    26.5250    26.5254     2.4095     2.5178     73.353     76.648     1.0000     0.9951     0.0415     0.0129     3.4335     0.0000     0.0000 -124.77690   44.65102      99.83          6  0.000e+00
      47172   1965.458    124.601    125.655     7.3891     7.3909  34.720358  34.723310     7.3772     7.3791    33.9318    33.9332    26.5249    26.5257     2.4096     2.5177     73.354     76.648     1.0000     0.9951     0.0415     0.0129     3.4335     0.0000     0.0000 -124.77690   44.65102      99.80          6  0.000e+00
      50959   2123.250     99.218    100.051     7.6132     7.6137  34.821237  34.821674     7.6036     7.6041    33.8347    33.8346    26.4163    26.4162     2.8337     2.9625     86.276     90.197     1.0952     1.0867     0.0403    -0.0177     3.4298     0.0000     0.0000 -124.77700   44.65100      99.78          7  0.000e+00
      50960   2123.292     99.172    100.004     7.6133     7.6139  34.820861  34.821423     7.6037     7.6043    33.8342    33.8342    26.4159    26.4158     2.8337     2.9563     86.276     90.008     1.0952     1.0855     0.0403    -0.0177     3.4298     0.0000     0.0000 -124.77700   44.65100      99.78          7  0.000e+00
      50961   2123.333     99.119     99.951     7.6136     7.6139  34.820735  34.821799     7.6041     7.6043    33.8337    33.8347    26.4155    26.4162     2.8337     2.9625     86.275     90.196     1.0952     1.0867     0.0403    -0.0177     3.4310     0.0000     0.0000 -124.77700   44.65100      99.76          7  0.000e+00
      50962   2123.375     99.125     99.958     7.6133     7.6136  34.820923  34.821234     7.6037     7.6040    33.8343    33.8344    26.4160    26.4160     2.8337     2.9625     86.275     90.197     1.0952     1.0867     0.0403    -0.0177     3.4310     0.0000     0.0000 -124.77700   44.65100      99.76          7  0.000e+00
      50963   2123.417     99.165     99.998     7.6133     7.6139  34.821237  34.821046     7.6037     7.6043    33.8346    33.8338    26.4162    26.4155     2.8337     2.9625     86.275     90.197     1.0952     1.0867     0.0403    -0.0177     3.4310     0.0000     0.0000 -124.77700   44.65100      99.78          7  0.000e+00
      50964   2123.458     99.073     99.904     7.6136     7.6139  34.821362  34.821485     7.6040     7.6043    33.8345    33.8343    26.4161    26.4159     2.8336     2.9625     86.274     90.195     1.0952     1.0867     0.0403    -0.0177     3.4310     0.0000     0.0000 -124.77700   44.65100      99.78          7  0.000e+00
      50965   2123.500     99.126     99.958     7.6133     7.6137  34.821174  34.821673     7.6037     7.6041    33.8345    33.8347    26.4162    26.4162     2.8337     2.9625     86.275     90.196     1.0952     1.0867     0.0403    -0.0177     3.4310     0.0000     0.0000 -124.77700   44.65100      99.76          7  0.000e+00
      50966   2123.542     99.073     99.904     7.6135     7.6137  34.821049  34.821422     7.6039     7.6041    33.8343    33.8344    26.4160    26.4161     2.8337     2.9625     86.274     90.196     1.0952     1.0867     0.0403    -0.0177     3.4298     0.0000     0.0000 -124.77700   44.65100      99.78          7  0.000e+00
      50967   2123.583     99.073     99.904     7.6135     7.6136  34.821237  34.821548     7.6039     7.6040    33.8344    33.8347    26.4161    26.4163     2.8337     2.9625     86.274     90.196     1.0952     1.0867     0.0403    -0.0177     3.4310     0.0000     0.0000 -124.77700   44.65100      99.76          7  0.000e+00
      50968   2123.625     99.020     99.851     7.6135     7.6134  34.821362  34.821171     7.6039     7.6038    33.8347    33.8345    26.4163    26.4162     2.8336     2.9625     86.273     90.196     1.0952     1.0867     0.0403    -0.0177     3.4298     0.0000     0.0000 -124.77700   44.65100      99.78          7  0.000e+00
      50969   2123.667     99.073     99.905     7.6133     7.6134  34.821111  34.821485     7.6037     7.6038    33.8345    33.8348    26.4161    26.4164     2.8337     2.9625     86.274     90.196     1.0952     1.0867     0.0403    -0.0177     3.4298     0.0000     0.0000 -124.77700   44.65100      99.78          7  0.000e+00
      50970   2123.708     99.020     99.851     7.6132     7.6134  34.820797  34.821422     7.6036     7.6038    33.8343    33.8348    26.4160    26.4164     2.8337     2.9625     86.274     90.196     1.0952     1.0867     0.0403    -0.0177     3.4310     0.0000     0.0000 -124.77700   44.65100      99.78          7  0.000e+00
      50971   2123.750     99.026     99.858     7.6135     7.6132  34.820923  34.821359     7.6039     7.6037    33.8342    33.8349    26.4159    26.4165     2.8336     2.9625     86.274     90.196     1.0952     1.0867     0.0403    -0.0177     3.4310     0.0000     0.0000 -124.77700   44.65100      99.76          7  0.000e+00
      50972   2123.792     99.020     99.851     7.6132     7.6132  34.821048  34.821359     7.6036     7.6037    33.8346    33.8349    26.4162    26.4165     2.8337     2.9563     86.274     90.007     1.0952     1.0855     0.0403    -0.0177     3.4310     0.0000     0.0000 -124.77700   44.65100      99.78          7  0.000e+00
      50973   2123.833     98.980     99.811     7.6135     7.6132  34.821299  34.821547     7.6039     7.6037    33.8346    33.8351    26.4162    26.4166     2.8336     2.9625     86.273     90.195     1.0952     1.0867     0.0403    -0.0177     3.4310     0.0000     0.0000 -124.77700   44.65100      99.76          7  0.000e+00
      50974   2123.875     99.027     99.858     7.6132     7.6134  34.820860  34.821422     7.6036     7.6038    33.8344    33.8348    26.4161    26.4164     2.8337     2.9625     86.274     90.196     1.0952     1.0867     0.0403    -0.0177     3.4310     0.0000     0.0000 -124.77700   44.65100      99.78          7  0.000e+00
      50975   2123.917     98.921     99.751     7.6133     7.6131  34.820923  34.821359     7.6037     7.6035    33.8344    33.8351    26.4161    26.4166     2.8393     2.9624     86.446     90.195     1.0965     1.0867     0.0403    -0.0177     3.4310     0.0000     0.0000 -124.77700   44.65100      99.76          7  0.000e+00
      50976   2123.958     98.980     99.811     7.6132     7.6131  34.820546  34.821359     7.6036     7.6035    33.8341    33.8350    26.4158    26.4166     2.8337     2.9625     86.274     90.196     1.0952     1.0867     0.0403    -0.0177     3.4298     0.0000     0.0000 -124.77700   44.65100      99.78          7  0.000e+00
      50977   2124.000     98.974     99.805     7.6135     7.6130  34.820609  34.821359     7.6039     7.6035    33.8339    33.8351    26.4156    26.4166     2.8336     2.9625     86.273     90.196     1.0952     1.0867     0.0403    -0.0177     3.4310     0.0000     0.0000 -124.77700   44.65100      99.76          7  0.000e+00
      50978   2124.042     98.927     99.758     7.6133     7.6131  34.820734  34.821359     7.6037     7.6035    33.8342    33.8351    26.4159    26.4166     2.8336     2.9562     86.273     90.006     1.0952     1.0855     0.0403    -0.0177     3.4310     0.0000     0.0000 -124.77700   44.65100      99.78          7  0.000e+00
      50979   2124.083     98.921     99.751     7.6133     7.6132  34.820483  34.821359     7.6037     7.6037    33.8339    33.8349    26.4157    26.4165     2.8336     2.9624     86.273     90.195     1.0952     1.0867     0.0403    -0.0177     3.4310     0.0000     0.0000 -124.77700   44.65100      99.78          7  0.000e+00
      50980   2124.125     98.927     99.758     7.6132     7.6132  34.820672  34.821359     7.6036     7.6037    33.8342    33.8349    26.4160    26.4165     2.8393     2.9624     86.446     90.195     1.0965     1.0867     0.0403    -0.0177     3.4310     0.0000     0.0000 -124.77700   44.65100      99.76          7  0.000e+00
      50981   2124.167     98.921     99.751     7.6131     7.6134  34.820734  34.821547     7.6036     7.6038    33.8343    33.8350    26.4161    26.4165     2.8336     2.9624     86.273     90.194     1.0952     1.0867     0.0403    -0.0177     3.4310     0.0000     0.0000 -124.77700   44.65100      99.76          7  0.000e+00
      50982   2124.208     98.928     99.758     7.6133     7.6134  34.820923  34.821673     7.6037     7.6038    33.8344    33.8351    26.4160    26.4166     2.8336     2.9624     86.273     90.194     1.0952     1.0867     0.0403    -0.0177     3.4310     0.0000     0.0000 -124.77700   44.65100      99.78          7  0.000e+00
      50983   2124.250     98.881     99.711     7.6131     7.6131  34.820546  34.821171     7.6036     7.6035    33.8342    33.8349    26.4159    26.4165     2.8336     2.9624     86.273     90.195     1.0952     1.0867     0.0403    -0.0177     3.4310     0.0000     0.0000 -124.77700   44.65100      99.76          7  0.000e+00
      50984   2124.292     98.875     99.705     7.6133     7.6129  34.820609  34.821234     7.6038     7.6033    33.8340    33.8351    26.4158    26.4167     2.8336     2.9624     86.272     90.195     1.0952     1.0867     0.0403    -0.0177     3.4298     0.0000     0.0000 -124.77700   44.65100      99.76          7  0.000e+00
      50985   2124.333     98.928     99.758     7.6132     7.6132  34.820734  34.821359     7.6036     7.6037    33.8343    33.8349    26.4160    26.4165     2.8336     2.9562     86.273     90.006     1.0952     1.0855     0.0403    -0.0177     3.4310     0.0000     0.0000 -124.77700   44.65100      99.76          7  0.000e+00
      50986   2124.375     98.875     99.705     7.6133     7.6129  34.820483  34.821547     7.6037     7.6033    33.8340    33.8355    26.4157    26.4170     2.8336     2.9624     86.273     90.194     1.0952     1.0867     0.0403    -0.0177     3.4310     0.0000     0.0000 -124.77700   44.65100      99.76          7  0.000e+00
      50987   2124.417     98.881     99.712     7.6133     7.6131  34.820420  34.821422     7.6038     7.6035    33.8338    33.8351    26.4156    26.4167     2.8336     2.9624     86.273     90.194     1.0952     1.0867     0.0403    -0.0177     3.4310     0.0000     0.0000 -124.77700   44.65100      99.76          7  0.000e+00
      50988   2124.458     98.828     99.658     7.6131     7.6129  34.820671  34.821359     7.6036     7.6033    33.8343    33.8353    26.4160    26.4168     2.8336     2.9624     86.272     90.194     1.0952     1.0867     0.0403    -0.0177     3.4310     0.0000     0.0000 -124.77700   44.65100      99.76          7  0.000e+00
      50989   2124.500     98.882     99.712     7.6133     7.6129  34.820734  34.821359     7.6038     7.6033    33.8342    33.8353    26.4159    26.4168     2.8336     2.9624     86.272     90.195     1.0952     1.0867     0.0403    -0.0177     3.4310     0.0000     0.0000 -124.77700   44.65100      99.76          7  0.000e+00
      50990   2124.542     98.829     99.658     7.6133     7.6129  34.820734  34.821547     7.6037     7.6033    33.8343    33.8355    26.4160    26.4170     2.8393     2.9562     86.445     90.005     1.0965     1.0855     0.0403    -0.0177     3.4310     0.0000     0.0000 -124.77700   44.65100      99.78          7  0.000e+00
      50991   2124.583     98.882     99.712     7.6133     7.6129  34.820734  34.821422     7.6038     7.6033    33.8342    33.8353    26.4159    26.4169     2.8279     2.9624     86.099     90.195     1.0940     1.0867     0.0403    -0.0177     3.4298     0.0000     0.0000 -124.77700   44.65100      99.78          7  0.000e+00
      50992   2124.625     98.829     99.658     7.6135     7.6131  34.820922  34.821108     7.6039     7.6035    33.8343    33.8348    26.4159    26.4164     2.8336     2.9624     86.271     90.194     1.0952     1.0867     0.0403    -0.0177     3.4322     0.0000     0.0000 -124.77700   44.65100      99.76          7  0.000e+00
      50993   2124.667     98.829     99.658     7.6133     7.6130  34.820797  34.821045     7.6038     7.6035    33.8343    33.8348    26.4160    26.4164     2.8336     2.9562     86.272     90.005     1.0952     1.0855     0.0403    -0.0177     3.4322     0.0000     0.0000 -124.77700   44.65100      99.76          7  0.000e+00
      50994   2124.708     98.829     99.658     7.6135     7.6127  34.820483  34.821484     7.6039     7.6032    33.8338    33.8356    26.4156    26.4171     2.8336     2.9562     86.272     90.005     1.0952     1.0855     0.0403    -0.0177     3.4322     0.0000     0.0000 -124.77700   44.65100      99.76          7  0.000e+00
      50995   2124.750     98.829     99.658     7.6135     7.6131  34.820671  34.821422     7.6039     7.6035    33.8340    33.8352    26.4157    26.4167     2.8336     2.9562     86.272     90.005     1.0952     1.0855     0.0403    -0.0177     3.4298     0.0000     0.0000 -124.77700   44.65100      99.78          7  0.000e+00
      50996   2124.792     98.829     99.658     7.6133     7.6131  34.820232  34.821359     7.6037     7.6035    33.8337    33.8351    26.4155    26.4167     2.8336     2.9624     86.272     90.194     1.0952     1.0867     0.0403    -0.0177     3.4298     0.0000     0.0000 -124.77700   44.65100      99.76          7  0.000e+00
      50997   2124.833     98.776     99.605     7.6136     7.6130  34.820106  34.821108     7.6041     7.6035    33.8332    33.8349    26.4151    26.4165     2.8336     2.9624     86.271     90.193     1.0952     1.0867     0.0403    -0.0177     3.4310     0.0000     0.0000 -124.77700   44.65100      99.78          7  0.000e+00
      50998   2124.875     98.783     99.612     7.6133     7.6129  34.820546  34.821233     7.6037     7.6033    33.8341    33.8352    26.4158    26.4167     2.8336     2.9624     86.271     90.194     1.0952     1.0867     0.0403    -0.0177     3.4310     0.0000     0.0000 -124.77700   44.65100      99.76          7  0.000e+00
      50999   2124.917     98.829     99.659     7.6135     7.6131  34.820483  34.821547     7.6039     7.6035    33.8338    33.8353    26.4155    26.4168     2.8279     2.9624     86.099     90.194     1.0940     1.0867     0.0403    -0.0177     3.4310     0.0000     0.0000 -124.77700   44.65100      99.78          7  0.000e+00
      51000   2124.958     98.829     99.659     7.6135     7.6129  34.820169  34.821422     7.6039     7.6033    33.8334    33.8354    26.4153    26.4169     2.8336     2.9624     86.272     90.194     1.0952     1.0867     0.0403    -0.0177     3.4298     0.0000     0.0000 -124.77700   44.65100      99.78          7  0.000e+00
      51001   2125.000     98.736     99.565     7.6135     7.6129  34.820545  34.821359     7.6039     7.6033    33.8339    33.8353    26.4157    26.4169     2.8335     2.9624     86.271     90.193     1.0952     1.0867     0.0403    -0.0177     3.4298     0.0000     0.0000 -124.77700   44.65100      99.78          7  0.000e+00
      51002   2125.042     98.829     99.659     7.6135     7.6129  34.820734  34.821359     7.6039     7.6033    33.8340    33.8353    26.4157    26.4168     2.8336     2.9624     86.272     90.194     1.0952     1.0867     0.0403    -0.0177     3.4298     0.0000     0.0000 -124.77700   44.65100      99.78          7  0.000e+00
