West Coast/WCOA-7/CTD_Data/RB2102_CTD_028_01.ros
* Sea-Bird SBE 9 Data File:
* FileName = C:\Users\scs.user.rb\CTD\RB2102\Data\RB2102_CTD_028_01.hex
* Software Version Seasave V 7.26.7.107
* Temperature SN = 6202
* Conductivity SN = 4907
* Number of Bytes Per Scan = 41
* Number of Voltage Words = 4
* Number of Scans Averaged by the Deck Unit = 1
* NMEA Latitude = 46 15.05 N
* NMEA Longitude = 124 00.21 W
* NMEA UTC (Time) = Jun 30 2021  19:36:34
* NMEA baud rate = 4800
# nquan = 30
# nvalues = 539                                   
# units = specified
# name 0 = scan: Scan Count
# name 1 = timeS: Time, Elapsed [seconds]
# name 2 = depSM: Depth [salt water, m]
# name 3 = prDM: Pressure, Digiquartz [db]
# name 4 = t090C: Temperature [ITS-90, deg C]
# name 5 = t190C: Temperature, 2 [ITS-90, deg C]
# name 6 = c0mS/cm: Conductivity [mS/cm]
# name 7 = c1mS/cm: Conductivity, 2 [mS/cm]
# name 8 = potemp090C: Potential Temperature [ITS-90, deg C]
# name 9 = potemp190C: Potential Temperature, 2 [ITS-90, deg C]
# name 10 = sal00: Salinity, Practical [PSU]
# name 11 = sal11: Salinity, Practical, 2 [PSU]
# name 12 = sigma-é00: Density [sigma-theta, kg/m^3]
# name 13 = sigma-é11: Density, 2 [sigma-theta, kg/m^3]
# name 14 = sbeox0Mg/L: Oxygen, SBE 43 [mg/l]
# name 15 = sbeox1Mg/L: Oxygen, SBE 43, 2 [mg/l]
# name 16 = sbox0Mm/Kg: Oxygen, SBE 43 [umol/kg]
# name 17 = sbox1Mm/Kg: Oxygen, SBE 43, 2 [umol/kg]
# name 18 = sbeox0V: Oxygen raw, SBE 43 [V]
# name 19 = sbeox1V: Oxygen raw, SBE 43, 2 [V]
# name 20 = v4: Voltage 4
# name 21 = flECO-AFL: Fluorescence, WET Labs ECO-AFL/FL [mg/m^3]
# name 22 = v3: Voltage 3
# name 23 = v6: Voltage 6
# name 24 = v7: Voltage 7
# name 25 = longitude: Longitude [deg]
# name 26 = latitude: Latitude [deg]
# name 27 = altM: Altimeter [m]
# name 28 = nbf: Bottles Fired
# name 29 = flag:  0.000e+00
# interval = seconds: 0.0416667
# start_time = Jun 30 2021 19:36:34 [NMEA time, header]
# bad_flag = -9.990e-29
*END*
[from data line 436]
      22742    947.542      2.936      2.960    20.0072    20.0080   7.422477   7.421272    20.0067    20.0075     4.5721     4.5712     1.6807     1.6799     8.7898     8.3975    274.223    261.984     2.5726     2.3516     0.0928     1.2949     3.1893     0.6911     0.0000 -124.00282   46.25176      15.65          9  0.000e+00
      22743    947.583      3.002      3.027    20.0068    20.0084   7.422438   7.420025    20.0064    20.0080     4.5721     4.5703     1.6808     1.6791     8.7899     8.4031    274.227    262.159     2.5726     2.3529     0.0916     1.2644     3.1893     0.6911     0.0000 -124.00282   46.25176      15.63          9  0.000e+00
      22744    947.625      2.989      3.014    20.0068    20.0082   7.422243   7.419791    20.0063    20.0078     4.5720     4.5702     1.6807     1.6791     8.7847     8.4086    274.066    262.333     2.5714     2.3541     0.0916     1.2644     3.1880     0.6911     0.0000 -124.00282   46.25176      15.63          9  0.000e+00
      22745    947.667      2.936      2.960    20.0066    20.0083   7.422360   7.419636    20.0062    20.0079     4.5721     4.5701     1.6808     1.6790     8.7847     8.4030    274.065    262.158     2.5714     2.3529     0.0928     1.2949     3.1893     0.6911     0.0000 -124.00282   46.25176      15.65          9  0.000e+00
      22746    947.708      2.989      3.014    20.0066    20.0082   7.421969   7.419908    20.0062    20.0078     4.5718     4.5703     1.6806     1.6791     8.7848     8.3975    274.068    261.986     2.5714     2.3516     0.0928     1.2949     3.1893     0.6911     0.0000 -124.00282   46.25176      15.65          9  0.000e+00
      22767    948.583      2.889      2.913    20.0068    20.0084   7.420445   7.419090    20.0064    20.0080     4.5708     4.5697     1.6798     1.6787     8.7795     8.4085    273.905    262.329     2.5702     2.3541     0.0928     1.2949     3.1880     0.6911     0.0000 -124.00282   46.25176      15.56         10  0.000e+00
      22768    948.625      2.889      2.913    20.0066    20.0082   7.419663   7.419597    20.0062    20.0078     4.5703     4.5701     1.6795     1.6790     8.7796     8.4085    273.906    262.330     2.5702     2.3541     0.0940     1.3254     3.1880     0.6911     0.0000 -124.00282   46.25176      15.56         10  0.000e+00
      22769    948.667      2.902      2.927    20.0068    20.0087   7.419272   7.419519    20.0063    20.0082     4.5700     4.5700     1.6793     1.6788     8.7796     8.4196    273.907    262.674     2.5702     2.3565     0.0940     1.3254     3.1880     0.6911     0.0000 -124.00282   46.25176      15.56         10  0.000e+00
      22770    948.708      2.889      2.913    20.0066    20.0086   7.419351   7.419090    20.0062    20.0082     4.5701     4.5697     1.6793     1.6786     8.7848     8.4140    274.067    262.502     2.5714     2.3553     0.0940     1.3254     3.1893     0.6911     0.0000 -124.00282   46.25176      15.56         10  0.000e+00
      22771    948.750      2.935      2.960    20.0066    20.0084   7.419780   7.419324    20.0062    20.0080     4.5704     4.5699     1.6796     1.6788     8.7848     8.4086    274.068    262.331     2.5714     2.3541     0.0940     1.3254     3.1893     0.6911     0.0000 -124.00282   46.25176      15.56         10  0.000e+00
      22772    948.792      2.889      2.913    20.0068    20.0085   7.420328   7.418973    20.0063    20.0081     4.5707     4.5696     1.6798     1.6786     8.7847     8.4085    274.065    262.329     2.5714     2.3541     0.0928     1.2949     3.1880     0.6911     0.0000 -124.00282   46.25176      15.56         10  0.000e+00
      22773    948.833      2.935      2.960    20.0065    20.0084   7.420406   7.418194    20.0060    20.0080     4.5708     4.5691     1.6799     1.6782     8.7899     8.4086    274.229    262.332     2.5726     2.3541     0.0940     1.3254     3.1880     0.6911     0.0000 -124.00282   46.25176      15.56         10  0.000e+00
      22774    948.875      2.935      2.960    20.0066    20.0088   7.420406   7.417999    20.0062    20.0083     4.5708     4.5690     1.6799     1.6780     8.7899     8.4085    274.228    262.330     2.5726     2.3541     0.0940     1.3254     3.1880     0.6911     0.0000 -124.00282   46.25176      15.56         10  0.000e+00
      22775    948.917      2.889      2.913    20.0066    20.0085   7.420640   7.418233    20.0062    20.0081     4.5709     4.5691     1.6800     1.6782     8.7950     8.4085    274.387    262.330     2.5739     2.3541     0.0928     1.2949     3.1893     0.6911     0.0000 -124.00282   46.25176      15.56         10  0.000e+00
      22776    948.958      2.935      2.960    20.0065    20.0082   7.420875   7.418700    20.0060    20.0078     4.5711     4.5695     1.6801     1.6785     8.7951     8.4086    274.389    262.332     2.5739     2.3541     0.0928     1.2949     3.1893     0.6911     0.0000 -124.00282   46.25176      15.56         10  0.000e+00
      22777    949.000      2.889      2.913    20.0065    20.0086   7.420875   7.419285    20.0060    20.0082     4.5711     4.5698     1.6801     1.6787     8.8002     8.4085    274.548    262.328     2.5751     2.3541     0.0928     1.2949     3.1893     0.6911     0.0000 -124.00282   46.25176      15.56         10  0.000e+00
      22778    949.042      2.902      2.926    20.0061    20.0083   7.420757   7.419324    20.0057    20.0079     4.5711     4.5699     1.6802     1.6788     8.8002     8.4085    274.550    262.330     2.5751     2.3541     0.0940     1.3254     3.1880     0.6911     0.0000 -124.00282   46.25176      15.53         10  0.000e+00
      22779    949.083      2.935      2.960    20.0063    20.0086   7.420640   7.419207    20.0058    20.0081     4.5710     4.5698     1.6801     1.6787     8.8003     8.4085    274.551    262.330     2.5751     2.3541     0.0940     1.3254     3.1880     0.6911     0.0000 -124.00282   46.25176      15.51         10  0.000e+00
      22780    949.125      2.935      2.960    20.0061    20.0084   7.421031   7.419090    20.0057    20.0080     4.5712     4.5697     1.6803     1.6787     8.8003     8.4086    274.551    262.331     2.5751     2.3541     0.0928     1.2949     3.1880     0.6911     0.0000 -124.00282   46.25176      15.48         10  0.000e+00
      22781    949.167      2.935      2.960    20.0061    20.0085   7.421305   7.418934    20.0057    20.0081     4.5714     4.5696     1.6805     1.6786     8.8003     8.3975    274.551    261.984     2.5751     2.3516     0.0940     1.3254     3.1880     0.6911     0.0000 -124.00282   46.25176      15.48         10  0.000e+00
      22782    949.208      2.935      2.960    20.0059    20.0088   7.421461   7.418583    20.0055    20.0083     4.5715     4.5693     1.6806     1.6783     8.8003     8.4030    274.552    262.157     2.5751     2.3529     0.0940     1.3254     3.1893     0.6911     0.0000 -124.00282   46.25176      15.48         10  0.000e+00
      22783    949.250      2.935      2.960    20.0063    20.0088   7.421500   7.418038    20.0059    20.0083     4.5715     4.5690     1.6805     1.6780     8.8002     8.4085    274.550    262.330     2.5751     2.3541     0.0940     1.3254     3.1880     0.6923     0.0000 -124.00282   46.25176      15.48         10  0.000e+00
      22784    949.292      2.935      2.960    20.0061    20.0087   7.421578   7.417414    20.0057    20.0082     4.5716     4.5686     1.6806     1.6778     8.8003     8.3975    274.550    261.985     2.5751     2.3516     0.0928     1.2949     3.1893     0.6923     0.0000 -124.00282   46.25176      15.48         10  0.000e+00
      22785    949.333      2.935      2.960    20.0063    20.0088   7.421617   7.416635    20.0058    20.0083     4.5716     4.5681     1.6806     1.6773     8.8002     8.4030    274.550    262.159     2.5751     2.3529     0.0928     1.2949     3.1893     0.6911     0.0000 -124.00282   46.25176      15.51         10  0.000e+00
      22786    949.375      2.955      2.980    20.0065    20.0090   7.421383   7.416518    20.0060    20.0085     4.5714     4.5680     1.6804     1.6772     8.8002     8.3975    274.550    261.985     2.5751     2.3516     0.0940     1.3254     3.1880     0.6911     0.0000 -124.00282   46.25176      15.51         10  0.000e+00
      22787    949.417      2.935      2.960    20.0063    20.0088   7.421383   7.416440    20.0059    20.0084     4.5714     4.5679     1.6804     1.6772     8.8002     8.3975    274.550    261.986     2.5751     2.3516     0.0940     1.3254     3.1893     0.6911     0.0000 -124.00282   46.25176      15.51         10  0.000e+00
      22788    949.458      2.935      2.959    20.0065    20.0088   7.421461   7.416596    20.0060    20.0083     4.5715     4.5680     1.6804     1.6773     8.8002     8.3975    274.549    261.986     2.5751     2.3516     0.0940     1.3254     3.1893     0.6923     0.0000 -124.00282   46.25176      15.51         10  0.000e+00
      22789    949.500      2.988      3.013    20.0061    20.0086   7.421383   7.416908    20.0056    20.0081     4.5715     4.5682     1.6805     1.6775     8.7952     8.4031    274.392    262.161     2.5739     2.3529     0.0928     1.2949     3.1893     0.6911     0.0000 -124.00282   46.25176      15.51         10  0.000e+00
      22790    949.542      2.935      2.959    20.0063    20.0090   7.421461   7.417181    20.0059    20.0086     4.5715     4.5684     1.6805     1.6775     8.7899     8.3974    274.229    261.984     2.5726     2.3516     0.0928     1.2949     3.1893     0.6923     0.0000 -124.00282   46.25176      15.51         10  0.000e+00
      22791    949.583      2.935      2.959    20.0065    20.0091   7.421422   7.417375    20.0060    20.0087     4.5715     4.5685     1.6804     1.6776     8.7899     8.3974    274.228    261.983     2.5726     2.3516     0.0916     1.2644     3.1893     0.6911     0.0000 -124.00282   46.25176      15.51         10  0.000e+00
      22792    949.625      2.935      2.959    20.0065    20.0090   7.421344   7.417531    20.0060    20.0085     4.5714     4.5686     1.6804     1.6777     8.7899     8.3974    274.228    261.984     2.5726     2.3516     0.0916     1.2644     3.1893     0.6923     0.0000 -124.00282   46.25176      15.51         10  0.000e+00
      22793    949.667      2.935      2.959    20.0065    20.0090   7.421344   7.417609    20.0060    20.0086     4.5714     4.5687     1.6804     1.6777     8.7848     8.3974    274.067    261.983     2.5714     2.3516     0.0916     1.2644     3.1893     0.6911     0.0000 -124.00282   46.25176      15.51         10  0.000e+00
      22794    949.708      2.935      2.959    20.0066    20.0090   7.421539   7.417609    20.0062    20.0085     4.5715     4.5687     1.6804     1.6778     8.7847     8.3974    274.066    261.984     2.5714     2.3516     0.0916     1.2644     3.1893     0.6923     0.0000 -124.00282   46.25176      15.51         10  0.000e+00
      22795    949.750      2.955      2.979    20.0065    20.0090   7.421734   7.417882    20.0060    20.0085     4.5717     4.5689     1.6806     1.6779     8.7848     8.4030    274.068    262.157     2.5714     2.3529     0.0928     1.2949     3.1893     0.6923     0.0000 -124.00282   46.25176      15.51         10  0.000e+00
      22796    949.792      2.935      2.959    20.0068    20.0088   7.421578   7.417531    20.0064    20.0084     4.5715     4.5686     1.6804     1.6778     8.7796     8.3974    273.905    261.984     2.5702     2.3516     0.0928     1.2949     3.1893     0.6923     0.0000 -124.00282   46.25178      15.51         10  0.000e+00
      22797    949.833      2.935      2.959    20.0066    20.0090   7.421266   7.417025    20.0062    20.0085     4.5713     4.5683     1.6803     1.6775     8.7745     8.4030    273.746    262.157     2.5690     2.3529     0.0916     1.2644     3.1893     0.6923     0.0000 -124.00282   46.25178      15.51         10  0.000e+00
      22798    949.875      2.935      2.959    20.0066    20.0090   7.420914   7.416713    20.0062    20.0085     4.5711     4.5681     1.6801     1.6773     8.7745     8.3975    273.746    261.985     2.5690     2.3516     0.0928     1.2949     3.1893     0.6923     0.0000 -124.00282   46.25178      15.51         10  0.000e+00
      22799    949.917      2.935      2.959    20.0065    20.0092   7.421109   7.416479    20.0060    20.0087     4.5712     4.5679     1.6803     1.6771     8.7745     8.4030    273.747    262.157     2.5690     2.3529     0.0916     1.2644     3.1893     0.6911     0.0000 -124.00282   46.25178      15.51         10  0.000e+00
      22800    949.958      2.935      2.959    20.0063    20.0093   7.422047   7.415973    20.0059    20.0088     4.5719     4.5676     1.6808     1.6769     8.7745     8.4030    273.746    262.157     2.5690     2.3529     0.0928     1.2949     3.1880     0.6911     0.0000 -124.00282   46.25178      15.51         10  0.000e+00
      22801    950.000      2.935      2.959    20.0058    20.0091   7.423141   7.415895    20.0053    20.0087     4.5727     4.5675     1.6815     1.6769     8.7694     8.4030    273.587    262.158     2.5678     2.3529     0.0916     1.2644     3.1893     0.6911     0.0000 -124.00282   46.25178      15.51         10  0.000e+00
      22802    950.042      2.935      2.959    20.0061    20.0092   7.423884   7.415739    20.0057    20.0087     4.5731     4.5674     1.6818     1.6768     8.7745     8.4030    273.745    262.158     2.5690     2.3529     0.0928     1.2949     3.1880     0.6911     0.0000 -124.00282   46.25178      15.51         10  0.000e+00
      22803    950.083      2.935      2.959    20.0059    20.0091   7.424040   7.415700    20.0055    20.0087     4.5732     4.5674     1.6819     1.6768     8.7745     8.4086    273.746    262.331     2.5690     2.3541     0.0916     1.2644     3.1893     0.6923     0.0000 -124.00282   46.25178      15.51         10  0.000e+00
      22804    950.125      2.902      2.926    20.0061    20.0091   7.423923   7.416245    20.0057    20.0087     4.5731     4.5678     1.6818     1.6770     8.7693     8.3974    273.583    261.983     2.5678     2.3516     0.0916     1.2644     3.1893     0.6911     0.0000 -124.00282   46.25178      15.51         10  0.000e+00
      22805    950.167      2.935      2.959    20.0061    20.0088   7.423610   7.416440    20.0057    20.0084     4.5729     4.5679     1.6816     1.6772     8.7642     8.4030    273.424    262.159     2.5665     2.3529     0.0928     1.2949     3.1880     0.6911     0.0000 -124.00282   46.25178      15.51         10  0.000e+00
      22806    950.208      2.935      2.959    20.0063    20.0088   7.423298   7.416518    20.0059    20.0083     4.5727     4.5680     1.6814     1.6773     8.7641     8.4086    273.424    262.332     2.5665     2.3541     0.0928     1.2949     3.1880     0.6911     0.0000 -124.00282   46.25178      15.51         10  0.000e+00
      22807    950.250      2.888      2.912    20.0063    20.0088   7.422751   7.416791    20.0058    20.0083     4.5724     4.5682     1.6811     1.6774     8.7693     8.3974    273.584    261.984     2.5678     2.3516     0.0916     1.2644     3.1893     0.6923     0.0000 -124.00282   46.25178      15.53         10  0.000e+00
      22808    950.292      2.935      2.959    20.0063    20.0082   7.422360   7.417804    20.0059    20.0077     4.5721     4.5689     1.6809     1.6781     8.7693     8.4086    273.585    262.334     2.5678     2.3541     0.0916     1.2644     3.1893     0.6923     0.0000 -124.00282   46.25178      15.53         10  0.000e+00
