West Coast/WCOA-7/CTD_Data/RB2102_CTD_093_01.ros
* Sea-Bird SBE 9 Data File:
* FileName = C:\Users\scs.user.rb\CTD\RB2102\Data\RB2102_CTD_093_01.hex
* Software Version Seasave V 7.26.7.107
* Temperature SN = 6202
* Conductivity SN = 4907
* Number of Bytes Per Scan = 41
* Number of Voltage Words = 4
* Number of Scans Averaged by the Deck Unit = 1
* NMEA Latitude = 37 43.08 N
* NMEA Longitude = 122 48.87 W
* NMEA UTC (Time) = Jul 13 2021  01:48:44
* NMEA baud rate = 4800
# nquan = 30
# nvalues = 525                                   
# units = specified
# name 0 = scan: Scan Count
# name 1 = timeS: Time, Elapsed [seconds]
# name 2 = depSM: Depth [salt water, m]
# name 3 = prDM: Pressure, Digiquartz [db]
# name 4 = t090C: Temperature [ITS-90, deg C]
# name 5 = t190C: Temperature, 2 [ITS-90, deg C]
# name 6 = c0mS/cm: Conductivity [mS/cm]
# name 7 = c1mS/cm: Conductivity, 2 [mS/cm]
# name 8 = potemp090C: Potential Temperature [ITS-90, deg C]
# name 9 = potemp190C: Potential Temperature, 2 [ITS-90, deg C]
# name 10 = sal00: Salinity, Practical [PSU]
# name 11 = sal11: Salinity, Practical, 2 [PSU]
# name 12 = sigma-é00: Density [sigma-theta, kg/m^3]
# name 13 = sigma-é11: Density, 2 [sigma-theta, kg/m^3]
# name 14 = sbeox0Mg/L: Oxygen, SBE 43 [mg/l]
# name 15 = sbeox1Mg/L: Oxygen, SBE 43, 2 [mg/l]
# name 16 = sbox0Mm/Kg: Oxygen, SBE 43 [umol/kg]
# name 17 = sbox1Mm/Kg: Oxygen, SBE 43, 2 [umol/kg]
# name 18 = sbeox0V: Oxygen raw, SBE 43 [V]
# name 19 = sbeox1V: Oxygen raw, SBE 43, 2 [V]
# name 20 = v4: Voltage 4
# name 21 = flECO-AFL: Fluorescence, WET Labs ECO-AFL/FL [mg/m^3]
# name 22 = v3: Voltage 3
# name 23 = v6: Voltage 6
# name 24 = v7: Voltage 7
# name 25 = longitude: Longitude [deg]
# name 26 = latitude: Latitude [deg]
# name 27 = altM: Altimeter [m]
# name 28 = nbf: Bottles Fired
# name 29 = flag:  0.000e+00
# interval = seconds: 0.0416667
# start_time = Jul 13 2021 01:48:44 [NMEA time, header]
# bad_flag = -9.990e-29
*END*
[from data line 339]
      23441    976.667      9.876      9.950    12.3066    12.3140  39.024966  39.028753    12.3054    12.3127    33.7679    33.7649    25.5740    25.5703     9.3084     9.6086    283.638    292.788     2.7363     2.6410     0.2589     5.4463     3.3333     0.1099     0.1306 -122.81486   37.71770      48.79          8  0.000e+00
      23442    976.708      9.816      9.890    12.3068    12.3144  39.025097  39.028753    12.3055    12.3131    33.7678    33.7646    25.5740    25.5700     9.3032     9.6140    283.481    292.951     2.7350     2.6422     0.2589     5.4463     3.3333     0.1087     0.1294 -122.81486   37.71770      48.79          8  0.000e+00
      23443    976.750      9.862      9.937    12.3071    12.3144  39.024966  39.028753    12.3058    12.3131    33.7674    33.7645    25.5736    25.5700     9.3083     9.6141    283.635    292.953     2.7363     2.6422     0.2589     5.4463     3.3333     0.1074     0.1282 -122.81486   37.71770      48.79          8  0.000e+00
      23444    976.792      9.816      9.890    12.3070    12.3147  39.025097  39.029409    12.3057    12.3134    33.7677    33.7649    25.5739    25.5702     9.3083     9.6084    283.634    292.781     2.7363     2.6410     0.2589     5.4463     3.3333     0.1062     0.1282 -122.81488   37.71770      48.79          8  0.000e+00
      23445    976.833      9.823      9.897    12.3070    12.3142  39.024966  39.029671    12.3057    12.3129    33.7676    33.7656    25.5737    25.5708     9.3083     9.6140    283.634    292.950     2.7363     2.6422     0.2589     5.4463     3.3333     0.1062     0.1270 -122.81488   37.71770      48.79          8  0.000e+00
      23446    976.875      9.816      9.890    12.3068    12.3140  39.025097  39.029474    12.3055    12.3127    33.7678    33.7656    25.5740    25.5708     9.3032     9.6140    283.481    292.951     2.7350     2.6422     0.2589     5.4463     3.3333     0.1087     0.1306 -122.81488   37.71770      48.82          8  0.000e+00
      23447    976.917      9.816      9.890    12.3066    12.3135  39.024769  39.029146    12.3054    12.3122    33.7677    33.7657    25.5739    25.5710     9.3033     9.6141    283.482    292.954     2.7350     2.6422     0.2589     5.4463     3.3346     0.1087     0.1306 -122.81488   37.71770      48.86          8  0.000e+00
      23448    976.958      9.816      9.890    12.3063    12.3129  39.024769  39.029081    12.3050    12.3116    33.7680    33.7663    25.5742    25.5716     9.3084     9.6142    283.638    292.957     2.7363     2.6422     0.2589     5.4463     3.3333     0.1062     0.1282 -122.81488   37.71770      48.86          8  0.000e+00
      23449    977.000      9.776      9.850    12.3066    12.3127  39.024637  39.029081    12.3054    12.3114    33.7676    33.7664    25.5738    25.5718     9.3032     9.6142    283.481    292.957     2.7350     2.6422     0.2589     5.4463     3.3333     0.1074     0.1282 -122.81488   37.71770      48.86          8  0.000e+00
      23450    977.042      9.816      9.890    12.3065    12.3127  39.024769  39.028556    12.3052    12.3114    33.7678    33.7659    25.5741    25.5713     9.3084     9.6143    283.637    292.959     2.7363     2.6422     0.2589     5.4463     3.3333     0.1074     0.1282 -122.81488   37.71770      48.86          8  0.000e+00
      23451    977.083      9.816      9.890    12.3066    12.3129  39.024900  39.029146    12.3054    12.3116    33.7678    33.7663    25.5740    25.5716     9.3033     9.6142    283.482    292.957     2.7350     2.6422     0.2589     5.4463     3.3333     0.1074     0.1282 -122.81488   37.71770      48.86          8  0.000e+00
      23452    977.125      9.763      9.837    12.3066    12.3135  39.024834  39.029409    12.3054    12.3122    33.7678    33.7660    25.5740    25.5712     9.3032     9.6140    283.480    292.952     2.7350     2.6422     0.2589     5.4463     3.3333     0.1099     0.1319 -122.81488   37.71770      48.89          8  0.000e+00
      23453    977.167      9.776      9.850    12.3066    12.3137  39.024440  39.029606    12.3054    12.3124    33.7674    33.7660    25.5737    25.5713     9.3033     9.6140    283.481    292.951     2.7350     2.6422     0.2589     5.4463     3.3346     0.1099     0.1319 -122.81488   37.71770      48.94          8  0.000e+00
      23454    977.208      9.763      9.837    12.3066    12.3140  39.024440  39.030130    12.3054    12.3127    33.7674    33.7662    25.5737    25.5713     9.3032     9.6139    283.481    292.948     2.7350     2.6422     0.2589     5.4463     3.3321     0.1074     0.1294 -122.81488   37.71770      48.96          8  0.000e+00
      23455    977.250      9.763      9.837    12.3063    12.3144  39.024046  39.030130    12.3050    12.3131    33.7673    33.7659    25.5737    25.5710     9.3033     9.6139    283.483    292.946     2.7350     2.6422     0.2589     5.4463     3.3333     0.1074     0.1306 -122.81488   37.71770      48.96          8  0.000e+00
      23456    977.292      9.763      9.837    12.3063    12.3147  39.024309  39.030590    12.3050    12.3134    33.7676    33.7661    25.5739    25.5711     9.3033     9.6138    283.483    292.944     2.7350     2.6422     0.2576     5.4158     3.3346     0.1074     0.1294 -122.81488   37.71770      48.96          8  0.000e+00
      23457    977.333      9.763      9.837    12.3063    12.3149  39.024046  39.030524    12.3051    12.3136    33.7673    33.7658    25.5736    25.5709     9.3033     9.6137    283.483    292.943     2.7350     2.6422     0.2589     5.4463     3.3346     0.1087     0.1306 -122.81488   37.71770      48.96          8  0.000e+00
      23458    977.375      9.730      9.803    12.3063    12.3150  39.024309  39.030458    12.3050    12.3138    33.7676    33.7656    25.5739    25.5707     9.3033     9.6137    283.481    292.941     2.7350     2.6422     0.2589     5.4463     3.3333     0.1074     0.1306 -122.81488   37.71770      48.96          8  0.000e+00
      23459    977.417      9.763      9.837    12.3062    12.3152  39.023718  39.030196    12.3049    12.3139    33.7671    33.7652    25.5736    25.5704     9.3034     9.6137    283.484    292.942     2.7350     2.6422     0.2576     5.4158     3.3346     0.1074     0.1294 -122.81488   37.71770      48.99          8  0.000e+00
      23460    977.458      9.717      9.790    12.3051    12.3144  39.023521  39.029802    12.3039    12.3131    33.7679    33.7656    25.5743    25.5708     9.3035     9.6138    283.487    292.945     2.7350     2.6422     0.2589     5.4463     3.3321     0.1074     0.1294 -122.81488   37.71770      48.99          8  0.000e+00
      23461    977.500      9.763      9.837    12.3048    12.3137  39.023456  39.029474    12.3036    12.3124    33.7681    33.7659    25.5745    25.5712     9.3036     9.6140    283.490    292.951     2.7350     2.6422     0.2576     5.4158     3.3333     0.1062     0.1282 -122.81488   37.71770      48.99          8  0.000e+00
      23462    977.542      9.730      9.804    12.3043    12.3133  39.022274  39.029146    12.3030    12.3121    33.7674    33.7659    25.5741    25.5712     9.2986     9.6140    283.340    292.952     2.7338     2.6422     0.2515     5.2632     3.3321     0.1087     0.1319 -122.81488   37.71770      48.99          8  0.000e+00
      23463    977.583      9.763      9.837    12.3036    12.3129  39.021749  39.029277    12.3024    12.3116    33.7675    33.7665    25.5743    25.5717     9.3038     9.6141    283.499    292.955     2.7350     2.6422     0.2454     5.1105     3.3346     0.1087     0.1319 -122.81488   37.71770      48.99          8  0.000e+00
      23464    977.625      9.717      9.790    12.3028    12.3129  39.021552  39.029343    12.3015    12.3116    33.7681    33.7665    25.5749    25.5718     9.2989     9.6141    283.347    292.953     2.7338     2.6422     0.2442     5.0800     3.3321     0.1099     0.1319 -122.81488   37.71770      49.04          8  0.000e+00
      23465    977.667      9.717      9.790    12.3023    12.3125  39.021421  39.029343    12.3010    12.3112    33.7684    33.7669    25.5753    25.5721     9.2989     9.6141    283.349    292.955     2.7338     2.6422     0.2442     5.0800     3.3333     0.1087     0.1319 -122.81488   37.71770      49.06          8  0.000e+00
      23466    977.708      9.777      9.850    12.3017    12.3124  39.021027  39.029409    12.3004    12.3111    33.7686    33.7670    25.5755    25.5723     9.2991     9.6142    283.355    292.957     2.7338     2.6422     0.2442     5.0800     3.3346     0.1087     0.1319 -122.81488   37.71770      49.06          8  0.000e+00
      23467    977.750      9.717      9.790    12.3003    12.3124  39.020502  39.029409    12.2991    12.3111    33.7693    33.7671    25.5764    25.5723     9.2993     9.6142    283.360    292.955     2.7338     2.6422     0.2454     5.1105     3.3333     0.1099     0.1331 -122.81488   37.71770      49.06          8  0.000e+00
      23468    977.792      9.717      9.790    12.3000    12.3125  39.020239  39.029146    12.2987    12.3113    33.7694    33.7666    25.5765    25.5719     9.2994     9.6141    283.362    292.955     2.7338     2.6422     0.2442     5.0800     3.3346     0.1074     0.1294 -122.81488   37.71770      49.06          8  0.000e+00
      23469    977.833      9.717      9.790    12.3000    12.3125  39.020042  39.028818    12.2987    12.3112    33.7692    33.7664    25.5763    25.5717     9.2994     9.6142    283.362    292.956     2.7338     2.6422     0.2442     5.0800     3.3321     0.1062     0.1282 -122.81488   37.71770      49.06          8  0.000e+00
      23470    977.875      9.717      9.790    12.2997    12.3120  39.019845  39.028949    12.2984    12.3108    33.7692    33.7669    25.5764    25.5722     9.2994     9.6142    283.364    292.958     2.7338     2.6422     0.2442     5.0800     3.3346     0.1062     0.1270 -122.81488   37.71770      49.08          8  0.000e+00
      23471    977.917      9.730      9.804    12.2997    12.3117  39.019714  39.028556    12.2984    12.3104    33.7691    33.7668    25.5764    25.5723     9.2994     9.6143    283.364    292.961     2.7338     2.6422     0.2442     5.0800     3.3333     0.1074     0.1294 -122.81488   37.71770      49.11          8  0.000e+00
      23472    977.958      9.717      9.790    12.2991    12.3115  39.018992  39.028096    12.2979    12.3102    33.7689    33.7666    25.5763    25.5721     9.2996     9.6144    283.368    292.962     2.7338     2.6422     0.2442     5.0800     3.3321     0.1074     0.1294 -122.81488   37.71770      49.11          8  0.000e+00
      23473    978.000      9.717      9.790    12.2990    12.3107  39.019451  39.027768    12.2977    12.3094    33.7695    33.7670    25.5767    25.5726     9.2995     9.6145    283.367    292.966     2.7338     2.6422     0.2442     5.0800     3.3346     0.1074     0.1294 -122.81488   37.71770      49.11          8  0.000e+00
      23474    978.042      9.717      9.790    12.2991    12.3102  39.019517  39.027440    12.2979    12.3089    33.7694    33.7671    25.5767    25.5727     9.2995     9.6091    283.367    292.802     2.7338     2.6410     0.2442     5.0800     3.3346     0.1074     0.1294 -122.81488   37.71770      49.13          8  0.000e+00
      23475    978.083      9.730      9.804    12.2997    12.3095  39.019911  39.027309    12.2984    12.3083    33.7693    33.7676    25.5765    25.5732     9.2994     9.6093    283.364    292.806     2.7338     2.6410     0.2442     5.0800     3.3346     0.1074     0.1294 -122.81488   37.71770      49.13          8  0.000e+00
      23476    978.125      9.717      9.790    12.2995    12.3085  39.019648  39.026522    12.2982    12.3072    33.7692    33.7678    25.5765    25.5736     9.2995     9.6095    283.365    292.812     2.7338     2.6410     0.2442     5.0800     3.3346     0.1062     0.1282 -122.81488   37.71770      49.11          8  0.000e+00
      23477    978.167      9.763      9.837    12.2999    12.3073  39.020174  39.026325    12.2986    12.3061    33.7694    33.7686    25.5765    25.5745     9.2994     9.6097    283.364    292.819     2.7338     2.6410     0.2442     5.0800     3.3346     0.1062     0.1282 -122.81488   37.71770      49.08          8  0.000e+00
      23478    978.208      9.717      9.790    12.3003    12.3067  39.020436  39.025800    12.2991    12.3054    33.7692    33.7687    25.5763    25.5746     9.2993     9.6153    283.360    292.989     2.7338     2.6422     0.2454     5.1105     3.3333     0.1074     0.1294 -122.81488   37.71770      49.08          8  0.000e+00
      23479    978.250      9.730      9.804    12.3006    12.3062  39.020108  39.025407    12.2993    12.3049    33.7687    33.7688    25.5759    25.5748     9.2993     9.6099    283.360    292.825     2.7338     2.6410     0.2454     5.1105     3.3333     0.1087     0.1319 -122.81488   37.71770      49.08          8  0.000e+00
      26145   1089.333      3.762      3.790    12.3443    12.3447  39.050416  39.051499    12.3438    12.3442    33.7611    33.7617    25.5614    25.5618     9.3949     9.6660    286.277    294.538     2.7607     2.6569     0.2369     4.8969     3.3309     0.2039     0.1551 -122.81494   37.71764      54.97          9  0.000e+00
      26146   1089.375      3.716      3.744    12.3445    12.3447  39.050285  39.051499    12.3440    12.3442    33.7607    33.7617    25.5611    25.5618     9.3948     9.6659    286.275    294.536     2.7607     2.6569     0.2381     4.9274     3.3309     0.2076     0.1575 -122.81494   37.71764      55.02          9  0.000e+00
      26147   1089.417      3.928      3.957    12.3443    12.3447  39.050351  39.051499    12.3438    12.3442    33.7609    33.7617    25.5613    25.5618     9.3951     9.6717    286.284    294.711     2.7607     2.6581     0.2369     4.8969     3.3309     0.2076     0.1575 -122.81494   37.71764      55.12          9  0.000e+00
      26148   1089.458      3.762      3.790    12.3444    12.3447  39.050548  39.051499    12.3439    12.3442    33.7611    33.7617    25.5614    25.5618     9.3949     9.6660    286.277    294.538     2.7607     2.6569     0.2369     4.8969     3.3309     0.2076     0.1575 -122.81494   37.71764      55.14          9  0.000e+00
      26149   1089.500      3.808      3.837    12.3445    12.3447  39.050613  39.051499    12.3440    12.3442    33.7610    33.7617    25.5613    25.5618     9.3949     9.6661    286.278    294.539     2.7607     2.6569     0.2369     4.8969     3.3309     0.2076     0.1563 -122.81494   37.71764      55.12          9  0.000e+00
      26150   1089.542      3.861      3.890    12.3443    12.3449  39.050876  39.051630    12.3438    12.3444    33.7615    33.7617    25.5617    25.5617     9.3950     9.6661    286.280    294.541     2.7607     2.6569     0.2369     4.8969     3.3309     0.2039     0.1551 -122.81494   37.71764      55.12          9  0.000e+00
      26151   1089.583      3.861      3.890    12.3445    12.3447  39.050745  39.051827    12.3440    12.3442    33.7611    33.7620    25.5614    25.5620     9.3899     9.6661    286.126    294.541     2.7595     2.6569     0.2369     4.8969     3.3321     0.2051     0.1551 -122.81494   37.71764      55.12          9  0.000e+00
      26152   1089.625      3.808      3.837    12.3442    12.3450  39.050154  39.051893    12.3437    12.3445    33.7609    33.7618    25.5612    25.5618     9.3899     9.6660    286.126    294.537     2.7595     2.6569     0.2381     4.9274     3.3297     0.2076     0.1575 -122.81494   37.71764      55.12          9  0.000e+00
