West Coast/WCOA-7/CTD_Data/RB2102_CTD_122_01.ros
* Sea-Bird SBE 9 Data File:
* FileName = C:\Users\scs.user.rb\CTD\RB2102\Data\RB2102_CTD_122_01.hex
* Software Version Seasave V 7.26.7.107
* Temperature SN = 6202
* Conductivity SN = 4907
* Number of Bytes Per Scan = 41
* Number of Voltage Words = 4
* Number of Scans Averaged by the Deck Unit = 1
* NMEA Latitude = 34 09.50 N
* NMEA Longitude = 119 43.00 W
* NMEA UTC (Time) = Jul 19 2021  13:10:52
* NMEA baud rate = 4800
# nquan = 30
# nvalues = 833                                   
# units = specified
# name 0 = scan: Scan Count
# name 1 = timeS: Time, Elapsed [seconds]
# name 2 = depSM: Depth [salt water, m]
# name 3 = prDM: Pressure, Digiquartz [db]
# name 4 = t090C: Temperature [ITS-90, deg C]
# name 5 = t190C: Temperature, 2 [ITS-90, deg C]
# name 6 = c0mS/cm: Conductivity [mS/cm]
# name 7 = c1mS/cm: Conductivity, 2 [mS/cm]
# name 8 = potemp090C: Potential Temperature [ITS-90, deg C]
# name 9 = potemp190C: Potential Temperature, 2 [ITS-90, deg C]
# name 10 = sal00: Salinity, Practical [PSU]
# name 11 = sal11: Salinity, Practical, 2 [PSU]
# name 12 = sigma-é00: Density [sigma-theta, kg/m^3]
# name 13 = sigma-é11: Density, 2 [sigma-theta, kg/m^3]
# name 14 = sbeox0Mg/L: Oxygen, SBE 43 [mg/l]
# name 15 = sbeox1Mg/L: Oxygen, SBE 43, 2 [mg/l]
# name 16 = sbox0Mm/Kg: Oxygen, SBE 43 [umol/kg]
# name 17 = sbox1Mm/Kg: Oxygen, SBE 43, 2 [umol/kg]
# name 18 = sbeox0V: Oxygen raw, SBE 43 [V]
# name 19 = sbeox1V: Oxygen raw, SBE 43, 2 [V]
# name 20 = v4: Voltage 4
# name 21 = flECO-AFL: Fluorescence, WET Labs ECO-AFL/FL [mg/m^3]
# name 22 = v3: Voltage 3
# name 23 = v6: Voltage 6
# name 24 = v7: Voltage 7
# name 25 = longitude: Longitude [deg]
# name 26 = latitude: Latitude [deg]
# name 27 = altM: Altimeter [m]
# name 28 = nbf: Bottles Fired
# name 29 = flag:  0.000e+00
# interval = seconds: 0.0416667
# start_time = Jul 19 2021 13:10:52 [NMEA time, header]
# bad_flag = -9.990e-29
*END*
[from data line 726]
      82609   3442.000     10.486     10.562    18.5143    18.5078  44.737032  44.731820    18.5125    18.5060    33.5816    33.5825    24.0597    24.0620     8.6405     8.0665    263.675    246.158     2.8510     2.5470     0.0830     1.0507     3.2247     0.0000     0.0635 -119.71686   34.15946      99.85         15  0.000e+00
      82610   3442.042     10.526     10.602    18.5148    18.5081  44.736963  44.731821    18.5130    18.5062    33.5811    33.5823    24.0592    24.0618     8.6449     8.0665    263.811    246.159     2.8523     2.5470     0.0830     1.0507     3.2234     0.0000     0.0635 -119.71686   34.15946      99.85         15  0.000e+00
      82611   3442.083     10.526     10.602    18.5158    18.5080  44.736824  44.731751    18.5139    18.5062    33.5803    33.5823    24.0583    24.0618     8.6404     8.0665    263.672    246.159     2.8510     2.5470     0.0830     1.0507     3.2234     0.0000     0.0635 -119.71686   34.15946      99.83         15  0.000e+00
      82612   3442.125     10.486     10.562    18.5164    18.5080  44.736824  44.731474    18.5145    18.5062    33.5798    33.5821    24.0578    24.0616     8.6447     8.0665    263.804    246.158     2.8523     2.5470     0.0830     1.0507     3.2247     0.0000     0.0647 -119.71686   34.15946      99.85         15  0.000e+00
      82613   3442.167     10.526     10.602    18.5171    18.5077  44.737171  44.731127    18.5152    18.5058    33.5795    33.5821    24.0574    24.0617     8.6491     8.0666    263.939    246.161     2.8535     2.5470     0.0830     1.0507     3.2234     0.0000     0.0647 -119.71686   34.15946      99.83         15  0.000e+00
      82614   3442.208     10.526     10.602    18.5171    18.5079  44.737171  44.731890    18.5152    18.5060    33.5795    33.5826    24.0574    24.0620     8.6491     8.0665    263.939    246.159     2.8535     2.5470     0.0830     1.0507     3.2234     0.0000     0.0635 -119.71686   34.15946      99.83         15  0.000e+00
      82615   3442.250     10.526     10.602    18.5171    18.5085  44.736893  44.732167    18.5153    18.5067    33.5792    33.5823    24.0571    24.0616     8.6491     8.0664    263.939    246.157     2.8535     2.5470     0.0830     1.0507     3.2234     0.0000     0.0635 -119.71686   34.15946      99.85         15  0.000e+00
      82616   3442.292     10.533     10.609    18.5173    18.5098  44.737032  44.732029    18.5154    18.5079    33.5792    33.5811    24.0571    24.0604     8.6402     8.0663    263.666    246.153     2.8510     2.5470     0.0830     1.0507     3.2234     0.0000     0.0635 -119.71686   34.15946      99.83         15  0.000e+00
      82617   3442.333     10.473     10.549    18.5171    18.5105  44.736962  44.732098    18.5152    18.5087    33.5793    33.5806    24.0573    24.0599     8.6446     8.0661    263.801    246.148     2.8523     2.5470     0.0830     1.0507     3.2234     0.0000     0.0635 -119.71686   34.15946      99.85         15  0.000e+00
      85602   3566.708      3.428      3.453    18.5166    18.5181  44.733393  44.735604    18.5160    18.5175    33.5793    33.5799    24.0570    24.0571     8.6327     8.0820    263.437    246.632     2.8510     2.5531     0.0781     0.9286     3.2198     0.0110     0.0842 -119.71686   34.15954      99.85         16  0.000e+00
      85603   3566.750      3.282      3.306    18.5164    18.5177  44.733739  44.735465    18.5158    18.5172    33.5798    33.5801    24.0575    24.0574     8.6325     8.0819    263.432    246.629     2.8510     2.5531     0.0781     0.9286     3.2210     0.0110     0.0806 -119.71686   34.15954      99.85         16  0.000e+00
      85604   3566.792      3.375      3.399    18.5162    18.5175  44.733462  44.735465    18.5156    18.5170    33.5797    33.5803    24.0574    24.0575     8.6326     8.0820    263.436    246.632     2.8510     2.5531     0.0781     0.9286     3.2210     0.0110     0.0806 -119.71686   34.15954      99.85         16  0.000e+00
      85605   3566.833      3.428      3.453    18.5165    18.5174  44.733601  44.735812    18.5159    18.5168    33.5796    33.5807    24.0573    24.0579     8.6282     8.0869    263.301    246.781     2.8498     2.5543     0.0781     0.9286     3.2198     0.0110     0.0818 -119.71686   34.15954      99.85         16  0.000e+00
      85606   3566.875      3.295      3.319    18.5164    18.5174  44.733253  44.735326    18.5158    18.5168    33.5794    33.5803    24.0571    24.0576     8.6281     8.0819    263.297    246.631     2.8498     2.5531     0.0781     0.9286     3.2210     0.0110     0.0818 -119.71686   34.15954      89.84         16  0.000e+00
      85607   3566.917      3.375      3.399    18.5164    18.5172  44.733254  44.735743    18.5158    18.5166    33.5794    33.5808    24.0571    24.0580     8.6282     8.0820    263.300    246.633     2.8498     2.5531     0.0781     0.9286     3.2210     0.0110     0.0818 -119.71686   34.15954      77.88         16  0.000e+00
      85608   3566.958      3.329      3.353    18.5166    18.5174  44.733600  44.735604    18.5160    18.5168    33.5795    33.5805    24.0572    24.0578     8.6281     8.0820    263.297    246.631     2.8498     2.5531     0.0781     0.9286     3.2210     0.0110     0.0830 -119.71686   34.15954      75.26         16  0.000e+00
      85609   3567.000      3.329      3.353    18.5166    18.5174  44.733392  44.735257    18.5160    18.5168    33.5793    33.5802    24.0570    24.0576     8.6281     8.0820    263.297    246.632     2.8498     2.5531     0.0781     0.9286     3.2210     0.0122     0.0830 -119.71686   34.15954      75.97         16  0.000e+00
      85610   3567.042      3.329      3.353    18.5169    18.5174  44.733947  44.734771    18.5163    18.5168    33.5795    33.5798    24.0571    24.0572     8.6280     8.0820    263.296    246.632     2.8498     2.5531     0.0781     0.9286     3.2198     0.0122     0.0842 -119.71686   34.15954      76.51         16  0.000e+00
      85611   3567.083      3.282      3.306    18.5169    18.5172  44.733808  44.735326    18.5163    18.5166    33.5794    33.5804    24.0570    24.0577     8.6280     8.0819    263.294    246.631     2.8498     2.5531     0.0781     0.9286     3.2198     0.0122     0.0855 -119.71686   34.15954      77.90         16  0.000e+00
      85612   3567.125      3.375      3.399    18.5169    18.5172  44.733948  44.735534    18.5163    18.5166    33.5795    33.5806    24.0571    24.0579     8.6281     8.0820    263.297    246.633     2.8498     2.5531     0.0781     0.9286     3.2198     0.0122     0.0842 -119.71686   34.15954      92.80         16  0.000e+00
      85613   3567.167      3.282      3.306    18.5169    18.5172  44.733670  44.735257    18.5163    18.5166    33.5793    33.5804    24.0570    24.0577     8.6325     8.0868    263.431    246.778     2.8510     2.5543     0.0781     0.9286     3.2210     0.0122     0.0830 -119.71686   34.15954     100.00         16  0.000e+00
      85614   3567.208      3.329      3.353    18.5169    18.5170  44.733947  44.735396    18.5164    18.5165    33.5795    33.5806    24.0571    24.0579     8.6325     8.0868    263.432    246.780     2.8510     2.5543     0.0769     0.8981     3.2210     0.0122     0.0830 -119.71686   34.15954     100.00         16  0.000e+00
      85615   3567.250      3.342      3.366    18.5171    18.5170  44.734086  44.735534    18.5165    18.5165    33.5795    33.5807    24.0571    24.0580     8.6325     8.0868    263.431    246.780     2.8510     2.5543     0.0769     0.8981     3.2210     0.0122     0.0830 -119.71686   34.15954      99.73         16  0.000e+00
      85616   3567.292      3.282      3.306    18.5169    18.5172  44.734086  44.735534    18.5163    18.5166    33.5797    33.5806    24.0572    24.0579     8.6324     8.0867    263.430    246.777     2.8510     2.5543     0.0769     0.8981     3.2198     0.0122     0.0830 -119.71686   34.15954      99.83         16  0.000e+00
      85617   3567.333      3.329      3.353    18.5167    18.5172  44.733878  44.735257    18.5162    18.5166    33.5796    33.5804    24.0572    24.0577     8.6325     8.0820    263.432    246.632     2.8510     2.5531     0.0769     0.8981     3.2210     0.0098     0.0818 -119.71686   34.15954      99.83         16  0.000e+00
      85618   3567.375      3.329      3.353    18.5169    18.5174  44.733462  44.735395    18.5164    18.5168    33.5791    33.5804    24.0568    24.0576     8.6325     8.0820    263.432    246.632     2.8510     2.5531     0.0769     0.8981     3.2210     0.0061     0.0769 -119.71686   34.15954      99.83         16  0.000e+00
      85619   3567.417      3.282      3.306    18.5169    18.5170  44.733878  44.735465    18.5163    18.5165    33.5795    33.5807    24.0571    24.0580     8.6324     8.0820    263.430    246.631     2.8510     2.5531     0.0769     0.8981     3.2210     0.0061     0.0769 -119.71686   34.15954      99.85         16  0.000e+00
      85620   3567.458      3.375      3.400    18.5171    18.5172  44.733878  44.735534    18.5165    18.5166    33.5793    33.5806    24.0569    24.0579     8.6325     8.0820    263.433    246.633     2.8510     2.5531     0.0769     0.8981     3.2198     0.0073     0.0781 -119.71686   34.15954      99.83         16  0.000e+00
      85621   3567.500      3.282      3.306    18.5167    18.5172  44.734017  44.735534    18.5162    18.5166    33.5797    33.5806    24.0573    24.0579     8.6325     8.0819    263.431    246.631     2.8510     2.5531     0.0769     0.8981     3.2210     0.0085     0.0794 -119.71686   34.15954      99.85         16  0.000e+00
      85622   3567.542      3.329      3.353    18.5168    18.5174  44.733253  44.735534    18.5162    18.5168    33.5790    33.5805    24.0568    24.0577     8.6325     8.0820    263.433    246.631     2.8510     2.5531     0.0769     0.8981     3.2198     0.0098     0.0806 -119.71686   34.15954      99.83         16  0.000e+00
      85623   3567.583      3.375      3.400    18.5169    18.5174  44.733531  44.735534    18.5163    18.5168    33.5792    33.5805    24.0569    24.0577     8.6326     8.0820    263.434    246.633     2.8510     2.5531     0.0769     0.8981     3.2198     0.0110     0.0818 -119.71686   34.15954      99.85         16  0.000e+00
      85624   3567.625      3.329      3.353    18.5167    18.5170  44.734086  44.735534    18.5162    18.5165    33.5798    33.5807    24.0574    24.0580     8.6280     8.0820    263.296    246.633     2.8498     2.5531     0.0769     0.8981     3.2210     0.0110     0.0830 -119.71686   34.15954      99.83         16  0.000e+00
      85625   3567.667      3.342      3.366    18.5166    18.5172  44.733531  44.734910    18.5160    18.5166    33.5794    33.5801    24.0571    24.0575     8.6281     8.0820    263.298    246.633     2.8498     2.5531     0.0769     0.8981     3.2210     0.0110     0.0818 -119.71686   34.15954      99.85         16  0.000e+00
      85626   3567.708      3.329      3.353    18.5168    18.5170  44.733323  44.735049    18.5162    18.5165    33.5791    33.5803    24.0568    24.0577     8.6281     8.0820    263.297    246.633     2.8498     2.5531     0.0769     0.8981     3.2198     0.0122     0.0830 -119.71686   34.15954      99.85         16  0.000e+00
      85627   3567.750      3.375      3.400    18.5164    18.5170  44.733462  44.735188    18.5158    18.5165    33.5795    33.5804    24.0573    24.0578     8.6282     8.0821    263.300    246.635     2.8498     2.5531     0.0769     0.8981     3.2222     0.0122     0.0830 -119.71686   34.15954      99.85         16  0.000e+00
      85628   3567.792      3.375      3.400    18.5162    18.5170  44.733323  44.735396    18.5156    18.5165    33.5795    33.5806    24.0573    24.0579     8.6282     8.0821    263.300    246.634     2.8498     2.5531     0.0769     0.8981     3.2198     0.0110     0.0818 -119.71686   34.15954      99.83         16  0.000e+00
      85629   3567.833      3.375      3.400    18.5159    18.5168  44.732698  44.734910    18.5153    18.5163    33.5793    33.5804    24.0572    24.0578     8.6238     8.0773    263.166    246.489     2.8486     2.5519     0.0769     0.8981     3.2210     0.0110     0.0818 -119.71686   34.15954      99.85         16  0.000e+00
      85630   3567.875      3.375      3.400    18.5157    18.5170  44.732282  44.735049    18.5151    18.5165    33.5791    33.5803    24.0571    24.0577     8.6238     8.0821    263.168    246.635     2.8486     2.5531     0.0769     0.8981     3.2198     0.0110     0.0806 -119.71686   34.15954      99.83         16  0.000e+00
      85631   3567.917      3.375      3.400    18.5156    18.5170  44.732837  44.735396    18.5150    18.5165    33.5797    33.5806    24.0576    24.0579     8.6238     8.0772    263.167    246.487     2.8486     2.5519     0.0769     0.8981     3.2210     0.0110     0.0806 -119.71686   34.15954      99.83         16  0.000e+00
      85632   3567.958      3.375      3.400    18.5155    18.5172  44.732699  44.735743    18.5149    18.5166    33.5796    33.5808    24.0575    24.0580     8.6238     8.0772    263.168    246.486     2.8486     2.5519     0.0769     0.8981     3.2210     0.0110     0.0806 -119.71686   34.15954      99.83         16  0.000e+00
      85633   3568.000      3.375      3.400    18.5155    18.5174  44.732837  44.735881    18.5149    18.5168    33.5797    33.5807    24.0576    24.0579     8.6283     8.0772    263.304    246.485     2.8498     2.5519     0.0769     0.8981     3.2210     0.0110     0.0794 -119.71686   34.15954      99.85         16  0.000e+00
      85634   3568.042      3.395      3.420    18.5157    18.5175  44.732490  44.735951    18.5151    18.5169    33.5793    33.5807    24.0572    24.0578     8.6239     8.0772    263.168    246.485     2.8486     2.5519     0.0769     0.8981     3.2210     0.0110     0.0781 -119.71686   34.15954      99.85         16  0.000e+00
      85635   3568.083      3.428      3.453    18.5158    18.5174  44.732768  44.735604    18.5152    18.5168    33.5794    33.5805    24.0573    24.0577     8.6239     8.0772    263.169    246.487     2.8486     2.5519     0.0769     0.8981     3.2210     0.0110     0.0781 -119.71686   34.15954      99.85         16  0.000e+00
      85636   3568.125      3.428      3.453    18.5157    18.5174  44.732976  44.735535    18.5151    18.5168    33.5797    33.5804    24.0575    24.0577     8.6194     8.0772    263.032    246.488     2.8474     2.5519     0.0769     0.8981     3.2198     0.0110     0.0781 -119.71686   34.15954      99.85         16  0.000e+00
      85637   3568.167      3.428      3.453    18.5159    18.5174  44.733184  44.735812    18.5153    18.5168    33.5797    33.5807    24.0575    24.0579     8.6238     8.0772    263.168    246.487     2.8486     2.5519     0.0769     0.8981     3.2198     0.0110     0.0794 -119.71686   34.15954      99.83         16  0.000e+00
      85638   3568.208      3.428      3.453    18.5162    18.5174  44.733462  44.736159    18.5156    18.5168    33.5796    33.5810    24.0574    24.0581     8.6238     8.0772    263.166    246.487     2.8486     2.5519     0.0769     0.8981     3.2210     0.0122     0.0794 -119.71686   34.15954      99.83         16  0.000e+00
      85639   3568.250      3.428      3.453    18.5168    18.5175  44.733670  44.736783    18.5162    18.5169    33.5794    33.5813    24.0570    24.0584     8.6237     8.0772    263.164    246.485     2.8486     2.5519     0.0781     0.9286     3.2198     0.0122     0.0794 -119.71686   34.15954      99.83         16  0.000e+00
