West Coast/WCOA-7/CTD_Data/RB2102_CTD_116_01.ros
* Sea-Bird SBE 9 Data File:
* FileName = C:\Users\scs.user.rb\CTD\RB2102\Data\RB2102_CTD_116_01.hex
* Software Version Seasave V 7.26.7.107
* Temperature SN = 6202
* Conductivity SN = 4907
* Number of Bytes Per Scan = 41
* Number of Voltage Words = 4
* Number of Scans Averaged by the Deck Unit = 1
* NMEA Latitude = 34 24.69 N
* NMEA Longitude = 120 34.76 W
* NMEA UTC (Time) = Jul 18 2021  14:40:45
* NMEA baud rate = 4800
# nquan = 30
# nvalues = 833                                   
# units = specified
# name 0 = scan: Scan Count
# name 1 = timeS: Time, Elapsed [seconds]
# name 2 = depSM: Depth [salt water, m]
# name 3 = prDM: Pressure, Digiquartz [db]
# name 4 = t090C: Temperature [ITS-90, deg C]
# name 5 = t190C: Temperature, 2 [ITS-90, deg C]
# name 6 = c0mS/cm: Conductivity [mS/cm]
# name 7 = c1mS/cm: Conductivity, 2 [mS/cm]
# name 8 = potemp090C: Potential Temperature [ITS-90, deg C]
# name 9 = potemp190C: Potential Temperature, 2 [ITS-90, deg C]
# name 10 = sal00: Salinity, Practical [PSU]
# name 11 = sal11: Salinity, Practical, 2 [PSU]
# name 12 = sigma-é00: Density [sigma-theta, kg/m^3]
# name 13 = sigma-é11: Density, 2 [sigma-theta, kg/m^3]
# name 14 = sbeox0Mg/L: Oxygen, SBE 43 [mg/l]
# name 15 = sbeox1Mg/L: Oxygen, SBE 43, 2 [mg/l]
# name 16 = sbox0Mm/Kg: Oxygen, SBE 43 [umol/kg]
# name 17 = sbox1Mm/Kg: Oxygen, SBE 43, 2 [umol/kg]
# name 18 = sbeox0V: Oxygen raw, SBE 43 [V]
# name 19 = sbeox1V: Oxygen raw, SBE 43, 2 [V]
# name 20 = v4: Voltage 4
# name 21 = flECO-AFL: Fluorescence, WET Labs ECO-AFL/FL [mg/m^3]
# name 22 = v3: Voltage 3
# name 23 = v6: Voltage 6
# name 24 = v7: Voltage 7
# name 25 = longitude: Longitude [deg]
# name 26 = latitude: Latitude [deg]
# name 27 = altM: Altimeter [m]
# name 28 = nbf: Bottles Fired
# name 29 = flag:  0.000e+00
# interval = seconds: 0.0416667
# start_time = Jul 18 2021 14:40:45 [NMEA time, header]
# bad_flag = -9.990e-29
*END*
[from data line 532]
      64368   2681.958     40.188     40.482    11.6519    11.6538  38.282284  38.284473    11.6468    11.6487    33.6252    33.6257    25.5874    25.5874     5.5373     5.2369    168.726    159.574     1.7998     1.6459     0.0574     0.4097     3.1832     0.0000     0.0000 -120.57902   34.41174      99.37         11  0.000e+00
      64369   2682.000     40.234     40.529    11.6517    11.6540  38.282806  38.284538    11.6467    11.6489    33.6259    33.6255    25.5879    25.5872     5.5322     5.2370    168.570    159.574     1.7985     1.6459     0.0574     0.4097     3.1819     0.0000     0.0000 -120.57902   34.41174      99.37         11  0.000e+00
      64370   2682.042     40.188     40.482    11.6524    11.6538  38.282545  38.284343    11.6473    11.6487    33.6251    33.6255    25.5872    25.5873     5.5321     5.2370    168.568    159.574     1.7985     1.6459     0.0562     0.3792     3.1844     0.0000     0.0000 -120.57902   34.41174      99.37         11  0.000e+00
      64371   2682.083     40.188     40.482    11.6525    11.6540  38.282675  38.284278    11.6474    11.6489    33.6251    33.6253    25.5872    25.5871     5.5321     5.2369    168.567    159.574     1.7985     1.6459     0.0562     0.3792     3.1844     0.0000     0.0000 -120.57902   34.41174      99.37         11  0.000e+00
      64372   2682.125     40.234     40.529    11.6526    11.6536  38.282610  38.284473    11.6475    11.6486    33.6249    33.6258    25.5870    25.5875     5.5321     5.2370    168.568    159.575     1.7985     1.6459     0.0574     0.4097     3.1832     0.0000     0.0000 -120.57902   34.41174      99.37         11  0.000e+00
      64373   2682.167     40.188     40.482    11.6529    11.6536  38.282936  38.284278    11.6478    11.6486    33.6250    33.6256    25.5870    25.5874     5.5321     5.2370    168.566    159.575     1.7985     1.6459     0.0562     0.3792     3.1844     0.0000     0.0000 -120.57902   34.41174      99.34         11  0.000e+00
      64374   2682.208     40.234     40.529    11.6528    11.6536  38.282871  38.284213    11.6477    11.6486    33.6250    33.6255    25.5871    25.5873     5.5321     5.2370    168.568    159.576     1.7985     1.6459     0.0574     0.4097     3.1819     0.0000     0.0000 -120.57902   34.41174      99.37         11  0.000e+00
      67191   2799.583     29.681     29.898    11.7640    11.7653  38.373556  38.375495    11.7602    11.7615    33.6175    33.6182    25.5603    25.5606     5.6192     5.3173    171.227    162.026     1.8242     1.6679     0.0549     0.3486     3.1819     0.0000     0.0000 -120.57896   34.41178      99.34         12  0.000e+00
      67192   2799.625     29.681     29.898    11.7639    11.7653  38.373556  38.375300    11.7601    11.7615    33.6176    33.6180    25.5604    25.5605     5.6192     5.3173    171.227    162.027     1.8242     1.6679     0.0549     0.3486     3.1807     0.0012     0.0000 -120.57896   34.41178      99.34         12  0.000e+00
      67193   2799.667     29.681     29.898    11.7640    11.7651  38.373426  38.375430    11.7602    11.7613    33.6173    33.6183    25.5602    25.5607     5.6192     5.3229    171.227    162.197     1.8242     1.6691     0.0537     0.3181     3.1819     0.0012     0.0000 -120.57896   34.41178      99.34         12  0.000e+00
      67194   2799.708     29.728     29.945    11.7640    11.7653  38.373426  38.375496    11.7602    11.7615    33.6173    33.6181    25.5602    25.5606     5.6193     5.3229    171.228    162.197     1.8242     1.6691     0.0525     0.2876     3.1807     0.0000     0.0000 -120.57896   34.41178      99.17         12  0.000e+00
      67195   2799.750     29.582     29.798    11.7641    11.7652  38.373425  38.375495    11.7604    11.7614    33.6172    33.6183    25.5601    25.5608     5.6192     5.3172    171.224    162.025     1.8242     1.6679     0.0525     0.2876     3.1819     0.0000     0.0000 -120.57896   34.41178      92.87         12  0.000e+00
      67196   2799.792     29.728     29.945    11.7642    11.7655  38.373687  38.375300    11.7604    11.7617    33.6174    33.6178    25.5602    25.5603     5.6192     5.3229    171.227    162.197     1.8242     1.6691     0.0537     0.3181     3.1795     0.0000     0.0000 -120.57896   34.41178      88.28         12  0.000e+00
      67197   2799.833     29.681     29.898    11.7642    11.7653  38.373491  38.375235    11.7604    11.7615    33.6172    33.6179    25.5601    25.5604     5.6192     5.3229    171.226    162.197     1.8242     1.6691     0.0537     0.3181     3.1807     0.0000     0.0000 -120.57896   34.41178      87.69         12  0.000e+00
      67198   2799.875     29.628     29.845    11.7640    11.7651  38.373687  38.375430    11.7602    11.7613    33.6176    33.6183    25.5604    25.5607     5.6192     5.3173    171.225    162.026     1.8242     1.6679     0.0537     0.3181     3.1795     0.0000     0.0000 -120.57896   34.41178      88.08         12  0.000e+00
      67199   2799.917     29.681     29.898    11.7640    11.7653  38.373817  38.375300    11.7602    11.7615    33.6177    33.6180    25.5605    25.5605     5.6192     5.3229    171.227    162.197     1.8242     1.6691     0.0537     0.3181     3.1795     0.0000     0.0000 -120.57896   34.41178      88.28         12  0.000e+00
      67200   2799.958     29.681     29.898    11.7640    11.7652  38.373491  38.375430    11.7602    11.7614    33.6174    33.6182    25.5602    25.5607     5.6192     5.3229    171.227    162.197     1.8242     1.6691     0.0525     0.2876     3.1807     0.0000     0.0000 -120.57896   34.41178      88.69         12  0.000e+00
      67201   2800.000     29.628     29.845    11.7640    11.7653  38.373426  38.375495    11.7602    11.7615    33.6173    33.6182    25.5602    25.5606     5.6192     5.3173    171.226    162.025     1.8242     1.6679     0.0537     0.3181     3.1819     0.0000     0.0000 -120.57896   34.41178      95.97         12  0.000e+00
      67202   2800.042     29.681     29.898    11.7640    11.7651  38.373426  38.375235    11.7602    11.7613    33.6173    33.6181    25.5602    25.5606     5.6192     5.3285    171.227    162.367     1.8242     1.6703     0.0537     0.3181     3.1807     0.0000     0.0000 -120.57896   34.41178      99.85         12  0.000e+00
      67203   2800.083     29.635     29.851    11.7640    11.7653  38.373556  38.375169    11.7602    11.7615    33.6175    33.6179    25.5603    25.5604     5.6192     5.3173    171.226    162.026     1.8242     1.6679     0.0537     0.3181     3.1819     0.0000     0.0000 -120.57896   34.41178     100.00         12  0.000e+00
      67204   2800.125     29.682     29.898    11.7642    11.7655  38.373426  38.375430    11.7604    11.7617    33.6171    33.6179    25.5600    25.5604     5.6192     5.3173    171.226    162.026     1.8242     1.6679     0.0525     0.2876     3.1819     0.0000     0.0000 -120.57896   34.41178      99.76         12  0.000e+00
      67205   2800.167     29.629     29.845    11.7639    11.7652  38.373426  38.375039    11.7601    11.7614    33.6175    33.6179    25.5603    25.5604     5.6192     5.3229    171.226    162.196     1.8242     1.6691     0.0537     0.3181     3.1807     0.0000     0.0000 -120.57896   34.41178      99.29         12  0.000e+00
      67206   2800.208     29.682     29.898    11.7640    11.7650  38.373426  38.375300    11.7602    11.7612    33.6173    33.6183    25.5602    25.5608     5.6192     5.3229    171.227    162.197     1.8242     1.6691     0.0537     0.3181     3.1807     0.0000     0.0000 -120.57896   34.41178      99.29         12  0.000e+00
      67207   2800.250     29.629     29.845    11.7640    11.7652  38.373426  38.375821    11.7602    11.7614    33.6174    33.6186    25.5602    25.5610     5.6141     5.3173    171.070    162.025     1.8230     1.6679     0.0525     0.2876     3.1819     0.0000     0.0000 -120.57896   34.41178      99.34         12  0.000e+00
      67208   2800.292     29.582     29.798    11.7637    11.7650  38.373426  38.375821    11.7599    11.7612    33.6176    33.6188    25.5605    25.5612     5.6141     5.3228    171.069    162.195     1.8230     1.6691     0.0537     0.3181     3.1807     0.0000     0.0000 -120.57896   34.41178      99.34         12  0.000e+00
      67209   2800.333     29.682     29.898    11.7637    11.7650  38.372904  38.375365    11.7599    11.7612    33.6171    33.6183    25.5601    25.5608     5.6193     5.3229    171.228    162.197     1.8242     1.6691     0.0525     0.2876     3.1819     0.0000     0.0000 -120.57896   34.41178      99.37         12  0.000e+00
      67210   2800.375     29.635     29.851    11.7635    11.7650  38.372969  38.375169    11.7598    11.7612    33.6173    33.6182    25.5603    25.5607     5.6141     5.3173    171.071    162.027     1.8230     1.6679     0.0525     0.2876     3.1819     0.0000     0.0000 -120.57896   34.41178      99.34         12  0.000e+00
      67211   2800.417     29.629     29.845    11.7635    11.7650  38.373295  38.375430    11.7597    11.7612    33.6177    33.6184    25.5606    25.5609     5.6141     5.3173    171.071    162.026     1.8230     1.6679     0.0537     0.3181     3.1807     0.0000     0.0000 -120.57896   34.41178      99.34         12  0.000e+00
      67212   2800.458     29.682     29.898    11.7635    11.7648  38.372904  38.375300    11.7597    11.7610    33.6172    33.6184    25.5602    25.5609     5.6142     5.3229    171.073    162.198     1.8230     1.6691     0.0525     0.2876     3.1819     0.0000     0.0000 -120.57896   34.41178      99.34         12  0.000e+00
      67213   2800.500     29.635     29.851    11.7632    11.7650  38.372578  38.374909    11.7594    11.7612    33.6172    33.6179    25.5603    25.5605     5.6142     5.3229    171.073    162.197     1.8230     1.6691     0.0525     0.2876     3.1819     0.0000     0.0000 -120.57896   34.41178      99.34         12  0.000e+00
      67214   2800.542     29.629     29.845    11.7633    11.7648  38.372708  38.375365    11.7596    11.7610    33.6172    33.6185    25.5603    25.5610     5.6142     5.3173    171.072    162.027     1.8230     1.6679     0.0537     0.3181     3.1807     0.0000     0.0000 -120.57896   34.41178      99.34         12  0.000e+00
      67215   2800.583     29.582     29.798    11.7632    11.7648  38.372773  38.375234    11.7594    11.7610    33.6175    33.6184    25.5605    25.5609     5.6141     5.3173    171.071    162.026     1.8230     1.6679     0.0525     0.2876     3.1819     0.0000     0.0000 -120.57896   34.41178      99.34         12  0.000e+00
      67216   2800.625     29.629     29.845    11.7630    11.7650  38.372513  38.374974    11.7593    11.7612    33.6173    33.6180    25.5604    25.5605     5.6142     5.3173    171.073    162.027     1.8230     1.6679     0.0525     0.2876     3.1807     0.0000     0.0000 -120.57896   34.41178      99.34         12  0.000e+00
      67217   2800.667     29.635     29.851    11.7628    11.7648  38.372643  38.374518    11.7591    11.7610    33.6176    33.6177    25.5606    25.5603     5.6193     5.3285    171.230    162.368     1.8242     1.6703     0.0525     0.2876     3.1807     0.0000     0.0000 -120.57896   34.41178      99.34         12  0.000e+00
      67218   2800.708     29.582     29.798    11.7628    11.7646  38.372773  38.375039    11.7591    11.7609    33.6178    33.6184    25.5608    25.5609     5.6193     5.3229    171.229    162.197     1.8242     1.6691     0.0525     0.2876     3.1807     0.0000     0.0000 -120.57896   34.41178      99.34         12  0.000e+00
      67219   2800.750     29.629     29.845    11.7630    11.7647  38.372774  38.374909    11.7592    11.7609    33.6176    33.6182    25.5606    25.5608     5.6142     5.3173    171.073    162.028     1.8230     1.6679     0.0537     0.3181     3.1807     0.0000     0.0000 -120.57896   34.41178      99.34         12  0.000e+00
      67220   2800.792     29.629     29.845    11.7630    11.7647  38.372969  38.374648    11.7593    11.7609    33.6178    33.6179    25.5607    25.5606     5.6142     5.3173    171.073    162.028     1.8230     1.6679     0.0537     0.3181     3.1819     0.0000     0.0000 -120.57896   34.41178      99.34         12  0.000e+00
      67221   2800.833     29.582     29.798    11.7630    11.7647  38.372578  38.374974    11.7593    11.7609    33.6174    33.6183    25.5605    25.5608     5.6193     5.3173    171.228    162.027     1.8242     1.6679     0.0525     0.2876     3.1819     0.0000     0.0000 -120.57896   34.41178      99.34         12  0.000e+00
      67222   2800.875     29.629     29.845    11.7630    11.7645  38.372643  38.374713    11.7593    11.7607    33.6175    33.6182    25.5605    25.5608     5.6193     5.3174    171.229    162.028     1.8242     1.6679     0.0537     0.3181     3.1807     0.0000     0.0000 -120.57896   34.41178      99.34         12  0.000e+00
      67223   2800.917     29.582     29.798    11.7632    11.7645  38.372578  38.374974    11.7594    11.7607    33.6173    33.6184    25.5603    25.5610     5.6141     5.3173    171.072    162.027     1.8230     1.6679     0.0537     0.3181     3.1807     0.0000     0.0000 -120.57896   34.41178      99.34         12  0.000e+00
      67224   2800.958     29.635     29.851    11.7628    11.7643  38.372448  38.374452    11.7591    11.7605    33.6174    33.6181    25.5605    25.5607     5.6142     5.3174    171.074    162.029     1.8230     1.6679     0.0525     0.2876     3.1807     0.0000     0.0000 -120.57896   34.41178      99.34         12  0.000e+00
      67225   2801.000     29.582     29.798    11.7628    11.7645  38.372447  38.374908    11.7591    11.7607    33.6174    33.6184    25.5605    25.5609     5.6193     5.3173    171.229    162.027     1.8242     1.6679     0.0525     0.2876     3.1807     0.0000     0.0000 -120.57896   34.41178      99.34         12  0.000e+00
      67226   2801.042     29.582     29.798    11.7625    11.7645  38.371926  38.374713    11.7588    11.7607    33.6172    33.6182    25.5604    25.5608     5.6193     5.3173    171.230    162.027     1.8242     1.6679     0.0537     0.3181     3.1807     0.0000     0.0000 -120.57896   34.41178      99.34         12  0.000e+00
      67227   2801.083     29.629     29.845    11.7625    11.7643  38.371991  38.374778    11.7587    11.7605    33.6173    33.6184    25.5605    25.5610     5.6143     5.3174    171.075    162.029     1.8230     1.6679     0.0537     0.3181     3.1795     0.0000     0.0000 -120.57896   34.41178      99.34         12  0.000e+00
      67228   2801.125     29.536     29.751    11.7627    11.7645  38.372317  38.374648    11.7590    11.7607    33.6175    33.6181    25.5605    25.5607     5.6142     5.3173    171.072    162.026     1.8230     1.6679     0.0537     0.3181     3.1807     0.0000     0.0000 -120.57896   34.41178      99.34         12  0.000e+00
      67229   2801.167     29.629     29.845    11.7628    11.7645  38.372643  38.374583    11.7591    11.7607    33.6176    33.6180    25.5606    25.5607     5.6142     5.3174    171.073    162.028     1.8230     1.6679     0.0537     0.3181     3.1807     0.0000     0.0000 -120.57896   34.41178      99.34         12  0.000e+00
      67230   2801.208     29.582     29.798    11.7628    11.7645  38.372252  38.374778    11.7591    11.7607    33.6173    33.6182    25.5604    25.5608     5.6193     5.3173    171.229    162.027     1.8242     1.6679     0.0525     0.2876     3.1819     0.0000     0.0000 -120.57896   34.41178      99.34         12  0.000e+00
      67231   2801.250     29.536     29.751    11.7632    11.7645  38.372578  38.374843    11.7594    11.7607    33.6173    33.6183    25.5603    25.5609     5.6192     5.3173    171.227    162.026     1.8242     1.6679     0.0537     0.3181     3.1807     0.0000     0.0000 -120.57896   34.41178      99.37         12  0.000e+00
