West Coast/WCOA-7/CTD_Data/RB2102_CTD_045_01.ros
* Sea-Bird SBE 9 Data File:
* FileName = C:\Users\scs.user.rb\CTD\RB2102\Data\RB2102_CTD_045_01.hex
* Software Version Seasave V 7.26.7.107
* Temperature SN = 6202
* Conductivity SN = 4907
* Number of Bytes Per Scan = 41
* Number of Voltage Words = 4
* Number of Scans Averaged by the Deck Unit = 1
* NMEA Latitude = 44 39.10 N
* NMEA Longitude = 125 21.75 W
* NMEA UTC (Time) = Jul 03 2021  15:07:33
* NMEA baud rate = 4800
# nquan = 30
# nvalues = 1176                                  
# units = specified
# name 0 = scan: Scan Count
# name 1 = timeS: Time, Elapsed [seconds]
# name 2 = depSM: Depth [salt water, m]
# name 3 = prDM: Pressure, Digiquartz [db]
# name 4 = t090C: Temperature [ITS-90, deg C]
# name 5 = t190C: Temperature, 2 [ITS-90, deg C]
# name 6 = c0mS/cm: Conductivity [mS/cm]
# name 7 = c1mS/cm: Conductivity, 2 [mS/cm]
# name 8 = potemp090C: Potential Temperature [ITS-90, deg C]
# name 9 = potemp190C: Potential Temperature, 2 [ITS-90, deg C]
# name 10 = sal00: Salinity, Practical [PSU]
# name 11 = sal11: Salinity, Practical, 2 [PSU]
# name 12 = sigma-é00: Density [sigma-theta, kg/m^3]
# name 13 = sigma-é11: Density, 2 [sigma-theta, kg/m^3]
# name 14 = sbeox0Mg/L: Oxygen, SBE 43 [mg/l]
# name 15 = sbeox1Mg/L: Oxygen, SBE 43, 2 [mg/l]
# name 16 = sbox0Mm/Kg: Oxygen, SBE 43 [umol/kg]
# name 17 = sbox1Mm/Kg: Oxygen, SBE 43, 2 [umol/kg]
# name 18 = sbeox0V: Oxygen raw, SBE 43 [V]
# name 19 = sbeox1V: Oxygen raw, SBE 43, 2 [V]
# name 20 = v4: Voltage 4
# name 21 = flECO-AFL: Fluorescence, WET Labs ECO-AFL/FL [mg/m^3]
# name 22 = v3: Voltage 3
# name 23 = v6: Voltage 6
# name 24 = v7: Voltage 7
# name 25 = longitude: Longitude [deg]
# name 26 = latitude: Latitude [deg]
# name 27 = altM: Altimeter [m]
# name 28 = nbf: Bottles Fired
# name 29 = flag:  0.000e+00
# interval = seconds: 0.0416667
# start_time = Jul 03 2021 15:07:33 [NMEA time, header]
# bad_flag = -9.990e-29
*END*
[from data line 726]
     204476   8519.792     79.479     80.142     7.9494     7.9501  34.346042  34.330045     7.9416     7.9423    33.0118    32.9940    25.7211    25.7071     5.4436     5.6620    165.848    172.505     1.6618     1.6239     0.0464     0.1350     3.3358     0.2161     0.0000 -125.36706   44.65042      99.44         15  0.000e+00
     204477   8519.833     79.426     80.089     7.9495     7.9502  34.347228  34.329234     7.9417     7.9424    33.0130    32.9931    25.7220    25.7063     5.4491     5.6558    166.017    172.316     1.6630     1.6227     0.0464     0.1350     3.3358     0.2161     0.0000 -125.36706   44.65042      99.44         15  0.000e+00
     204478   8519.875     79.379     80.042     7.9492     7.9503  34.347540  34.329046     7.9414     7.9426    33.0136    32.9928    25.7225    25.7060     5.4435     5.6557    165.844    172.315     1.6618     1.6227     0.0464     0.1350     3.3358     0.2161     0.0000 -125.36706   44.65042      99.44         15  0.000e+00
     204479   8519.917     79.426     80.089     7.9492     7.9503  34.346541  34.329046     7.9414     7.9426    33.0125    32.9927    25.7217    25.7060     5.4492     5.6558    166.019    172.316     1.6630     1.6227     0.0464     0.1350     3.3358     0.2161     0.0000 -125.36706   44.65042      99.44         15  0.000e+00
     204480   8519.958     79.426     80.089     7.9490     7.9503  34.346042  34.328797     7.9412     7.9426    33.0122    32.9925    25.7214    25.7058     5.4492     5.6558    166.020    172.316     1.6630     1.6227     0.0464     0.1350     3.3358     0.2161     0.0000 -125.36706   44.65042      99.44         15  0.000e+00
     204481   8520.000     79.426     80.089     7.9494     7.9503  34.346166  34.328735     7.9416     7.9426    33.0119    32.9924    25.7212    25.7057     5.4435     5.6558    165.847    172.316     1.6618     1.6227     0.0464     0.1350     3.3370     0.2161     0.0000 -125.36706   44.65042      99.44         15  0.000e+00
     204482   8520.042     79.366     80.028     7.9492     7.9503  34.346229  34.328734     7.9414     7.9426    33.0122    32.9924    25.7214    25.7058     5.4492     5.6557    166.018    172.315     1.6630     1.6227     0.0464     0.1350     3.3358     0.2161     0.0000 -125.36706   44.65042      99.44         15  0.000e+00
     204483   8520.083     79.379     80.042     7.9492     7.9503  34.345792  34.328922     7.9414     7.9426    33.0117    32.9926    25.7211    25.7059     5.4492     5.6557    166.019    172.315     1.6630     1.6227     0.0464     0.1350     3.3370     0.2161     0.0000 -125.36706   44.65042      99.44         15  0.000e+00
     204484   8520.125     79.426     80.089     7.9491     7.9505  34.344918  34.329046     7.9414     7.9427    33.0108    32.9926    25.7204    25.7059     5.4492     5.6558    166.021    172.316     1.6630     1.6227     0.0464     0.1350     3.3370     0.2161     0.0000 -125.36706   44.65042      99.44         15  0.000e+00
     208251   8677.083     59.778     60.274     8.3512     8.3514  34.197357  34.191087     8.3452     8.3454    32.4882    32.4813    25.2511    25.2457     7.6617     7.8915    233.534    240.539     2.1551     2.0794     0.0513     0.2571     3.3321     0.2161     0.0000 -125.36722   44.65040      99.32         16  0.000e+00
     208252   8677.125     59.705     60.201     8.3508     8.3515  34.199601  34.189779     8.3449     8.3455    32.4909    32.4799    25.2533    25.2446     7.6671     7.8914    233.700    240.539     2.1563     2.0794     0.0513     0.2571     3.3321     0.2161     0.0000 -125.36722   44.65040      99.32         16  0.000e+00
     208253   8677.167     59.679     60.174     8.3510     8.3517  34.201283  34.190277     8.3451     8.3458    32.4925    32.4802    25.2545    25.2448     7.6614     7.8914    233.524    240.536     2.1551     2.0794     0.0525     0.2876     3.3309     0.2161     0.0000 -125.36722   44.65040      99.32         16  0.000e+00
     208254   8677.208     59.725     60.221     8.3510     8.3516  34.202904  34.195134     8.3451     8.3456    32.4942    32.4854    25.2558    25.2489     7.6670     7.8912    233.694    240.529     2.1563     2.0794     0.0513     0.2571     3.3321     0.2161     0.0000 -125.36722   44.65040      99.32         16  0.000e+00
     208255   8677.250     59.758     60.254     8.3508     8.3514  34.203714  34.202607     8.3449     8.3454    32.4952    32.4935    25.2566    25.2552     7.6670     7.8908    233.694    240.517     2.1563     2.0794     0.0513     0.2571     3.3309     0.2161     0.0000 -125.36722   44.65040      96.56         16  0.000e+00
     208256   8677.292     59.725     60.221     8.3507     8.3512  34.204524  34.209396     8.3447     8.3452    32.4962    32.5009    25.2574    25.2611     7.6669     7.8905    233.692    240.505     2.1563     2.0794     0.0513     0.2571     3.3309     0.2161     0.0000 -125.36722   44.65040      77.05         16  0.000e+00
     208257   8677.333     59.705     60.201     8.3508     8.3507  34.205895  34.214005     8.3449     8.3448    32.4975    32.5061    25.2585    25.2653     7.6668     7.8902    233.688    240.497     2.1563     2.0794     0.0513     0.2571     3.3309     0.2161     0.0000 -125.36722   44.65040      68.52         16  0.000e+00
     208258   8677.375     59.725     60.221     8.3507     8.3506  34.207516  34.216870     8.3447     8.3446    32.4993    32.5093    25.2599    25.2678     7.6668     7.8901    233.687    240.493     2.1563     2.0794     0.0513     0.2571     3.3309     0.2161     0.0000 -125.36722   44.65040      68.30         16  0.000e+00
     208259   8677.417     59.778     60.274     8.3507     8.3506  34.208077  34.217493     8.3447     8.3446    32.4999    32.5099    25.2604    25.2682     7.6668     7.8902    233.687    240.494     2.1563     2.0794     0.0513     0.2571     3.3309     0.2161     0.0000 -125.36722   44.65040      69.28         16  0.000e+00
     208260   8677.458     59.758     60.254     8.3507     8.3505  34.209261  34.217119     8.3447     8.3445    32.5011    32.5096    25.2613    25.2680     7.6611     7.8902    233.514    240.494     2.1551     2.0794     0.0513     0.2571     3.3309     0.2161     0.0000 -125.36722   44.65040      69.65         16  0.000e+00
     208261   8677.500     59.778     60.274     8.3508     8.3503  34.211755  34.217369     8.3449     8.3443    32.5036    32.5101    25.2633    25.2684     7.6610     7.8902    233.509    240.496     2.1551     2.0794     0.0513     0.2571     3.3309     0.2161     0.0000 -125.36722   44.65040      73.97         16  0.000e+00
     208262   8677.542     59.725     60.221     8.3507     8.3503  34.214996  34.218365     8.3447     8.3443    32.5072    32.5112    25.2661    25.2693     7.6608     7.8901    233.502    240.492     2.1551     2.0794     0.0513     0.2571     3.3309     0.2161     0.0000 -125.36722   44.65040      93.28         16  0.000e+00
     208263   8677.583     59.758     60.254     8.3505     8.3503  34.216492  34.219113     8.3445     8.3443    32.5089    32.5119    25.2675    25.2699     7.6607     7.8901    233.501    240.492     2.1551     2.0794     0.0501     0.2265     3.3309     0.2161     0.0000 -125.36722   44.65040     100.00         16  0.000e+00
     208264   8677.625     59.778     60.274     8.3507     8.3505  34.216305  34.219985     8.3447     8.3445    32.5086    32.5126    25.2672    25.2704     7.6663     7.8900    233.672    240.490     2.1563     2.0794     0.0501     0.2265     3.3321     0.2161     0.0000 -125.36722   44.65040     100.00         16  0.000e+00
     208265   8677.667     59.725     60.221     8.3507     8.3503  34.215931  34.220919     8.3447     8.3443    32.5082    32.5139    25.2669    25.2714     7.6663     7.8900    233.672    240.487     2.1563     2.0794     0.0501     0.2265     3.3321     0.2161     0.0000 -125.36722   44.65040      99.90         16  0.000e+00
     208266   8677.708     59.804     60.301     8.3505     8.3501  34.216056  34.220919     8.3445     8.3441    32.5085    32.5140    25.2671    25.2715     7.6664     7.8901    233.674    240.491     2.1563     2.0794     0.0501     0.2265     3.3309     0.2161     0.0000 -125.36722   44.65040      99.29         16  0.000e+00
     208267   8677.750     59.778     60.274     8.3507     8.3501  34.216367  34.220670     8.3447     8.3441    32.5086    32.5137    25.2672    25.2713     7.6663     7.8839    233.672    240.304     2.1563     2.0781     0.0501     0.2265     3.3309     0.2161     0.0000 -125.36722   44.65040      99.29         16  0.000e+00
     208268   8677.792     59.758     60.254     8.3507     8.3502  34.216679  34.221044     8.3447     8.3442    32.5090    32.5141    25.2675    25.2716     7.6663     7.8900    233.671    240.489     2.1563     2.0794     0.0501     0.2265     3.3309     0.2161     0.0000 -125.36722   44.65040      99.32         16  0.000e+00
     208269   8677.833     59.824     60.321     8.3508     8.3503  34.217178  34.221169     8.3449     8.3443    32.5093    32.5141    25.2678    25.2716     7.6663     7.8901    233.672    240.490     2.1563     2.0794     0.0501     0.2265     3.3309     0.2161     0.0000 -125.36722   44.65040      99.32         16  0.000e+00
     208270   8677.875     59.725     60.221     8.3505     8.3503  34.218050  34.220421     8.3445     8.3443    32.5106    32.5133    25.2688    25.2710     7.6662     7.8900    233.668    240.488     2.1563     2.0794     0.0501     0.2265     3.3309     0.2161     0.0000 -125.36722   44.65040      99.32         16  0.000e+00
     208271   8677.917     59.804     60.301     8.3505     8.3504  34.218487  34.218552     8.3445     8.3445    32.5110    32.5112    25.2691    25.2692     7.6663     7.8840    233.670    240.307     2.1563     2.0781     0.0501     0.2265     3.3321     0.2161     0.0000 -125.36722   44.65040      99.32         16  0.000e+00
     208272   8677.958     59.778     60.274     8.3505     8.3502  34.218424  34.217120     8.3445     8.3442    32.5110    32.5099    25.2691    25.2683     7.6663     7.8841    233.669    240.310     2.1563     2.0781     0.0501     0.2265     3.3321     0.2161     0.0000 -125.36722   44.65040      99.32         16  0.000e+00
     208273   8678.000     59.824     60.321     8.3505     8.3504  34.218985  34.215189     8.3445     8.3445    32.5115    32.5076    25.2695    25.2665     7.6663     7.8903    233.670    240.500     2.1563     2.0794     0.0501     0.2265     3.3321     0.2161     0.0000 -125.36722   44.65040      99.32         16  0.000e+00
     208274   8678.042     59.705     60.201     8.3504     8.3504  34.219421  34.215002     8.3444     8.3445    32.5122    32.5075    25.2701    25.2663     7.6662     7.8902    233.666    240.497     2.1563     2.0794     0.0501     0.2265     3.3309     0.2161     0.0000 -125.36722   44.65040      99.32         16  0.000e+00
     208275   8678.083     59.824     60.321     8.3505     8.3504  34.219983  34.215687     8.3445     8.3445    32.5126    32.5081    25.2704    25.2669     7.6662     7.8842    233.668    240.313     2.1563     2.0781     0.0501     0.2265     3.3321     0.2161     0.0000 -125.36722   44.65040      99.32         16  0.000e+00
     208276   8678.125     59.758     60.254     8.3504     8.3502  34.220855  34.216621     8.3444     8.3442    32.5137    32.5094    25.2712    25.2679     7.6661     7.8902    233.665    240.497     2.1563     2.0794     0.0501     0.2265     3.3309     0.2161     0.0000 -125.36722   44.65040      99.32         16  0.000e+00
     208277   8678.167     59.778     60.274     8.3500     8.3503  34.221105  34.218178     8.3441     8.3443    32.5142    32.5110    25.2717    25.2691     7.6662     7.8841    233.666    240.308     2.1563     2.0781     0.0501     0.2265     3.3321     0.2161     0.0000 -125.36722   44.65040      99.32         16  0.000e+00
     208278   8678.208     59.778     60.274     8.3504     8.3506  34.221292  34.218864     8.3444     8.3446    32.5141    32.5114    25.2716    25.2694     7.6661     7.8901    233.665    240.491     2.1563     2.0794     0.0501     0.2265     3.3309     0.2161     0.0000 -125.36722   44.65040      99.32         16  0.000e+00
     208279   8678.250     59.804     60.301     8.3505     8.3504  34.221604  34.219175     8.3445     8.3445    32.5143    32.5118    25.2717    25.2698     7.6661     7.8901    233.665    240.492     2.1563     2.0794     0.0501     0.2265     3.3321     0.2161     0.0000 -125.36722   44.65040      96.92         16  0.000e+00
     208280   8678.292     59.725     60.221     8.3502     8.3503  34.220731  34.219050     8.3443     8.3443    32.5137    32.5119    25.2713    25.2698     7.6661     7.8901    233.665    240.491     2.1563     2.0794     0.0501     0.2265     3.3297     0.2161     0.0000 -125.36722   44.65040      82.49         16  0.000e+00
     208281   8678.333     59.824     60.321     8.3504     8.3503  34.218362  34.218615     8.3444     8.3444    32.5110    32.5113    25.2691    25.2694     7.6663     7.8841    233.672    240.308     2.1563     2.0781     0.0501     0.2265     3.3321     0.2161     0.0000 -125.36722   44.65040      76.51         16  0.000e+00
     208282   8678.375     59.758     60.254     8.3504     8.3504  34.214934  34.218365     8.3444     8.3445    32.5074    32.5110    25.2663    25.2691     7.6664     7.8840    233.676    240.306     2.1563     2.0781     0.0501     0.2265     3.3321     0.2161     0.0000 -125.36722   44.65040      76.43         16  0.000e+00
     208283   8678.417     59.778     60.274     8.3504     8.3504  34.211692  34.217680     8.3444     8.3445    32.5040    32.5103    25.2636    25.2685     7.6666     7.8841    233.682    240.308     2.1563     2.0781     0.0501     0.2265     3.3309     0.2161     0.0000 -125.36722   44.65040      77.17         16  0.000e+00
     208284   8678.458     59.758     60.254     8.3505     8.3503  34.209511  34.216995     8.3445     8.3443    32.5016    32.5097    25.2617    25.2681     7.6667     7.8841    233.685    240.309     2.1563     2.0781     0.0501     0.2265     3.3321     0.2161     0.0000 -125.36722   44.65040      77.41         16  0.000e+00
     208285   8678.500     59.725     60.221     8.3504     8.3503  34.208638  34.215438     8.3444     8.3444    32.5008    32.5080    25.2611    25.2668     7.6723     7.8841    233.857    240.311     2.1575     2.0781     0.0501     0.2265     3.3321     0.2161     0.0000 -125.36722   44.65040      81.29         16  0.000e+00
     208286   8678.542     59.778     60.274     8.3507     8.3506  34.208451  34.212697     8.3447     8.3446    32.5003    32.5049    25.2607    25.2643     7.6724     7.8843    233.857    240.316     2.1575     2.0781     0.0501     0.2265     3.3309     0.2161     0.0000 -125.36722   44.65040      95.51         16  0.000e+00
     208287   8678.583     59.758     60.254     8.3505     8.3506  34.208202  34.210143     8.3445     8.3446    32.5002    32.5022    25.2606    25.2622     7.6724     7.8844    233.858    240.320     2.1575     2.0781     0.0501     0.2265     3.3321     0.2161     0.0000 -125.36722   44.65040     100.00         16  0.000e+00
     208288   8678.625     59.725     60.221     8.3508     8.3507  34.208326  34.208835     8.3449     8.3448    32.5000    32.5007    25.2605    25.2610     7.6723     7.8844    233.855    240.321     2.1575     2.0781     0.0501     0.2265     3.3309     0.2161     0.0000 -125.36722   44.65040     100.00         16  0.000e+00
