West Coast/WCOA-7/CTD_Data/RB2102_CTD_042_01.ros
* Sea-Bird SBE 9 Data File:
* FileName = C:\Users\scs.user.rb\CTD\RB2102\Data\RB2102_CTD_042_01.hex
* Software Version Seasave V 7.26.7.107
* Temperature SN = 6202
* Conductivity SN = 4907
* Number of Bytes Per Scan = 41
* Number of Voltage Words = 4
* Number of Scans Averaged by the Deck Unit = 1
* NMEA Latitude = 47 07.09 N
* NMEA Longitude = 124 22.94 W
* NMEA UTC (Time) = Jul 02 2021  19:23:10
* NMEA baud rate = 4800
# nquan = 30
# nvalues = 532                                   
# units = specified
# name 0 = scan: Scan Count
# name 1 = timeS: Time, Elapsed [seconds]
# name 2 = depSM: Depth [salt water, m]
# name 3 = prDM: Pressure, Digiquartz [db]
# name 4 = t090C: Temperature [ITS-90, deg C]
# name 5 = t190C: Temperature, 2 [ITS-90, deg C]
# name 6 = c0mS/cm: Conductivity [mS/cm]
# name 7 = c1mS/cm: Conductivity, 2 [mS/cm]
# name 8 = potemp090C: Potential Temperature [ITS-90, deg C]
# name 9 = potemp190C: Potential Temperature, 2 [ITS-90, deg C]
# name 10 = sal00: Salinity, Practical [PSU]
# name 11 = sal11: Salinity, Practical, 2 [PSU]
# name 12 = sigma-é00: Density [sigma-theta, kg/m^3]
# name 13 = sigma-é11: Density, 2 [sigma-theta, kg/m^3]
# name 14 = sbeox0Mg/L: Oxygen, SBE 43 [mg/l]
# name 15 = sbeox1Mg/L: Oxygen, SBE 43, 2 [mg/l]
# name 16 = sbox0Mm/Kg: Oxygen, SBE 43 [umol/kg]
# name 17 = sbox1Mm/Kg: Oxygen, SBE 43, 2 [umol/kg]
# name 18 = sbeox0V: Oxygen raw, SBE 43 [V]
# name 19 = sbeox1V: Oxygen raw, SBE 43, 2 [V]
# name 20 = v4: Voltage 4
# name 21 = flECO-AFL: Fluorescence, WET Labs ECO-AFL/FL [mg/m^3]
# name 22 = v3: Voltage 3
# name 23 = v6: Voltage 6
# name 24 = v7: Voltage 7
# name 25 = longitude: Longitude [deg]
# name 26 = latitude: Latitude [deg]
# name 27 = altM: Altimeter [m]
# name 28 = nbf: Bottles Fired
# name 29 = flag:  0.000e+00
# interval = seconds: 0.0416667
# start_time = Jul 02 2021 19:23:10 [NMEA time, header]
# bad_flag = -9.990e-29
*END*
      13497    562.333     41.190     41.539     7.4607     7.4537  34.550591  34.547722     7.4568     7.4497    33.7183    33.7221    26.3457    26.3497     1.3227     1.4134     40.274     43.036     0.7717     0.7827     0.1490     2.6991     3.2601     1.8217     0.0000 -124.38190   47.11802       8.50          1  0.000e+00
      13498    562.375     41.236     41.586     7.4617     7.4538  34.551404  34.548098     7.4577     7.4499    33.7183    33.7223    26.3455    26.3498     1.3227     1.4134     40.274     43.036     0.7717     0.7827     0.1490     2.6991     3.2601     1.8217     0.0000 -124.38190   47.11802       8.60          1  0.000e+00
      13499    562.417     41.091     41.439     7.4625     7.4545  34.551466  34.548722     7.4586     7.4506    33.7176    33.7224    26.3449    26.3498     1.3226     1.4134     40.272     43.034     0.7717     0.7827     0.1661     3.1264     3.2601     1.8217     0.0000 -124.38190   47.11802       8.64          1  0.000e+00
      13500    562.458     41.190     41.539     7.4631     7.4546  34.551904  34.548910     7.4592     7.4507    33.7174    33.7224    26.3446    26.3498     1.3226     1.4134     40.272     43.035     0.7717     0.7827     0.1770     3.4011     3.2601     1.8230     0.0000 -124.38190   47.11802       8.64          1  0.000e+00
      13501    562.500     41.091     41.439     7.4636     7.4551  34.551591  34.548910     7.4597     7.4512    33.7166    33.7220    26.3440    26.3494     1.3226     1.4133     40.272     43.034     0.7717     0.7827     0.1783     3.4317     3.2601     1.8230     0.0000 -124.38190   47.11802       8.64          1  0.000e+00
      13502    562.542     41.044     41.392     7.4641     7.4554  34.551904  34.549097     7.4602     7.4515    33.7165    33.7219    26.3438    26.3493     1.3226     1.4071     40.271     42.845     0.7717     0.7814     0.1770     3.4011     3.2601     1.8230     0.0000 -124.38190   47.11802       8.64          1  0.000e+00
      13503    562.583     41.044     41.392     7.4644     7.4554  34.552092  34.548972     7.4605     7.4515    33.7164    33.7218    26.3437    26.3492     1.3169     1.4071     40.098     42.845     0.7705     0.7814     0.1770     3.4011     3.2601     1.8230     0.0000 -124.38190   47.11802       8.79          1  0.000e+00
      13504    562.625     40.991     41.339     7.4647     7.4559  34.552154  34.549097     7.4609     7.4520    33.7162    33.7215    26.3435    26.3489     1.3226     1.4071     40.270     42.844     0.7717     0.7814     0.1770     3.4011     3.2601     1.8230     0.0000 -124.38190   47.11802       8.86          1  0.000e+00
      13505    562.667     40.945     41.292     7.4647     7.4563  34.552091  34.549222     7.4609     7.4524    33.7161    33.7213    26.3434    26.3487     1.3169     1.4071     40.097     42.843     0.7705     0.7814     0.1770     3.4011     3.2601     1.8230     0.0000 -124.38190   47.11802       8.86          1  0.000e+00
      13506    562.708     40.945     41.292     7.4649     7.4571  34.552529  34.549409     7.4610     7.4532    33.7165    33.7207    26.3437    26.3481     1.3226     1.4071     40.270     42.843     0.7717     0.7814     0.1770     3.4011     3.2601     1.8230     0.0000 -124.38190   47.11802       8.84          1  0.000e+00
      13507    562.750     40.892     41.239     7.4651     7.4579  34.551966  34.549972     7.4612     7.4540    33.7157    33.7205    26.3430    26.3478     1.3169     1.4070     40.097     42.842     0.7705     0.7814     0.1770     3.4011     3.2589     1.8230     0.0000 -124.38190   47.11802       8.84          1  0.000e+00
      13508    562.792     40.846     41.192     7.4651     7.4587  34.551778  34.550097     7.4612     7.4548    33.7155    33.7199    26.3429    26.3473     1.3169     1.4070     40.097     42.841     0.7705     0.7814     0.1770     3.4011     3.2601     1.8230     0.0000 -124.38190   47.11802       8.96          1  0.000e+00
      13509    562.833     40.799     41.145     7.4654     7.4593  34.552216  34.550284     7.4615     7.4555    33.7157    33.7195    26.3430    26.3468     1.3169     1.4070     40.096     42.840     0.7705     0.7814     0.1770     3.4011     3.2601     1.8230     0.0000 -124.38190   47.11802       9.06          1  0.000e+00
      13510    562.875     40.799     41.145     7.4657     7.4600  34.552028  34.550221     7.4618     7.4561    33.7152    33.7188    26.3426    26.3462     1.3112     1.4070     39.923     42.839     0.7692     0.7814     0.1770     3.4011     3.2601     1.8230     0.0000 -124.38190   47.11802       9.06          1  0.000e+00
      13511    562.917     40.746     41.092     7.4657     7.4604  34.552278  34.550346     7.4618     7.4566    33.7155    33.7185    26.3428    26.3459     1.3112     1.4069     39.923     42.839     0.7692     0.7814     0.1770     3.4011     3.2601     1.8230     0.0000 -124.38190   47.11802       9.06          1  0.000e+00
      13512    562.958     40.700     41.045     7.4659     7.4611  34.552153  34.550408     7.4620     7.4573    33.7152    33.7180    26.3425    26.3454     1.3112     1.4069     39.923     42.838     0.7692     0.7814     0.1770     3.4011     3.2589     1.8230     0.0000 -124.38190   47.11802       9.06          1  0.000e+00
      13513    563.000     40.647     40.992     7.4660     7.4613  34.552090  34.550596     7.4622     7.4575    33.7150    33.7180    26.3424    26.3454     1.3111     1.4007     39.922     42.649     0.7692     0.7802     0.1770     3.4011     3.2601     1.8230     0.0000 -124.38190   47.11802       9.06          1  0.000e+00
      13514    563.042     40.700     41.045     7.4659     7.4617  34.551840  34.550971     7.4620     7.4579    33.7149    33.7180    26.3423    26.3453     1.3112     1.4007     39.923     42.649     0.7692     0.7802     0.1770     3.4011     3.2589     1.8230     0.0000 -124.38190   47.11802       9.16          1  0.000e+00
      13515    563.083     40.554     40.898     7.4659     7.4616  34.551965  34.551033     7.4620     7.4578    33.7151    33.7182    26.3424    26.3455     1.3111     1.4007     39.922     42.648     0.7692     0.7802     0.1770     3.4011     3.2589     1.8230     0.0000 -124.38190   47.11802       9.23          1  0.000e+00
      13516    563.125     40.541     40.885     7.4659     7.4622  34.551902  34.551221     7.4620     7.4584    33.7150    33.7178    26.3424    26.3451     1.3111     1.4007     39.922     42.647     0.7692     0.7802     0.1770     3.4011     3.2589     1.8230     0.0000 -124.38190   47.11802       9.26          1  0.000e+00
      13517    563.167     40.501     40.845     7.4659     7.4624  34.551777  34.551158     7.4620     7.4586    33.7149    33.7176    26.3423    26.3449     1.3055     1.4068     39.749     42.835     0.7680     0.7814     0.1770     3.4011     3.2589     1.8230     0.0000 -124.38190   47.11802       9.23          1  0.000e+00
      13518    563.208     40.455     40.798     7.4660     7.4627  34.551964  34.551033     7.4622     7.4589    33.7150    33.7172    26.3423    26.3445     1.3054     1.4006     39.749     42.647     0.7680     0.7802     0.1770     3.4011     3.2601     1.8230     0.0000 -124.38190   47.11802       9.26          1  0.000e+00
      13519    563.250     40.455     40.798     7.4662     7.4632  34.552527  34.551470     7.4623     7.4593    33.7155    33.7172    26.3427    26.3445     1.3054     1.4006     39.748     42.646     0.7680     0.7802     0.1770     3.4011     3.2589     1.8230     0.0000 -124.38190   47.11802       9.23          1  0.000e+00
      13520    563.292     40.356     40.698     7.4667     7.4634  34.552902  34.551658     7.4629     7.4596    33.7154    33.7172    26.3426    26.3445     1.3054     1.4006     39.747     42.645     0.7680     0.7802     0.1770     3.4011     3.2589     1.8242     0.0000 -124.38190   47.11802       9.40          1  0.000e+00
      13521    563.333     40.356     40.698     7.4667     7.4637  34.552777  34.551470     7.4629     7.4599    33.7153    33.7167    26.3425    26.3440     1.3054     1.4006     39.747     42.645     0.7680     0.7802     0.1770     3.4011     3.2601     1.8230     0.0000 -124.38190   47.11802       9.57          1  0.000e+00
      13522    563.375     40.309     40.651     7.4674     7.4642  34.553465  34.551595     7.4636     7.4604    33.7153    33.7164    26.3424    26.3437     1.3054     1.4006     39.746     42.645     0.7680     0.7802     0.1770     3.4011     3.2589     1.8230     0.0000 -124.38190   47.11802       9.57          1  0.000e+00
      13523    563.417     40.210     40.551     7.4680     7.4643  34.553840  34.551845     7.4642     7.4605    33.7153    33.7166    26.3423    26.3438     1.3053     1.4005     39.745     42.644     0.7680     0.7802     0.1770     3.4011     3.2589     1.8242     0.0000 -124.38190   47.11802       9.57          1  0.000e+00
      13524    563.458     40.210     40.551     7.4683     7.4649  34.553903  34.552470     7.4644     7.4611    33.7150    33.7168    26.3421    26.3439     1.3053     1.3943     39.745     42.455     0.7680     0.7790     0.1770     3.4011     3.2601     1.8266     0.0000 -124.38190   47.11802       9.57          1  0.000e+00
      13525    563.500     40.210     40.551     7.4686     7.4653  34.554341  34.552345     7.4648     7.4615    33.7152    33.7162    26.3421    26.3434     1.3053     1.4005     39.745     42.643     0.7680     0.7802     0.1514     2.7601     3.2589     1.8278     0.0000 -124.38190   47.11802       9.57          1  0.000e+00
      13526    563.542     40.163     40.504     7.4693     7.4653  34.554278  34.552470     7.4654     7.4615    33.7145    33.7164    26.3415    26.3435     1.3053     1.4005     39.744     42.643     0.7680     0.7802     0.1270     2.1496     3.2601     1.8278     0.0000 -124.38190   47.11802       9.67          1  0.000e+00
      13527    563.583     40.110     40.451     7.4694     7.4656  34.554591  34.552594     7.4656     7.4618    33.7147    33.7162    26.3416    26.3433     1.2996     1.4005     39.571     42.642     0.7668     0.7802     0.1221     2.0275     3.2589     1.8266     0.0000 -124.38190   47.11802       9.74          1  0.000e+00
      13528    563.625     40.064     40.404     7.4697     7.4652  34.554528  34.552407     7.4659     7.4614    33.7144    33.7165    26.3413    26.3436     1.3053     1.4005     39.743     42.642     0.7680     0.7802     0.1245     2.0886     3.2589     1.8266     0.0000 -124.38190   47.11802       9.77          1  0.000e+00
      13529    563.667     40.011     40.350     7.4697     7.4655  34.554716  34.552031     7.4659     7.4617    33.7146    33.7158    26.3415    26.3431     1.2996     1.4005     39.570     42.642     0.7668     0.7802     0.1258     2.1191     3.2601     1.8266     0.0000 -124.38190   47.11802       9.77          1  0.000e+00
      13530    563.708     40.011     40.350     7.4703     7.4653  34.555279  34.552156     7.4665     7.4615    33.7146    33.7161    26.3414    26.3433     1.2996     1.3943     39.570     42.453     0.7668     0.7790     0.1258     2.1191     3.2601     1.8278     0.0000 -124.38190   47.11802       9.77          1  0.000e+00
      13531    563.750     39.918     40.257     7.4702     7.4656  34.555466  34.552469     7.4664     7.4619    33.7150    33.7162    26.3417    26.3433     1.2996     1.3942     39.569     42.453     0.7668     0.7790     0.1258     2.1191     3.2589     1.8266     0.0000 -124.38190   47.11802       9.74          1  0.000e+00
      13532    563.792     39.918     40.257     7.4707     7.4658  34.555216  34.552406     7.4669     7.4620    33.7143    33.7159    26.3411    26.3431     1.3052     1.3942     39.742     42.452     0.7680     0.7790     0.1258     2.1191     3.2589     1.8266     0.0000 -124.38190   47.11802       9.91          1  0.000e+00
      13533    563.833     39.925     40.264     7.4709     7.4660  34.555716  34.552531     7.4671     7.4622    33.7146    33.7159    26.3413    26.3431     1.2995     1.3942     39.569     42.452     0.7668     0.7790     0.1258     2.1191     3.2589     1.8278     0.0000 -124.38190   47.11802      10.01          1  0.000e+00
      13534    563.875     39.819     40.157     7.4709     7.4660  34.555341  34.552593     7.4671     7.4622    33.7143    33.7160    26.3411    26.3431     1.2995     1.3942     39.568     42.452     0.7668     0.7790     0.1258     2.1191     3.2601     1.8266     0.0000 -124.38190   47.11802      10.04          1  0.000e+00
      13535    563.917     39.819     40.157     7.4710     7.4660  34.555341  34.553094     7.4672     7.4622    33.7141    33.7166    26.3409    26.3436     1.2995     1.3942     39.568     42.452     0.7668     0.7790     0.1258     2.1191     3.2576     1.8266     0.0000 -124.38190   47.11802      10.01          1  0.000e+00
      13536    563.958     39.720     40.057     7.4712     7.4660  34.555465  34.552531     7.4674     7.4623    33.7141    33.7160    26.3409    26.3431     1.2995     1.3942     39.568     42.451     0.7668     0.7790     0.1258     2.1191     3.2601     1.8266     0.0000 -124.38190   47.11802      10.01          1  0.000e+00
      13537    564.000     39.773     40.110     7.4710     7.4661  34.555215  34.552468     7.4672     7.4624    33.7140    33.7158    26.3408    26.3429     1.2995     1.3942     39.568     42.451     0.7668     0.7790     0.1258     2.1191     3.2576     1.8266     0.0000 -124.38190   47.11802      10.01          1  0.000e+00
      13538    564.042     39.720     40.057     7.4712     7.4663  34.554965  34.553031     7.4674     7.4625    33.7136    33.7163    26.3405    26.3433     1.2995     1.3942     39.568     42.451     0.7668     0.7790     0.1245     2.0886     3.2601     1.8266     0.0000 -124.38190   47.11802      10.16          1  0.000e+00
      13539    564.083     39.620     39.956     7.4710     7.4665  34.555340  34.553218     7.4672     7.4627    33.7142    33.7163    26.3410    26.3433     1.2995     1.3942     39.567     42.450     0.7668     0.7790     0.1258     2.1191     3.2576     1.8266     0.0000 -124.38190   47.11802      10.23          1  0.000e+00
      13540    564.125     39.620     39.956     7.4710     7.4667  34.555215  34.552718     7.4672     7.4629    33.7141    33.7156    26.3409    26.3427     1.2995     1.3942     39.567     42.450     0.7668     0.7790     0.1258     2.1191     3.2589     1.8278     0.0000 -124.38190   47.11802      10.26          1  0.000e+00
      13541    564.167     39.620     39.956     7.4709     7.4672  34.555152  34.553280     7.4671     7.4635    33.7141    33.7156    26.3410    26.3427     1.2995     1.3941     39.567     42.449     0.7668     0.7790     0.1258     2.1191     3.2589     1.8266     0.0000 -124.38190   47.11802      10.26          1  0.000e+00
      13542    564.208     39.574     39.910     7.4709     7.4678  34.554902  34.554218     7.4671     7.4640    33.7139    33.7162    26.3408    26.3430     1.2995     1.3941     39.567     42.448     0.7668     0.7790     0.1245     2.0886     3.2601     1.8266     0.0000 -124.38190   47.11802      10.26          1  0.000e+00
      13543    564.250     39.528     39.863     7.4710     7.4684  34.555027  34.553780     7.4673     7.4646    33.7139    33.7151    26.3408    26.3421     1.2995     1.3941     39.567     42.448     0.7668     0.7790     0.1258     2.1191     3.2589     1.8266     0.0000 -124.38190   47.11802      10.26          1  0.000e+00
      13544    564.292     39.528     39.863     7.4709     7.4683  34.554964  34.553780     7.4671     7.4645    33.7140    33.7152    26.3408    26.3422     1.2995     1.3941     39.567     42.448     0.7668     0.7790     0.1258     2.1191     3.2576     1.8266     0.0000 -124.38190   47.11802      10.38          1  0.000e+00
