West Coast/WCOA-7/CTD_Data/RB2102_CTD_017_01.ros
* Sea-Bird SBE 9 Data File:
* FileName = C:\Users\scs.user.rb\CTD\RB2102\Data\RB2102_CTD_017_01.hex
* Software Version Seasave V 7.26.7.107
* Temperature SN = 6202
* Conductivity SN = 4907
* Number of Bytes Per Scan = 41
* Number of Voltage Words = 4
* Number of Scans Averaged by the Deck Unit = 1
* NMEA Latitude = 48 21.63 N
* NMEA Longitude = 125 13.18 W
* NMEA UTC (Time) = Jun 28 2021  16:09:28
* NMEA baud rate = 4800
# nquan = 30
# nvalues = 784                                   
# units = specified
# name 0 = scan: Scan Count
# name 1 = timeS: Time, Elapsed [seconds]
# name 2 = depSM: Depth [salt water, m]
# name 3 = prDM: Pressure, Digiquartz [db]
# name 4 = t090C: Temperature [ITS-90, deg C]
# name 5 = t190C: Temperature, 2 [ITS-90, deg C]
# name 6 = c0mS/cm: Conductivity [mS/cm]
# name 7 = c1mS/cm: Conductivity, 2 [mS/cm]
# name 8 = potemp090C: Potential Temperature [ITS-90, deg C]
# name 9 = potemp190C: Potential Temperature, 2 [ITS-90, deg C]
# name 10 = sal00: Salinity, Practical [PSU]
# name 11 = sal11: Salinity, Practical, 2 [PSU]
# name 12 = sigma-é00: Density [sigma-theta, kg/m^3]
# name 13 = sigma-é11: Density, 2 [sigma-theta, kg/m^3]
# name 14 = sbeox0Mg/L: Oxygen, SBE 43 [mg/l]
# name 15 = sbeox1Mg/L: Oxygen, SBE 43, 2 [mg/l]
# name 16 = sbox0Mm/Kg: Oxygen, SBE 43 [umol/kg]
# name 17 = sbox1Mm/Kg: Oxygen, SBE 43, 2 [umol/kg]
# name 18 = sbeox0V: Oxygen raw, SBE 43 [V]
# name 19 = sbeox1V: Oxygen raw, SBE 43, 2 [V]
# name 20 = v4: Voltage 4
# name 21 = flECO-AFL: Fluorescence, WET Labs ECO-AFL/FL [mg/m^3]
# name 22 = v3: Voltage 3
# name 23 = v6: Voltage 6
# name 24 = v7: Voltage 7
# name 25 = longitude: Longitude [deg]
# name 26 = latitude: Latitude [deg]
# name 27 = altM: Altimeter [m]
# name 28 = nbf: Bottles Fired
# name 29 = flag:  0.000e+00
# interval = seconds: 0.0416667
# start_time = Jun 28 2021 16:09:28 [NMEA time, header]
# bad_flag = -9.990e-29
*END*
[from data line 49]
      23121    963.333    170.532    172.053     6.2784     6.2793  33.767369  33.767278     6.2635     6.2645    33.9569    33.9559    26.6949    26.6939     1.6612     1.6730     50.563     50.924     0.8291     0.8193     0.0415     0.0129     3.2393     1.7778     0.0904 -125.21992   48.36090      10.09          2  0.000e+00
      23122    963.375    170.486    172.006     6.2783     6.2792  33.767059  33.766968     6.2634     6.2643    33.9567    33.9557    26.6947    26.6938     1.6612     1.6730     50.563     50.924     0.8291     0.8193     0.0415     0.0129     3.2393     1.7778     0.0904 -125.21992   48.36090      10.11          2  0.000e+00
      23123    963.417    170.572    172.093     6.2783     6.2792  33.767121  33.767340     6.2634     6.2643    33.9567    33.9561    26.6948    26.6941     1.6612     1.6730     50.563     50.924     0.8291     0.8193     0.0415     0.0129     3.2393     1.7778     0.0904 -125.21992   48.36090      10.09          2  0.000e+00
      23124    963.458    170.532    172.053     6.2784     6.2792  33.767245  33.767526     6.2635     6.2643    33.9567    33.9563    26.6948    26.6943     1.6612     1.6730     50.563     50.924     0.8291     0.8193     0.0415     0.0129     3.2393     1.7778     0.0904 -125.21992   48.36090      10.11          2  0.000e+00
      23125    963.500    170.486    172.006     6.2784     6.2793  33.767059  33.767278     6.2635     6.2645    33.9566    33.9559    26.6946    26.6940     1.6612     1.6730     50.563     50.923     0.8291     0.8193     0.0415     0.0129     3.2393     1.7790     0.0904 -125.21992   48.36090      10.11          2  0.000e+00
      23126    963.542    170.532    172.053     6.2784     6.2795  33.767183  33.767402     6.2635     6.2647    33.9567    33.9558    26.6947    26.6939     1.6671     1.6730     50.743     50.923     0.8303     0.8193     0.0415     0.0129     3.2393     1.7778     0.0904 -125.21992   48.36090      10.09          2  0.000e+00
      23127    963.583    170.526    172.046     6.2784     6.2797  33.767307  33.767526     6.2635     6.2648    33.9568    33.9558    26.6948    26.6938     1.6612     1.6730     50.563     50.923     0.8291     0.8193     0.0415     0.0129     3.2393     1.7778     0.0904 -125.21992   48.36090      10.11          2  0.000e+00
      23128    963.625    170.486    172.006     6.2784     6.2797  33.766811  33.767526     6.2635     6.2648    33.9563    33.9558    26.6944    26.6939     1.6612     1.6730     50.563     50.923     0.8291     0.8193     0.0415     0.0129     3.2393     1.7778     0.0904 -125.21992   48.36090      10.13          2  0.000e+00
      23129    963.667    170.532    172.053     6.2781     6.2798  33.766873  33.767960     6.2632     6.2650    33.9567    33.9561    26.6947    26.6941     1.6612     1.6730     50.563     50.923     0.8291     0.8193     0.0415     0.0129     3.2393     1.7778     0.0904 -125.21992   48.36090      10.13          2  0.000e+00
      23130    963.708    170.486    172.006     6.2781     6.2798  33.766997  33.767650     6.2632     6.2650    33.9568    33.9558    26.6949    26.6938     1.6612     1.6730     50.563     50.923     0.8291     0.8193     0.0415     0.0129     3.2393     1.7778     0.0904 -125.21992   48.36090      10.13          2  0.000e+00
      23131    963.750    170.486    172.006     6.2781     6.2799  33.766749  33.767711     6.2632     6.2650    33.9566    33.9558    26.6946    26.6938     1.6612     1.6730     50.563     50.923     0.8291     0.8193     0.0415     0.0129     3.2393     1.7778     0.0904 -125.21992   48.36090      10.13          2  0.000e+00
      23132    963.792    170.479    171.999     6.2779     6.2798  33.767059  33.767835     6.2631     6.2650    33.9570    33.9560    26.6951    26.6940     1.6612     1.6730     50.563     50.923     0.8291     0.8193     0.0415     0.0129     3.2381     1.7778     0.0904 -125.21992   48.36090      10.13          2  0.000e+00
      23133    963.833    170.486    172.006     6.2784     6.2798  33.767245  33.767835     6.2635     6.2650    33.9568    33.9560    26.6948    26.6940     1.6612     1.6730     50.562     50.923     0.8291     0.8193     0.0415     0.0129     3.2393     1.7778     0.0904 -125.21992   48.36090      10.13          2  0.000e+00
      23134    963.875    170.486    172.006     6.2783     6.2800  33.767059  33.767835     6.2634     6.2651    33.9567    33.9559    26.6947    26.6939     1.6612     1.6730     50.563     50.922     0.8291     0.8193     0.0415     0.0129     3.2393     1.7778     0.0904 -125.21992   48.36090      10.13          2  0.000e+00
      23135    963.917    170.486    172.006     6.2783     6.2800  33.767183  33.768021     6.2634     6.2651    33.9568    33.9561    26.6949    26.6940     1.6671     1.6730     50.743     50.922     0.8303     0.8193     0.0415     0.0129     3.2393     1.7778     0.0904 -125.21992   48.36090      10.13          2  0.000e+00
      23136    963.958    170.426    171.946     6.2784     6.2801  33.767058  33.767649     6.2636     6.2653    33.9566    33.9555    26.6946    26.6935     1.6612     1.6730     50.562     50.922     0.8291     0.8193     0.0415     0.0129     3.2381     1.7778     0.0904 -125.21992   48.36090      10.13          2  0.000e+00
      23137    964.000    170.433    171.952     6.2783     6.2803  33.767183  33.767711     6.2634     6.2655    33.9569    33.9554    26.6949    26.6935     1.6612     1.6730     50.562     50.922     0.8291     0.8193     0.0415     0.0129     3.2381     1.7778     0.0904 -125.21992   48.36090      10.13          2  0.000e+00
      23138    964.042    170.486    172.006     6.2783     6.2804  33.767307  33.768021     6.2634     6.2656    33.9570    33.9556    26.6950    26.6936     1.6612     1.6730     50.563     50.922     0.8291     0.8193     0.0415     0.0129     3.2405     1.7778     0.0904 -125.21992   48.36090      10.13          2  0.000e+00
      23139    964.083    170.433    171.952     6.2781     6.2808  33.767493  33.768331     6.2632     6.2659    33.9574    33.9556    26.6953    26.6936     1.6612     1.6729     50.562     50.921     0.8291     0.8193     0.0415     0.0129     3.2405     1.7778     0.0904 -125.21992   48.36090      10.16          2  0.000e+00
      23140    964.125    170.426    171.946     6.2784     6.2806  33.767245  33.768207     6.2636     6.2658    33.9568    33.9556    26.6948    26.6936     1.6612     1.6730     50.562     50.921     0.8291     0.8193     0.0415     0.0129     3.2405     1.7778     0.0904 -125.21992   48.36090      10.18          2  0.000e+00
      23141    964.167    170.433    171.952     6.2783     6.2806  33.767245  33.768145     6.2634     6.2657    33.9569    33.9556    26.6949    26.6936     1.6612     1.6730     50.562     50.921     0.8291     0.8193     0.0415     0.0129     3.2393     1.7778     0.0904 -125.21992   48.36090      10.18          2  0.000e+00
      23142    964.208    170.433    171.952     6.2787     6.2808  33.767307  33.768145     6.2639     6.2659    33.9565    33.9554    26.6945    26.6934     1.6611     1.6729     50.562     50.921     0.8291     0.8193     0.0415     0.0129     3.2381     1.7778     0.0904 -125.21992   48.36090      10.18          2  0.000e+00
      23143    964.250    170.433    171.952     6.2785     6.2804  33.767307  33.767897     6.2637     6.2656    33.9567    33.9555    26.6947    26.6935     1.6612     1.6730     50.562     50.922     0.8291     0.8193     0.0415     0.0129     3.2381     1.7790     0.0904 -125.21992   48.36090      10.16          2  0.000e+00
      23144    964.292    170.380    171.899     6.2787     6.2803  33.767740  33.768269     6.2639     6.2655    33.9570    33.9561    26.6949    26.6940     1.6611     1.6730     50.561     50.921     0.8291     0.8193     0.0415     0.0129     3.2405     1.7778     0.0904 -125.21992   48.36090      10.18          2  0.000e+00
      23145    964.333    170.386    171.906     6.2789     6.2803  33.767927  33.767711     6.2640     6.2655    33.9571    33.9554    26.6950    26.6934     1.6611     1.6730     50.561     50.921     0.8291     0.8193     0.0415     0.0129     3.2381     1.7778     0.0904 -125.21992   48.36090      10.21          2  0.000e+00
      23146    964.375    170.433    171.952     6.2790     6.2801  33.767679  33.767711     6.2642     6.2653    33.9567    33.9556    26.6946    26.6936     1.6611     1.6730     50.561     50.922     0.8291     0.8193     0.0415     0.0129     3.2393     1.7778     0.0904 -125.21992   48.36090      10.21          2  0.000e+00
      23147    964.417    170.386    171.906     6.2792     6.2800  33.767616  33.768021     6.2644     6.2651    33.9564    33.9561    26.6944    26.6941     1.6611     1.6730     50.561     50.922     0.8291     0.8193     0.0415     0.0129     3.2381     1.7778     0.0904 -125.21992   48.36090      10.21          2  0.000e+00
      23148    964.458    170.386    171.906     6.2790     6.2800  33.768051  33.767897     6.2642     6.2651    33.9571    33.9560    26.6949    26.6940     1.6611     1.6730     50.561     50.922     0.8291     0.8193     0.0415     0.0129     3.2381     1.7778     0.0904 -125.21992   48.36090      10.21          2  0.000e+00
      23149    964.500    170.380    171.899     6.2789     6.2799  33.767865  33.768021     6.2640     6.2650    33.9570    33.9562    26.6949    26.6942     1.6611     1.6730     50.561     50.922     0.8291     0.8193     0.0415     0.0129     3.2405     1.7778     0.0904 -125.21992   48.36090      10.21          2  0.000e+00
      23150    964.542    170.386    171.906     6.2787     6.2801  33.768113  33.767897     6.2639     6.2653    33.9574    33.9558    26.6953    26.6938     1.6611     1.6730     50.561     50.922     0.8291     0.8193     0.0415     0.0129     3.2381     1.7778     0.0904 -125.21992   48.36090      10.21          2  0.000e+00
      23151    964.583    170.386    171.906     6.2790     6.2800  33.767740  33.767587     6.2642     6.2651    33.9567    33.9556    26.6947    26.6937     1.6611     1.6730     50.561     50.922     0.8291     0.8193     0.0415     0.0129     3.2381     1.7778     0.0904 -125.21992   48.36090      10.23          2  0.000e+00
      23152    964.625    170.386    171.906     6.2790     6.2803  33.767616  33.767711     6.2642     6.2655    33.9566    33.9554    26.6946    26.6935     1.6611     1.6730     50.561     50.921     0.8291     0.8193     0.0415     0.0129     3.2405     1.7778     0.0904 -125.21992   48.36090      10.23          2  0.000e+00
      23153    964.667    170.327    171.845     6.2792     6.2803  33.767802  33.767835     6.2644     6.2655    33.9566    33.9556    26.6946    26.6936     1.6611     1.6794     50.560     51.118     0.8291     0.8205     0.0415     0.0129     3.2381     1.7778     0.0904 -125.21992   48.36090      10.23          2  0.000e+00
      23154    964.708    170.386    171.906     6.2790     6.2803  33.767927  33.768269     6.2642     6.2655    33.9570    33.9560    26.6948    26.6939     1.6611     1.6730     50.561     50.921     0.8291     0.8193     0.0415     0.0129     3.2381     1.7778     0.0904 -125.21992   48.36090      10.23          2  0.000e+00
      23155    964.750    170.340    171.859     6.2794     6.2806  33.767678  33.768640     6.2645     6.2658    33.9564    33.9562    26.6943    26.6940     1.6611     1.6729     50.560     50.920     0.8291     0.8193     0.0415     0.0129     3.2381     1.7778     0.0904 -125.21992   48.36090      10.23          2  0.000e+00
      23156    964.792    170.340    171.859     6.2795     6.2809  33.768050  33.768764     6.2647     6.2661    33.9566    33.9560    26.6945    26.6938     1.6611     1.6794     50.560     51.117     0.8291     0.8205     0.0415     0.0129     3.2381     1.7778     0.0904 -125.21992   48.36090      10.23          2  0.000e+00
      23157    964.833    170.380    171.899     6.2797     6.2811  33.768299  33.768517     6.2649     6.2662    33.9567    33.9556    26.6945    26.6935     1.6611     1.6729     50.560     50.920     0.8291     0.8193     0.0415     0.0129     3.2381     1.7778     0.0904 -125.21992   48.36090      10.26          2  0.000e+00
      23158    964.875    170.287    171.805     6.2800     6.2811  33.767988  33.768454     6.2652     6.2663    33.9561    33.9555    26.6940    26.6934     1.6611     1.6729     50.559     50.920     0.8291     0.8193     0.0415     0.0129     3.2393     1.7778     0.0904 -125.21992   48.36090      10.26          2  0.000e+00
      23159    964.917    170.340    171.859     6.2798     6.2813  33.767926  33.768888     6.2650     6.2664    33.9562    33.9558    26.6941    26.6936     1.6611     1.6729     50.560     50.920     0.8291     0.8193     0.0415     0.0129     3.2381     1.7778     0.0904 -125.21992   48.36090      10.28          2  0.000e+00
      23160    964.958    170.340    171.859     6.2800     6.2816  33.768112  33.768826     6.2652     6.2667    33.9562    33.9554    26.6941    26.6933     1.6611     1.6729     50.560     50.919     0.8291     0.8193     0.0415     0.0129     3.2393     1.7778     0.0904 -125.21992   48.36090      10.26          2  0.000e+00
      23161    965.000    170.340    171.859     6.2800     6.2824  33.768236  33.769136     6.2652     6.2675    33.9564    33.9550    26.6942    26.6929     1.6611     1.6664     50.560     50.722     0.8291     0.8181     0.0415     0.0129     3.2393     1.7778     0.0904 -125.21992   48.36090      10.28          2  0.000e+00
      23162    965.042    170.327    171.845     6.2798     6.2827  33.768236  33.769322     6.2650     6.2679    33.9565    33.9549    26.6944    26.6927     1.6611     1.6728     50.560     50.918     0.8291     0.8193     0.0415     0.0129     3.2393     1.7778     0.0904 -125.21992   48.36090      10.28          2  0.000e+00
      23163    965.083    170.340    171.859     6.2800     6.2827  33.768236  33.769322     6.2652     6.2679    33.9564    33.9548    26.6942    26.6927     1.6611     1.6729     50.560     50.918     0.8291     0.8193     0.0415     0.0129     3.2393     1.7778     0.0904 -125.21992   48.36090      10.28          2  0.000e+00
      23164    965.125    170.287    171.805     6.2801     6.2832  33.768422  33.770003     6.2653     6.2684    33.9564    33.9552    26.6943    26.6929     1.6611     1.6728     50.559     50.917     0.8291     0.8193     0.0415     0.0129     3.2381     1.7778     0.0904 -125.21992   48.36090      10.31          2  0.000e+00
      23165    965.167    170.340    171.859     6.2801     6.2837  33.768360  33.770251     6.2653     6.2688    33.9563    33.9549    26.6942    26.6926     1.6611     1.6728     50.559     50.917     0.8291     0.8193     0.0415     0.0129     3.2393     1.7778     0.0904 -125.21992   48.36090      10.31          2  0.000e+00
      23166    965.208    170.280    171.799     6.2803     6.2837  33.768732  33.770003     6.2655     6.2688    33.9566    33.9547    26.6944    26.6924     1.6610     1.6728     50.559     50.917     0.8291     0.8193     0.0415     0.0129     3.2381     1.7778     0.0904 -125.21992   48.36090      10.28          2  0.000e+00
      23167    965.250    170.287    171.805     6.2803     6.2840  33.768360  33.770127     6.2655     6.2691    33.9562    33.9545    26.6941    26.6923     1.6611     1.6663     50.559     50.719     0.8291     0.8181     0.0415     0.0129     3.2393     1.7778     0.0904 -125.21992   48.36090      10.31          2  0.000e+00
