West Coast/WCOA-7/CTD_Data/RB2102_CTD_017_01.ros
* Sea-Bird SBE 9 Data File:
* FileName = C:\Users\scs.user.rb\CTD\RB2102\Data\RB2102_CTD_017_01.hex
* Software Version Seasave V 7.26.7.107
* Temperature SN = 6202
* Conductivity SN = 4907
* Number of Bytes Per Scan = 41
* Number of Voltage Words = 4
* Number of Scans Averaged by the Deck Unit = 1
* NMEA Latitude = 48 21.63 N
* NMEA Longitude = 125 13.18 W
* NMEA UTC (Time) = Jun 28 2021  16:09:28
* NMEA baud rate = 4800
# nquan = 30
# nvalues = 784                                   
# units = specified
# name 0 = scan: Scan Count
# name 1 = timeS: Time, Elapsed [seconds]
# name 2 = depSM: Depth [salt water, m]
# name 3 = prDM: Pressure, Digiquartz [db]
# name 4 = t090C: Temperature [ITS-90, deg C]
# name 5 = t190C: Temperature, 2 [ITS-90, deg C]
# name 6 = c0mS/cm: Conductivity [mS/cm]
# name 7 = c1mS/cm: Conductivity, 2 [mS/cm]
# name 8 = potemp090C: Potential Temperature [ITS-90, deg C]
# name 9 = potemp190C: Potential Temperature, 2 [ITS-90, deg C]
# name 10 = sal00: Salinity, Practical [PSU]
# name 11 = sal11: Salinity, Practical, 2 [PSU]
# name 12 = sigma-é00: Density [sigma-theta, kg/m^3]
# name 13 = sigma-é11: Density, 2 [sigma-theta, kg/m^3]
# name 14 = sbeox0Mg/L: Oxygen, SBE 43 [mg/l]
# name 15 = sbeox1Mg/L: Oxygen, SBE 43, 2 [mg/l]
# name 16 = sbox0Mm/Kg: Oxygen, SBE 43 [umol/kg]
# name 17 = sbox1Mm/Kg: Oxygen, SBE 43, 2 [umol/kg]
# name 18 = sbeox0V: Oxygen raw, SBE 43 [V]
# name 19 = sbeox1V: Oxygen raw, SBE 43, 2 [V]
# name 20 = v4: Voltage 4
# name 21 = flECO-AFL: Fluorescence, WET Labs ECO-AFL/FL [mg/m^3]
# name 22 = v3: Voltage 3
# name 23 = v6: Voltage 6
# name 24 = v7: Voltage 7
# name 25 = longitude: Longitude [deg]
# name 26 = latitude: Latitude [deg]
# name 27 = altM: Altimeter [m]
# name 28 = nbf: Bottles Fired
# name 29 = flag:  0.000e+00
# interval = seconds: 0.0416667
# start_time = Jun 28 2021 16:09:28 [NMEA time, header]
# bad_flag = -9.990e-29
*END*
[from data line 581]
      54862   2285.875     19.796     19.965     8.5970     8.5906  34.746392  34.742622     8.5949     8.5886    32.8566    32.8585    25.5024    25.5049     4.8930     4.8051    149.105    146.427     1.5665     1.4762     0.0537     0.3181     3.2112     1.5372     0.0904 -125.22026   48.36160      99.51         12  0.000e+00
      54863   2285.917     19.749     19.918     8.5955     8.5902  34.745828  34.742559     8.5935     8.5882    32.8574    32.8589    25.5032    25.5052     4.8986     4.7991    149.277    146.244     1.5678     1.4750     0.0537     0.3181     3.2137     1.5372     0.0904 -125.22026   48.36160      99.49         12  0.000e+00
      54864   2285.958     19.796     19.965     8.5947     8.5900  34.745891  34.742810     8.5927     8.5880    32.8582    32.8593    25.5040    25.5056     4.8932     4.7991    149.111    146.245     1.5665     1.4750     0.0537     0.3181     3.2137     1.5372     0.0904 -125.22026   48.36160      99.49         12  0.000e+00
      54865   2286.000     19.749     19.918     8.5934     8.5903  34.745201  34.742873     8.5914     8.5883    32.8587    32.8591    25.5046    25.5054     4.8933     4.8051    149.114    146.427     1.5665     1.4762     0.0525     0.2876     3.2137     1.5385     0.0904 -125.22026   48.36160      99.49         12  0.000e+00
      54866   2286.042     19.796     19.965     8.5924     8.5902  34.744323  34.742873     8.5904     8.5882    32.8586    32.8592    25.5047    25.5055     4.8934     4.8051    149.118    146.428     1.5665     1.4762     0.0525     0.2876     3.2137     1.5385     0.0904 -125.22026   48.36160      99.49         12  0.000e+00
      54867   2286.083     19.796     19.965     8.5910     8.5906  34.743885  34.742873     8.5890     8.5886    32.8595    32.8588    25.5056    25.5051     4.8936     4.8051    149.122    146.427     1.5665     1.4762     0.0537     0.3181     3.2125     1.5385     0.0904 -125.22026   48.36160      99.49         12  0.000e+00
      54868   2286.125     19.796     19.965     8.5900     8.5918  34.743571  34.743061     8.5880     8.5898    32.8601    32.8579    25.5062    25.5042     4.8937     4.8050    149.125    146.424     1.5665     1.4762     0.0537     0.3181     3.2125     1.5372     0.0904 -125.22026   48.36160      99.49         12  0.000e+00
      57035   2376.417     15.074     15.202     8.8593     8.8539  34.875684  34.874826     8.8577     8.8524    32.7510    32.7550    25.3795    25.3834     5.3307     5.2422    162.462    159.766     1.6703     1.5714     0.0574     0.4097     3.2125     1.4994     0.0904 -125.22024   48.36162      99.44         13  0.000e+00
      57036   2376.458     15.067     15.196     8.8594     8.8542  34.875810  34.874952     8.8578     8.8527    32.7510    32.7549    25.3794    25.3833     5.3306     5.2422    162.462    159.765     1.6703     1.5714     0.0574     0.4097     3.2112     1.4994     0.0904 -125.22024   48.36162      99.44         13  0.000e+00
      57037   2376.500     15.113     15.242     8.8591     8.8550  34.875998  34.874889     8.8575     8.8535    32.7515    32.7541    25.3799    25.3825     5.3307     5.2421    162.463    159.763     1.6703     1.5714     0.0574     0.4097     3.2125     1.4994     0.0904 -125.22024   48.36162      99.41         13  0.000e+00
      57038   2376.542     15.074     15.202     8.8594     8.8559  34.875872  34.875140     8.8578     8.8544    32.7511    32.7535    25.3795    25.3819     5.3306     5.2420    162.462    159.760     1.6703     1.5714     0.0574     0.4097     3.2125     1.4994     0.0904 -125.22024   48.36162      99.41         13  0.000e+00
      57039   2376.583     15.114     15.243     8.8595     8.8572  34.875998  34.874952     8.8579     8.8556    32.7511    32.7522    25.3795    25.3807     5.3307     5.2419    162.462    159.757     1.6703     1.5714     0.0574     0.4097     3.2112     1.4994     0.0904 -125.22024   48.36162      99.44         13  0.000e+00
      57040   2376.625     15.028     15.156     8.8591     8.8577  34.876124  34.875140     8.8575     8.8562    32.7516    32.7519    25.3800    25.3804     5.3306     5.2418    162.461    159.754     1.6703     1.5714     0.0574     0.4097     3.2125     1.4994     0.0904 -125.22024   48.36162      99.44         13  0.000e+00
      57041   2376.667     15.114     15.243     8.8593     8.8580  34.876312  34.874826     8.8577     8.8564    32.7516    32.7512    25.3800    25.3799     5.3307     5.2418    162.462    159.755     1.6703     1.5714     0.0574     0.4097     3.2112     1.4994     0.0904 -125.22024   48.36162      99.44         13  0.000e+00
      57042   2376.708     15.067     15.196     8.8593     8.8584  34.876626  34.874826     8.8577     8.8568    32.7520    32.7509    25.3802    25.3795     5.3306     5.2418    162.461    159.753     1.6703     1.5714     0.0574     0.4097     3.2112     1.5006     0.0904 -125.22024   48.36162      99.44         13  0.000e+00
      57043   2376.750     15.074     15.203     8.8594     8.8595  34.875998  34.874951     8.8578     8.8579    32.7512    32.7500    25.3796    25.3786     5.3306     5.2417    162.462    159.750     1.6703     1.5714     0.0574     0.4097     3.2112     1.4994     0.0904 -125.22024   48.36162      99.44         13  0.000e+00
      57044   2376.792     15.068     15.196     8.8593     8.8601  34.876249  34.874637     8.8577     8.8586    32.7516    32.7491    25.3799    25.3779     5.3306     5.2476    162.462    159.931     1.6703     1.5726     0.0574     0.4097     3.2125     1.4994     0.0904 -125.22024   48.36162      99.41         13  0.000e+00
      57045   2376.833     15.074     15.203     8.8596     8.8608  34.876438  34.874637     8.8580     8.8593    32.7515    32.7485    25.3798    25.3772     5.3361     5.2475    162.628    159.929     1.6716     1.5726     0.0574     0.4097     3.2112     1.4994     0.0904 -125.22024   48.36162      99.44         13  0.000e+00
      57046   2376.875     15.114     15.243     8.8603     8.8603  34.876438  34.874575     8.8587     8.8587    32.7508    32.7488    25.3792    25.3776     5.3361     5.2476    162.627    159.932     1.6716     1.5726     0.0586     0.4402     3.2112     1.4994     0.0904 -125.22024   48.36162      99.44         13  0.000e+00
      57047   2376.917     15.068     15.196     8.8601     8.8593  34.876186  34.874386     8.8585     8.8578    32.7508    32.7496    25.3792    25.3784     5.3361     5.2477    162.627    159.934     1.6716     1.5726     0.0586     0.4402     3.2112     1.4994     0.0904 -125.22024   48.36162      99.41         13  0.000e+00
      57048   2376.958     15.074     15.203     8.8601     8.8581  34.876312  34.874387     8.8585     8.8566    32.7509    32.7507    25.3793    25.3794     5.3361     5.2478    162.627    159.937     1.6716     1.5726     0.0586     0.4402     3.2112     1.4994     0.0904 -125.22024   48.36162      99.44         13  0.000e+00
      57049   2377.000     15.114     15.243     8.8606     8.8571  34.876626  34.874261     8.8590     8.8555    32.7508    32.7515    25.3791    25.3802     5.3360     5.2479    162.626    159.941     1.6716     1.5726     0.0586     0.4402     3.2125     1.4994     0.0904 -125.22024   48.36162      99.41         13  0.000e+00
      57050   2377.042     15.074     15.203     8.8609     8.8565  34.876940  34.873885     8.8593     8.8550    32.7508    32.7516    25.3791    25.3804     5.3360     5.2480    162.624    159.942     1.6716     1.5726     0.0586     0.4402     3.2112     1.4994     0.0904 -125.22024   48.36162      99.44         13  0.000e+00
      57051   2377.083     15.114     15.243     8.8610     8.8566  34.876814  34.874324     8.8595     8.8550    32.7505    32.7520    25.3788    25.3807     5.3360     5.2480    162.625    159.942     1.6716     1.5726     0.0586     0.4402     3.2125     1.4994     0.0904 -125.22024   48.36162      99.41         13  0.000e+00
      57052   2377.125     15.068     15.196     8.8614     8.8575  34.876751  34.874198     8.8598     8.8559    32.7502    32.7511    25.3785    25.3798     5.3359     5.2479    162.623    159.939     1.6716     1.5726     0.0586     0.4402     3.2125     1.4994     0.0904 -125.22024   48.36162      99.41         13  0.000e+00
      57053   2377.167     15.121     15.250     8.8609     8.8595  34.876500  34.874449     8.8594     8.8579    32.7503    32.7495    25.3786    25.3782     5.3360     5.2477    162.625    159.934     1.6716     1.5726     0.0586     0.4402     3.2112     1.4994     0.0904 -125.22024   48.36162      99.44         13  0.000e+00
      57054   2377.208     15.068     15.197     8.8604     8.8611  34.876877  34.874888     8.8588     8.8595    32.7512    32.7485    25.3795    25.3772     5.3415     5.2475    162.793    159.928     1.6728     1.5726     0.0586     0.4402     3.2125     1.4994     0.0904 -125.22024   48.36162      99.41         13  0.000e+00
      57055   2377.250     15.075     15.203     8.8599     8.8608  34.877066  34.874888     8.8583     8.8593    32.7518    32.7487    25.3800    25.3774     5.3416     5.2475    162.794    159.929     1.6728     1.5726     0.0586     0.4402     3.2112     1.4994     0.0904 -125.22024   48.36162      99.44         13  0.000e+00
      57056   2377.292     15.167     15.297     8.8596     8.8597  34.877066  34.875140     8.8580     8.8581    32.7521    32.7500    25.3803    25.3786     5.3416     5.2477    162.797    159.934     1.6728     1.5726     0.0586     0.4402     3.2112     1.4994     0.0904 -125.22024   48.36162      99.44         13  0.000e+00
      57057   2377.333     15.114     15.243     8.8602     8.8592  34.877066  34.874575     8.8587     8.8576    32.7515    32.7499    25.3797    25.3786     5.3415     5.2477    162.794    159.935     1.6728     1.5726     0.0586     0.4402     3.2125     1.4994     0.0904 -125.22024   48.36162      99.44         13  0.000e+00
      57058   2377.375     15.075     15.203     8.8609     8.8605  34.877505  34.874951     8.8593     8.8589    32.7514    32.7491    25.3795    25.3778     5.3414     5.2476    162.791    159.930     1.6728     1.5726     0.0586     0.4402     3.2125     1.4994     0.0904 -125.22024   48.36162      99.44         13  0.000e+00
      57059   2377.417     15.167     15.297     8.8614     8.8611  34.877694  34.874826     8.8598     8.8595    32.7511    32.7483    25.3792    25.3771     5.3415     5.2476    162.791    159.930     1.6728     1.5726     0.0586     0.4402     3.2125     1.4994     0.0904 -125.22024   48.36162      99.41         13  0.000e+00
      57060   2377.458     15.121     15.250     8.8624     8.8605  34.877882  34.874575     8.8609     8.8589    32.7503    32.7487    25.3785    25.3775     5.3413     5.2476    162.787    159.931     1.6728     1.5726     0.0586     0.4402     3.2125     1.4994     0.0904 -125.22024   48.36162      99.44         13  0.000e+00
      57061   2377.500     15.115     15.244     8.8628     8.8595  34.878196  34.874387     8.8612     8.8579    32.7503    32.7494    25.3784    25.3782     5.3413     5.2537    162.786    160.117     1.6728     1.5739     0.0586     0.4402     3.2112     1.4994     0.0904 -125.22024   48.36162      99.44         13  0.000e+00
      57062   2377.542     15.115     15.244     8.8631     8.8557  34.878070  34.872881     8.8616     8.8541    32.7499    32.7513    25.3780    25.3803     5.3467     5.2541    162.953    160.129     1.6740     1.5739     0.0586     0.4402     3.2112     1.4994     0.0904 -125.22024   48.36162      99.44         13  0.000e+00
      57063   2377.583     15.174     15.304     8.8634     8.8502  34.878196  34.870811     8.8619     8.8486    32.7497    32.7542    25.3778    25.3834     5.3468     5.2548    162.953    160.149     1.6740     1.5739     0.0586     0.4402     3.2112     1.4994     0.0904 -125.22024   48.36162      99.41         13  0.000e+00
      57064   2377.625     15.115     15.244     8.8636     8.8470  34.878510  34.869744     8.8621     8.8454    32.7499    32.7561    25.3779    25.3853     5.3467     5.2551    162.951    160.158     1.6740     1.5739     0.0586     0.4402     3.2112     1.4994     0.0904 -125.22024   48.36162      99.44         13  0.000e+00
      57065   2377.667     15.174     15.304     8.8630     8.8463  34.877882  34.870121     8.8614     8.8447    32.7498    32.7571    25.3780    25.3863     5.3468     5.2552    162.955    160.160     1.6740     1.5739     0.0586     0.4402     3.2112     1.4994     0.0904 -125.22024   48.36162      99.44         13  0.000e+00
      57066   2377.708     15.168     15.297     8.8623     8.8446  34.877882  34.869808     8.8608     8.8430    32.7504    32.7584    25.3785    25.3875     5.3469     5.2553    162.956    160.166     1.6740     1.5739     0.0586     0.4402     3.2112     1.4994     0.0904 -125.22024   48.36162      99.44         13  0.000e+00
      57067   2377.750     15.168     15.297     8.8627     8.8444  34.878008  34.870498     8.8611     8.8428    32.7502    32.7593    25.3784    25.3883     5.3523     5.2553    163.123    160.165     1.6752     1.5739     0.0586     0.4402     3.2112     1.4994     0.0904 -125.22024   48.36162      99.41         13  0.000e+00
      57068   2377.792     15.122     15.251     8.8628     8.8440  34.878196  34.870184     8.8612     8.8425    32.7504    32.7593    25.3784    25.3883     5.3523     5.2494    163.121    159.983     1.6752     1.5726     0.0586     0.4402     3.2112     1.4994     0.0904 -125.22024   48.36162      99.44         13  0.000e+00
      57069   2377.833     15.168     15.297     8.8620     8.8434  34.877819  34.869870     8.8604     8.8418    32.7506    32.7596    25.3788    25.3886     5.3524     5.2555    163.125    160.169     1.6752     1.5739     0.0586     0.4402     3.2112     1.4994     0.0904 -125.22024   48.36162      99.44         13  0.000e+00
      57070   2377.875     15.175     15.304     8.8610     8.8440  34.877443  34.870874     8.8595     8.8425    32.7511    32.7600    25.3793    25.3889     5.3470     5.2554    162.960    160.166     1.6740     1.5739     0.0586     0.4402     3.2112     1.4994     0.0904 -125.22024   48.36162      99.44         13  0.000e+00
      57071   2377.917     15.214     15.344     8.8606     8.8470  34.877568  34.871627     8.8590     8.8454    32.7517    32.7580    25.3798    25.3869     5.3526     5.2551    163.130    160.157     1.6752     1.5739     0.0586     0.4402     3.2125     1.4994     0.0904 -125.22024   48.36162      99.44         13  0.000e+00
      57072   2377.958     15.214     15.344     8.8597     8.8494  34.876940  34.873007     8.8581     8.8478    32.7518    32.7572    25.3800    25.3859     5.3527     5.2548    163.133    160.149     1.6752     1.5739     0.0586     0.4402     3.2125     1.4994     0.0904 -125.22024   48.36162      99.44         13  0.000e+00
      57073   2378.000     15.175     15.304     8.8589     8.8531  34.876501  34.873823     8.8574     8.8515    32.7521    32.7547    25.3804    25.3833     5.3527     5.2544    163.135    160.137     1.6752     1.5739     0.0586     0.4402     3.2112     1.4994     0.0904 -125.22024   48.36162      99.41         13  0.000e+00
      57074   2378.042     15.261     15.391     8.8597     8.8556  34.876438  34.874701     8.8581     8.8540    32.7513    32.7533    25.3796    25.3818     5.3527     5.2542    163.135    160.131     1.6752     1.5739     0.0586     0.4402     3.2125     1.4994     0.0904 -125.22024   48.36162      99.41         13  0.000e+00
