West Coast/WCOA-7/CTD_Data/RB2102_CTD_104_01.ros
* Sea-Bird SBE 9 Data File:
* FileName = C:\Users\scs.user.rb\CTD\RB2102\Data\RB2102_CTD_104_01.hex
* Software Version Seasave V 7.26.7.107
* Temperature SN = 6202
* Conductivity SN = 4907
* Number of Bytes Per Scan = 41
* Number of Voltage Words = 4
* Number of Scans Averaged by the Deck Unit = 1
* NMEA Latitude = 35 37.85 N
* NMEA Longitude = 121 17.53 W
* NMEA UTC (Time) = Jul 15 2021  16:37:09
* NMEA baud rate = 4800
# nquan = 30
# nvalues = 559                                   
# units = specified
# name 0 = scan: Scan Count
# name 1 = timeS: Time, Elapsed [seconds]
# name 2 = depSM: Depth [salt water, m]
# name 3 = prDM: Pressure, Digiquartz [db]
# name 4 = t090C: Temperature [ITS-90, deg C]
# name 5 = t190C: Temperature, 2 [ITS-90, deg C]
# name 6 = c0mS/cm: Conductivity [mS/cm]
# name 7 = c1mS/cm: Conductivity, 2 [mS/cm]
# name 8 = potemp090C: Potential Temperature [ITS-90, deg C]
# name 9 = potemp190C: Potential Temperature, 2 [ITS-90, deg C]
# name 10 = sal00: Salinity, Practical [PSU]
# name 11 = sal11: Salinity, Practical, 2 [PSU]
# name 12 = sigma-é00: Density [sigma-theta, kg/m^3]
# name 13 = sigma-é11: Density, 2 [sigma-theta, kg/m^3]
# name 14 = sbeox0Mg/L: Oxygen, SBE 43 [mg/l]
# name 15 = sbeox1Mg/L: Oxygen, SBE 43, 2 [mg/l]
# name 16 = sbox0Mm/Kg: Oxygen, SBE 43 [umol/kg]
# name 17 = sbox1Mm/Kg: Oxygen, SBE 43, 2 [umol/kg]
# name 18 = sbeox0V: Oxygen raw, SBE 43 [V]
# name 19 = sbeox1V: Oxygen raw, SBE 43, 2 [V]
# name 20 = v4: Voltage 4
# name 21 = flECO-AFL: Fluorescence, WET Labs ECO-AFL/FL [mg/m^3]
# name 22 = v3: Voltage 3
# name 23 = v6: Voltage 6
# name 24 = v7: Voltage 7
# name 25 = longitude: Longitude [deg]
# name 26 = latitude: Latitude [deg]
# name 27 = altM: Altimeter [m]
# name 28 = nbf: Bottles Fired
# name 29 = flag:  0.000e+00
# interval = seconds: 0.0416667
# start_time = Jul 15 2021 16:37:09 [NMEA time, header]
# bad_flag = -9.990e-29
*END*
      15974    665.542     77.715     78.300    10.7948    10.7942  37.691387  37.692508    10.7855    10.7849    33.8090    33.8107    25.8862    25.8876     4.3366     4.4728    132.102    136.250     1.4921     1.4567     0.0452     0.1044     3.2723     0.0012     0.0000 -121.29228   35.63088       6.64          1  0.000e+00
      15975    665.583     77.669     78.253    10.7947    10.7943  37.691581  37.692702    10.7853    10.7849    33.8094    33.8108    25.8866    25.8878     4.3366     4.4728    132.101    136.249     1.4921     1.4567     0.0452     0.1044     3.2723     0.0012     0.0000 -121.29228   35.63088       6.62          1  0.000e+00
      15976    665.625     77.656     78.240    10.7948    10.7941  37.691711  37.692314    10.7855    10.7848    33.8093    33.8106    25.8865    25.8876     4.3366     4.4728    132.100    136.250     1.4921     1.4567     0.0452     0.1044     3.2723     0.0012     0.0000 -121.29228   35.63088       6.62          1  0.000e+00
      15977    665.667     77.570     78.153    10.7948    10.7942  37.691905  37.692184    10.7855    10.7849    33.8096    33.8104    25.8867    25.8874     4.3365     4.4727    132.099    136.248     1.4921     1.4567     0.0440     0.0739     3.2723     0.0012     0.0000 -121.29228   35.63088       6.62          1  0.000e+00
      15978    665.708     77.616     78.200    10.7947    10.7942  37.691775  37.692184    10.7854    10.7849    33.8096    33.8104    25.8867    25.8874     4.3366     4.4728    132.100    136.249     1.4921     1.4567     0.0452     0.1044     3.2735     0.0012     0.0000 -121.29228   35.63088       6.69          1  0.000e+00
      15979    665.750     77.616     78.200    10.7948    10.7942  37.691905  37.692378    10.7855    10.7848    33.8096    33.8107    25.8867    25.8877     4.3365     4.4728    132.099    136.249     1.4921     1.4567     0.0452     0.1044     3.2735     0.0012     0.0000 -121.29228   35.63088       6.72          1  0.000e+00
      15980    665.792     77.570     78.153    10.7948    10.7944  37.691775  37.692249    10.7855    10.7851    33.8094    33.8103    25.8866    25.8873     4.3418     4.4727    132.259    136.248     1.4933     1.4567     0.0452     0.1044     3.2723     0.0012     0.0000 -121.29228   35.63086       6.72          1  0.000e+00
      15981    665.833     77.616     78.200    10.7950    10.7939  37.691710  37.692378    10.7856    10.7846    33.8092    33.8109    25.8864    25.8879     4.3365     4.4728    132.099    136.249     1.4921     1.4567     0.0452     0.1044     3.2735     0.0012     0.0000 -121.29228   35.63086       6.72          1  0.000e+00
      15982    665.875     77.570     78.153    10.7948    10.7942  37.691451  37.692249    10.7855    10.7848    33.8091    33.8106    25.8863    25.8876     4.3418     4.4727    132.259    136.248     1.4933     1.4567     0.0452     0.1044     3.2723     0.0012     0.0000 -121.29228   35.63086       6.72          1  0.000e+00
      15983    665.917     77.570     78.153    10.7948    10.7941  37.692099  37.692119    10.7855    10.7848    33.8098    33.8105    25.8868    25.8875     4.3418     4.4728    132.259    136.248     1.4933     1.4567     0.0452     0.1044     3.2723     0.0012     0.0000 -121.29228   35.63086       6.72          1  0.000e+00
      15984    665.958     77.570     78.153    10.7948    10.7939  37.691387  37.691925    10.7855    10.7846    33.8091    33.8104    25.8863    25.8875     4.3365     4.4728    132.099    136.249     1.4921     1.4567     0.0452     0.1044     3.2723     0.0012     0.0000 -121.29228   35.63086       6.79          1  0.000e+00
      15985    666.000     77.570     78.153    10.7947    10.7941  37.691516  37.692054    10.7854    10.7848    33.8093    33.8104    25.8865    25.8875     4.3365     4.4728    132.099    136.248     1.4921     1.4567     0.0452     0.1044     3.2723     0.0012     0.0000 -121.29228   35.63086       6.81          1  0.000e+00
      15986    666.042     77.556     78.139    10.7948    10.7943  37.691451  37.692184    10.7855    10.7850    33.8091    33.8104    25.8863    25.8874     4.3365     4.4727    132.099    136.248     1.4921     1.4567     0.0452     0.1044     3.2723     0.0012     0.0000 -121.29228   35.63086       6.81          1  0.000e+00
      15987    666.083     77.570     78.153    10.7948    10.7941  37.691387  37.692378    10.7855    10.7848    33.8091    33.8107    25.8863    25.8877     4.3418     4.4727    132.259    136.248     1.4933     1.4567     0.0464     0.1350     3.2735     0.0012     0.0000 -121.29228   35.63086       6.81          1  0.000e+00
      15988    666.125     77.570     78.153    10.7948    10.7942  37.691581  37.692249    10.7855    10.7849    33.8093    33.8105    25.8864    25.8875     4.3418     4.4727    132.259    136.248     1.4933     1.4567     0.0464     0.1350     3.2723     0.0012     0.0000 -121.29228   35.63086       6.81          1  0.000e+00
      15989    666.167     77.523     78.106    10.7947    10.7942  37.691904  37.692184    10.7854    10.7848    33.8097    33.8105    25.8868    25.8875     4.3418     4.4727    132.258    136.247     1.4933     1.4567     0.0464     0.1350     3.2723     0.0012     0.0000 -121.29228   35.63086       6.81          1  0.000e+00
      15990    666.208     77.570     78.153    10.7947    10.7941  37.691516  37.691925    10.7853    10.7848    33.8094    33.8103    25.8866    25.8874     4.3418     4.4728    132.260    136.249     1.4933     1.4567     0.0464     0.1350     3.2735     0.0012     0.0000 -121.29228   35.63086       6.86          1  0.000e+00
      15991    666.250     77.570     78.153    10.7945    10.7939  37.691581  37.692054    10.7852    10.7846    33.8095    33.8106    25.8867    25.8876     4.3418     4.4728    132.260    136.249     1.4933     1.4567     0.0464     0.1350     3.2723     0.0012     0.0000 -121.29228   35.63086       6.86          1  0.000e+00
      15992    666.292     77.470     78.053    10.7947    10.7941  37.691451  37.692378    10.7853    10.7848    33.8093    33.8108    25.8865    25.8877     4.3418     4.4727    132.258    136.246     1.4933     1.4567     0.0464     0.1350     3.2735     0.0012     0.0000 -121.29228   35.63086       6.86          1  0.000e+00
      15993    666.333     77.616     78.200    10.7947    10.7938  37.691840  37.691990    10.7854    10.7845    33.8096    33.8106    25.8867    25.8876     4.3418     4.4728    132.260    136.250     1.4933     1.4567     0.0464     0.1350     3.2735     0.0012     0.0000 -121.29228   35.63086       6.86          1  0.000e+00
      15994    666.375     77.523     78.106    10.7947    10.7938  37.691516  37.692054    10.7853    10.7845    33.8094    33.8107    25.8866    25.8878     4.3418     4.4728    132.259    136.248     1.4933     1.4567     0.0464     0.1350     3.2723     0.0012     0.0000 -121.29228   35.63086       6.86          1  0.000e+00
      15995    666.417     77.523     78.106    10.7950    10.7939  37.691840  37.691860    10.7856    10.7846    33.8094    33.8104    25.8865    25.8875     4.3418     4.4727    132.258    136.248     1.4933     1.4567     0.0464     0.1350     3.2723     0.0012     0.0000 -121.29228   35.63086       6.86          1  0.000e+00
      15996    666.458     77.570     78.153    10.7947    10.7938  37.692034  37.692054    10.7853    10.7845    33.8099    33.8107    25.8870    25.8877     4.3418     4.4728    132.259    136.249     1.4933     1.4567     0.0464     0.1350     3.2723     0.0012     0.0000 -121.29228   35.63086       6.86          1  0.000e+00
      15997    666.500     77.556     78.139    10.7948    10.7938  37.691775  37.692378    10.7855    10.7845    33.8095    33.8110    25.8866    25.8880     4.3418     4.4728    132.259    136.249     1.4933     1.4567     0.0464     0.1350     3.2735     0.0012     0.0000 -121.29228   35.63086       6.89          1  0.000e+00
      15998    666.542     77.616     78.200    10.7948    10.7939  37.691905  37.692249    10.7855    10.7846    33.8096    33.8107    25.8867    25.8878     4.3418     4.4728    132.260    136.250     1.4933     1.4567     0.0464     0.1350     3.2735     0.0012     0.0000 -121.29228   35.63086       6.89          1  0.000e+00
      15999    666.583     77.570     78.153    10.7952    10.7939  37.691516  37.692184    10.7858    10.7846    33.8089    33.8107    25.8861    25.8877     4.3470     4.4728    132.419    136.249     1.4945     1.4567     0.0464     0.1350     3.2723     0.0012     0.0000 -121.29228   35.63086       6.89          1  0.000e+00
      16000    666.625     77.570     78.153    10.7948    10.7942  37.691840  37.692119    10.7855    10.7848    33.8095    33.8104    25.8866    25.8875     4.3471     4.4728    132.419    136.248     1.4945     1.4567     0.0464     0.1350     3.2723     0.0012     0.0000 -121.29228   35.63086       6.89          1  0.000e+00
      16001    666.667     77.616     78.200    10.7948    10.7941  37.691775  37.692378    10.7855    10.7848    33.8094    33.8107    25.8866    25.8877     4.3418     4.4728    132.260    136.249     1.4933     1.4567     0.0464     0.1350     3.2735     0.0012     0.0000 -121.29228   35.63086       6.89          1  0.000e+00
      16002    666.708     77.569     78.153    10.7950    10.7939  37.691710  37.692249    10.7856    10.7846    33.8093    33.8108    25.8864    25.8878     4.3470     4.4728    132.419    136.249     1.4945     1.4567     0.0464     0.1350     3.2735     0.0012     0.0000 -121.29228   35.63086       6.89          1  0.000e+00
      16003    666.750     77.616     78.199    10.7950    10.7942  37.691905  37.692184    10.7856    10.7848    33.8094    33.8105    25.8866    25.8875     4.3471     4.4728    132.420    136.249     1.4945     1.4567     0.0464     0.1350     3.2723     0.0012     0.0000 -121.29228   35.63086       6.89          1  0.000e+00
      16004    666.792     77.616     78.199    10.7950    10.7941  37.692228  37.692378    10.7857    10.7848    33.8097    33.8107    25.8868    25.8877     4.3471     4.4728    132.420    136.249     1.4945     1.4567     0.0464     0.1350     3.2735     0.0012     0.0000 -121.29228   35.63086       6.89          1  0.000e+00
      16005    666.833     77.616     78.199    10.7950    10.7941  37.692358  37.691990    10.7856    10.7848    33.8099    33.8103    25.8869    25.8874     4.3471     4.4728    132.420    136.249     1.4945     1.4567     0.0464     0.1350     3.2735     0.0012     0.0000 -121.29228   35.63086       6.89          1  0.000e+00
      16006    666.875     77.669     78.253    10.7952    10.7941  37.691840  37.692055    10.7858    10.7848    33.8092    33.8104    25.8863    25.8874     4.3471     4.4728    132.421    136.250     1.4945     1.4567     0.0464     0.1350     3.2723     0.0012     0.0000 -121.29228   35.63086       6.89          1  0.000e+00
      16007    666.917     77.656     78.240    10.7948    10.7940  37.691711  37.691925    10.7855    10.7846    33.8093    33.8104    25.8865    25.8875     4.3418     4.4728    132.261    136.250     1.4933     1.4567     0.0464     0.1350     3.2723     0.0012     0.0000 -121.29228   35.63086       6.89          1  0.000e+00
      16008    666.958     77.669     78.253    10.7947    10.7939  37.691711  37.692055    10.7854    10.7846    33.8095    33.8105    25.8866    25.8876     4.3471     4.4728    132.422    136.251     1.4945     1.4567     0.0464     0.1350     3.2723     0.0012     0.0000 -121.29228   35.63086       6.84          1  0.000e+00
      16009    667.000     77.669     78.253    10.7947    10.7941  37.691452  37.692119    10.7853    10.7848    33.8092    33.8104    25.8865    25.8875     4.3471     4.4728    132.422    136.250     1.4945     1.4567     0.0464     0.1350     3.2735     0.0012     0.0000 -121.29228   35.63086       6.84          1  0.000e+00
      16010    667.042     77.715     78.300    10.7947    10.7938  37.691387  37.692184    10.7853    10.7844    33.8092    33.8108    25.8864    25.8878     4.3472     4.4729    132.423    136.252     1.4945     1.4567     0.0464     0.1350     3.2723     0.0012     0.0000 -121.29228   35.63086       6.84          1  0.000e+00
      16011    667.083     77.669     78.253    10.7943    10.7940  37.691387  37.691925    10.7850    10.7846    33.8095    33.8104    25.8867    25.8875     4.3472     4.4728    132.423    136.251     1.4945     1.4567     0.0464     0.1350     3.2735     0.0012     0.0000 -121.29228   35.63086       6.84          1  0.000e+00
      16012    667.125     77.715     78.300    10.7940    10.7938  37.691128  37.692055    10.7847    10.7844    33.8095    33.8106    25.8868    25.8877     4.3472     4.4729    132.424    136.252     1.4945     1.4567     0.0464     0.1350     3.2735     0.0012     0.0000 -121.29228   35.63086       6.84          1  0.000e+00
      16013    667.167     77.768     78.353    10.7945    10.7939  37.691517  37.692120    10.7852    10.7846    33.8094    33.8105    25.8866    25.8876     4.3472     4.4729    132.424    136.252     1.4945     1.4567     0.0464     0.1350     3.2735     0.0012     0.0000 -121.29228   35.63086       6.81          1  0.000e+00
      16014    667.208     77.715     78.300    10.7947    10.7937  37.691452  37.691926    10.7853    10.7843    33.8092    33.8106    25.8865    25.8877     4.3472     4.4729    132.423    136.252     1.4945     1.4567     0.0464     0.1350     3.2735     0.0012     0.0000 -121.29228   35.63086       6.79          1  0.000e+00
      16015    667.250     77.815     78.400    10.7943    10.7934  37.691582  37.691602    10.7850    10.7841    33.8096    33.8105    25.8868    25.8876     4.3472     4.4730    132.425    136.255     1.4945     1.4567     0.0464     0.1350     3.2723     0.0012     0.0000 -121.29228   35.63086       6.76          1  0.000e+00
      16016    667.292     77.768     78.353    10.7947    10.7936  37.691711  37.691732    10.7853    10.7842    33.8095    33.8105    25.8866    25.8876     4.3472     4.4729    132.423    136.253     1.4945     1.4567     0.0452     0.1044     3.2723     0.0012     0.0000 -121.29228   35.63086       6.76          1  0.000e+00
      16017    667.333     77.815     78.400    10.7948    10.7936  37.691711  37.691797    10.7855    10.7842    33.8093    33.8105    25.8865    25.8876     4.3472     4.4729    132.424    136.254     1.4945     1.4567     0.0452     0.1044     3.2735     0.0012     0.0000 -121.29228   35.63086       6.76          1  0.000e+00
      16018    667.375     77.855     78.440    10.7947    10.7938  37.691711  37.691861    10.7853    10.7845    33.8094    33.8103    25.8866    25.8875     4.3472     4.4730    132.425    136.254     1.4945     1.4567     0.0452     0.1044     3.2735     0.0012     0.0000 -121.29228   35.63086       6.76          1  0.000e+00
      16019    667.417     77.815     78.400    10.7947    10.7939  37.691711  37.692055    10.7853    10.7846    33.8094    33.8105    25.8866    25.8875     4.3472     4.4729    132.424    136.253     1.4945     1.4567     0.0452     0.1044     3.2723     0.0012     0.0000 -121.29228   35.63086       6.74          1  0.000e+00
      16020    667.458     77.861     78.447    10.7943    10.7938  37.691193  37.692573    10.7850    10.7844    33.8092    33.8111    25.8865    25.8881     4.3473     4.4729    132.426    136.254     1.4945     1.4567     0.0452     0.1044     3.2723     0.0012     0.0000 -121.29228   35.63086       6.69          1  0.000e+00
      16021    667.500     77.914     78.500    10.7943    10.7942  37.691258  37.692573    10.7850    10.7848    33.8092    33.8107    25.8865    25.8877     4.3473     4.4729    132.427    136.254     1.4945     1.4567     0.0452     0.1044     3.2735     0.0012     0.0000 -121.29228   35.63086       6.67          1  0.000e+00
