West Coast/WCOA-7/CTD_Data/RB2102_CTD_007_01.ros
* Sea-Bird SBE 9 Data File:
* FileName = C:\Users\scs.user.rb\CTD\RB2102\Data\RB2102_CTD_007_01.hex
* Software Version Seasave V 7.26.7.107
* Temperature SN = 6202
* Conductivity SN = 4907
* Number of Bytes Per Scan = 41
* Number of Voltage Words = 4
* Number of Scans Averaged by the Deck Unit = 1
* NMEA Latitude = 48 11.07 N
* NMEA Longitude = 126 35.91 W
* NMEA UTC (Time) = Jun 27 2021  11:49:03
* NMEA baud rate = 4800
# nquan = 30
# nvalues = 1176                                  
# units = specified
# name 0 = scan: Scan Count
# name 1 = timeS: Time, Elapsed [seconds]
# name 2 = depSM: Depth [salt water, m]
# name 3 = prDM: Pressure, Digiquartz [db]
# name 4 = t090C: Temperature [ITS-90, deg C]
# name 5 = t190C: Temperature, 2 [ITS-90, deg C]
# name 6 = c0mS/cm: Conductivity [mS/cm]
# name 7 = c1mS/cm: Conductivity, 2 [mS/cm]
# name 8 = potemp090C: Potential Temperature [ITS-90, deg C]
# name 9 = potemp190C: Potential Temperature, 2 [ITS-90, deg C]
# name 10 = sal00: Salinity, Practical [PSU]
# name 11 = sal11: Salinity, Practical, 2 [PSU]
# name 12 = sigma-é00: Density [sigma-theta, kg/m^3]
# name 13 = sigma-é11: Density, 2 [sigma-theta, kg/m^3]
# name 14 = sbeox0Mg/L: Oxygen, SBE 43 [mg/l]
# name 15 = sbeox1Mg/L: Oxygen, SBE 43, 2 [mg/l]
# name 16 = sbox0Mm/Kg: Oxygen, SBE 43 [umol/kg]
# name 17 = sbox1Mm/Kg: Oxygen, SBE 43, 2 [umol/kg]
# name 18 = sbeox0V: Oxygen raw, SBE 43 [V]
# name 19 = sbeox1V: Oxygen raw, SBE 43, 2 [V]
# name 20 = v4: Voltage 4
# name 21 = flECO-AFL: Fluorescence, WET Labs ECO-AFL/FL [mg/m^3]
# name 22 = v3: Voltage 3
# name 23 = v6: Voltage 6
# name 24 = v7: Voltage 7
# name 25 = longitude: Longitude [deg]
# name 26 = latitude: Latitude [deg]
# name 27 = altM: Altimeter [m]
# name 28 = nbf: Bottles Fired
# name 29 = flag:  0.000e+00
# interval = seconds: 0.0416667
# start_time = Jun 27 2021 11:49:03 [NMEA time, header]
# bad_flag = -9.990e-29
*END*
[from data line 436]
     172908   7204.458    199.195    200.982     6.7228     6.7240  34.157312  34.158232     6.7048     6.7059    33.9342    33.9341    26.6191    26.6189     2.6907     2.6500     81.906     80.665     1.0452     1.0073     0.0415     0.0129     3.0965     1.6935     2.3810 -126.59038   48.18520      99.83          9  0.000e+00
     172909   7204.500    199.168    200.955     6.7230     6.7240  34.157436  34.158108     6.7049     6.7059    33.9342    33.9339    26.6191    26.6188     2.6907     2.6500     81.905     80.665     1.0452     1.0073     0.0403    -0.0177     3.0965     1.6935     2.3810 -126.59038   48.18520      99.83          9  0.000e+00
     172910   7204.542    199.142    200.928     6.7233     6.7240  34.157436  34.158294     6.7052     6.7059    33.9339    33.9342    26.6188    26.6189     2.6907     2.6435     81.905     80.469     1.0452     1.0061     0.0403    -0.0177     3.0952     1.6935     2.3810 -126.59038   48.18520      99.83          9  0.000e+00
     172911   7204.583    199.142    200.928     6.7234     6.7243  34.157623  34.158730     6.7053     6.7063    33.9341    33.9343    26.6189    26.6190     2.6907     2.6435     81.905     80.468     1.0452     1.0061     0.0403    -0.0177     3.0965     1.6947     2.3810 -126.59038   48.18520      99.83          9  0.000e+00
     172912   7204.625    199.095    200.881     6.7241     6.7247  34.158370  34.158294     6.7060     6.7066    33.9342    33.9335    26.6190    26.6183     2.6906     2.6499     81.903     80.663     1.0452     1.0073     0.0415     0.0129     3.0952     1.6935     2.3810 -126.59038   48.18520      99.83          9  0.000e+00
     178648   7443.625    100.267    101.142     7.6830     7.6873  33.980332  33.983619     7.6734     7.6777    32.8619    32.8614    25.6418    25.6408     5.9330     5.8069    180.774    176.931     1.7546     1.6410     0.0440     0.0739     3.0940     1.4371     2.0403 -126.58976   48.18524      99.39         10  0.000e+00
     178649   7443.667    100.214    101.088     7.6828     7.6874  33.980643  33.983806     7.6732     7.6778    32.8624    32.8614    25.6423    25.6408     5.9273     5.8068    180.599    176.929     1.7534     1.6410     0.0427     0.0434     3.0940     1.4371     2.0403 -126.58976   48.18524      99.39         10  0.000e+00
     178650   7443.708    100.220    101.095     7.6830     7.6873  33.981202  33.983309     7.6734     7.6777    32.8628    32.8611    25.6425    25.6406     5.9330     5.8069    180.772    176.931     1.7546     1.6410     0.0427     0.0434     3.0940     1.4371     2.0403 -126.58976   48.18524      99.39         10  0.000e+00
     178651   7443.750    100.220    101.095     7.6830     7.6871  33.981264  33.982998     7.6734     7.6775    32.8629    32.8609    25.6426    25.6404     5.9272     5.8069    180.598    176.932     1.7534     1.6410     0.0427     0.0434     3.0940     1.4383     2.0403 -126.58976   48.18524      99.39         10  0.000e+00
     178652   7443.792    100.167    101.042     7.6830     7.6868  33.981824  33.982936     7.6734     7.6772    32.8635    32.8612    25.6431    25.6407     5.9272     5.8069    180.596    176.931     1.7534     1.6410     0.0427     0.0434     3.0940     1.4371     2.0403 -126.58976   48.18524      99.39         10  0.000e+00
     178653   7443.833    100.220    101.095     7.6831     7.6868  33.981513  33.983122     7.6735     7.6772    32.8631    32.8613    25.6428    25.6408     5.9272     5.8007    180.597    176.743     1.7534     1.6398     0.0427     0.0434     3.0940     1.4371     2.0403 -126.58976   48.18524      99.39         10  0.000e+00
     178654   7443.875    100.167    101.042     7.6828     7.6868  33.981264  33.983371     7.6732     7.6772    32.8631    32.8616    25.6428    25.6411     5.9272     5.8069    180.597    176.931     1.7534     1.6410     0.0427     0.0434     3.0940     1.4371     2.0403 -126.58976   48.18524      99.39         10  0.000e+00
     178655   7443.917    100.167    101.042     7.6828     7.6871  33.981575  33.983246     7.6732     7.6775    32.8634    32.8612    25.6430    25.6407     5.9272     5.8068    180.597    176.930     1.7534     1.6410     0.0415     0.0129     3.0940     1.4371     2.0403 -126.58976   48.18524      99.39         10  0.000e+00
     178656   7443.958    100.121    100.995     7.6830     7.6873  33.981450  33.983184     7.6734     7.6777    32.8631    32.8610    25.6428    25.6405     5.9271     5.8068    180.595    176.929     1.7534     1.6410     0.0427     0.0434     3.0940     1.4371     2.0403 -126.58976   48.18524      99.39         10  0.000e+00
     178657   7444.000    100.114    100.988     7.6826     7.6873  33.981015  33.983184     7.6730     7.6777    32.8631    32.8610    25.6428    25.6405     5.9272     5.8068    180.597    176.928     1.7534     1.6410     0.0427     0.0434     3.0928     1.4383     2.0403 -126.58976   48.18524      99.39         10  0.000e+00
     178658   7444.042    100.121    100.995     7.6827     7.6869  33.980767  33.983619     7.6731     7.6773    32.8627    32.8618    25.6425    25.6412     5.9272     5.8068    180.597    176.929     1.7534     1.6410     0.0427     0.0434     3.0928     1.4371     2.0403 -126.58976   48.18524      99.39         10  0.000e+00
     178659   7444.083    100.121    100.995     7.6824     7.6868  33.980767  33.982873     7.6728     7.6772    32.8630    32.8611    25.6428    25.6407     5.9272     5.8006    180.598    176.741     1.7534     1.6398     0.0427     0.0434     3.0940     1.4371     2.0403 -126.58976   48.18524      99.39         10  0.000e+00
     178660   7444.125    100.068    100.941     7.6824     7.6864  33.980269  33.982376     7.6728     7.6769    32.8625    32.8609    25.6424    25.6406     5.9272     5.8006    180.598    176.741     1.7534     1.6398     0.0427     0.0434     3.0940     1.4371     2.0403 -126.58976   48.18524      99.39         10  0.000e+00
     178661   7444.167    100.075    100.948     7.6825     7.6863  33.980021  33.981817     7.6730     7.6767    32.8621    32.8605    25.6420    25.6402     5.9272     5.8007    180.597    176.742     1.7534     1.6398     0.0427     0.0434     3.0940     1.4371     2.0403 -126.58976   48.18524      99.39         10  0.000e+00
     178662   7444.208    100.068    100.941     7.6821     7.6861  33.979896  33.981631     7.6725     7.6765    32.8623    32.8604    25.6423    25.6402     5.9273     5.8007    180.599    176.743     1.7534     1.6398     0.0427     0.0434     3.0940     1.4371     2.0403 -126.58976   48.18524      99.39         10  0.000e+00
     178663   7444.250    100.075    100.948     7.6820     7.6856  33.979399  33.980948     7.6724     7.6760    32.8619    32.8602    25.6420    25.6401     5.9273     5.8008    180.600    176.746     1.7534     1.6398     0.0427     0.0434     3.0940     1.4383     2.0403 -126.58976   48.18524      99.41         10  0.000e+00
     178664   7444.292    100.022    100.895     7.6822     7.6851  33.979585  33.980513     7.6726     7.6756    32.8619    32.8602    25.6420    25.6402     5.9272     5.8008    180.598    176.747     1.7534     1.6398     0.0415     0.0129     3.0940     1.4371     2.0403 -126.58976   48.18524      99.39         10  0.000e+00
     178665   7444.333    100.022    100.895     7.6820     7.6853  33.979150  33.980451     7.6725     7.6758    32.8616    32.8599    25.6418    25.6399     5.9216     5.8008    180.425    176.746     1.7521     1.6398     0.0427     0.0434     3.0928     1.4371     2.0403 -126.58976   48.18524      99.39         10  0.000e+00
     178666   7444.375    100.022    100.895     7.6821     7.6850  33.978715  33.980451     7.6725     7.6754    32.8611    32.8602    25.6413    25.6402     5.9216     5.8008    180.425    176.747     1.7521     1.6398     0.0427     0.0434     3.0928     1.4371     2.0403 -126.58976   48.18524      99.39         10  0.000e+00
     178667   7444.417    100.022    100.895     7.6817     7.6850  33.978715  33.980885     7.6722     7.6754    32.8614    32.8607    25.6416    25.6406     5.9216     5.8008    180.426    176.747     1.7521     1.6398     0.0427     0.0434     3.0928     1.4371     2.0403 -126.58976   48.18524      99.39         10  0.000e+00
     178668   7444.458    100.022    100.895     7.6819     7.6850  33.978901  33.980575     7.6723     7.6754    32.8615    32.8604    25.6417    25.6403     5.9216     5.8008    180.426    176.747     1.7521     1.6398     0.0427     0.0434     3.0952     1.4371     2.0403 -126.58976   48.18524      99.39         10  0.000e+00
     178669   7444.500     99.975    100.848     7.6816     7.6849  33.978715  33.980202     7.6720     7.6753    32.8616    32.8601    25.6418    25.6402     5.9216     5.8008    180.426    176.747     1.7521     1.6398     0.0427     0.0434     3.0952     1.4371     2.0403 -126.58976   48.18524      99.39         10  0.000e+00
     178670   7444.542     99.969    100.841     7.6815     7.6845  33.978466  33.979891     7.6719     7.6749    32.8615    32.8602    25.6417    25.6402     5.9273     5.8009    180.600    176.748     1.7534     1.6398     0.0427     0.0434     3.0940     1.4371     2.0403 -126.58976   48.18524      99.39         10  0.000e+00
     178671   7444.583    100.022    100.895     7.6814     7.6847  33.978093  33.980016     7.6718     7.6751    32.8611    32.8601    25.6414    25.6402     5.9274     5.8009    180.602    176.749     1.7534     1.6398     0.0427     0.0434     3.0940     1.4371     2.0391 -126.58976   48.18524      99.39         10  0.000e+00
     178672   7444.625     99.975    100.848     7.6814     7.6848  33.978217  33.979457     7.6718     7.6752    32.8612    32.8594    25.6415    25.6396     5.9273     5.8009    180.601    176.748     1.7534     1.6398     0.0415     0.0129     3.0940     1.4371     2.0403 -126.58976   48.18524      99.39         10  0.000e+00
     178673   7444.667     99.969    100.841     7.6814     7.6849  33.978404  33.979457     7.6718     7.6753    32.8614    32.8593    25.6417    25.6395     5.9273     5.8009    180.601    176.748     1.7534     1.6398     0.0427     0.0434     3.0940     1.4371     2.0403 -126.58976   48.18524      99.39         10  0.000e+00
     178674   7444.708     99.975    100.848     7.6816     7.6845  33.978342  33.979519     7.6720     7.6749    32.8612    32.8598    25.6415    25.6399     5.9216     5.8009    180.426    176.749     1.7521     1.6398     0.0427     0.0434     3.0940     1.4371     2.0403 -126.58976   48.18524      99.39         10  0.000e+00
     178675   7444.750     99.969    100.841     7.6816     7.6845  33.978528  33.980202     7.6721     7.6749    32.8614    32.8604    25.6416    25.6405     5.9216     5.8009    180.426    176.748     1.7521     1.6398     0.0427     0.0434     3.0940     1.4371     2.0391 -126.58976   48.18524      99.39         10  0.000e+00
     178676   7444.792     99.975    100.848     7.6814     7.6847  33.978466  33.980202     7.6718     7.6751    32.8615    32.8603    25.6417    25.6403     5.9216     5.8009    180.427    176.748     1.7521     1.6398     0.0427     0.0434     3.0940     1.4371     2.0403 -126.58974   48.18524      99.39         10  0.000e+00
     178677   7444.833     99.975    100.848     7.6817     7.6843  33.978590  33.979891     7.6722     7.6748    32.8613    32.8603    25.6416    25.6404     5.9273     5.8009    180.600    176.749     1.7534     1.6398     0.0427     0.0434     3.0940     1.4371     2.0403 -126.58974   48.18524      99.39         10  0.000e+00
     178678   7444.875     99.922    100.794     7.6814     7.6847  33.978839  33.979394     7.6718     7.6751    32.8619    32.8595    25.6421    25.6397     5.9273     5.8009    180.599    176.747     1.7534     1.6398     0.0427     0.0434     3.0928     1.4371     2.0403 -126.58974   48.18524      99.39         10  0.000e+00
     178679   7444.917     99.975    100.848     7.6813     7.6847  33.978777  33.979270     7.6717     7.6751    32.8619    32.8593    25.6421    25.6396     5.9216     5.8009    180.427    176.749     1.7521     1.6398     0.0427     0.0434     3.0940     1.4371     2.0403 -126.58974   48.18524      99.41         10  0.000e+00
     178680   7444.958     99.975    100.848     7.6816     7.6843  33.979150  33.978960     7.6720     7.6748    32.8621    32.8593    25.6422    25.6396     5.9216     5.8009    180.425    176.750     1.7521     1.6398     0.0427     0.0434     3.0940     1.4371     2.0403 -126.58974   48.18524      99.39         10  0.000e+00
     178681   7445.000     99.922    100.794     7.6816     7.6838  33.979274  33.978463     7.6720     7.6743    32.8623    32.8592    25.6423    25.6396     5.9215     5.8010    180.424    176.751     1.7521     1.6398     0.0427     0.0434     3.0940     1.4371     2.0403 -126.58974   48.18524      99.39         10  0.000e+00
     178682   7445.042     99.975    100.848     7.6819     7.6830  33.979088  33.977842     7.6723     7.6735    32.8617    32.8593    25.6419    25.6398     5.9215     5.8011    180.424    176.756     1.7521     1.6398     0.0427     0.0434     3.0940     1.4371     2.0403 -126.58974   48.18524      99.39         10  0.000e+00
     178683   7445.083     99.922    100.794     7.6818     7.6827  33.979461  33.977904     7.6722     7.6732    32.8622    32.8597    25.6423    25.6401     5.9215     5.7949    180.423    176.566     1.7521     1.6386     0.0427     0.0434     3.0940     1.4371     2.0391 -126.58974   48.18524      99.39         10  0.000e+00
     178684   7445.125     99.975    100.848     7.6820     7.6832  33.979336  33.978401     7.6725     7.6736    32.8619    32.8598    25.6419    25.6401     5.9215     5.8011    180.424    176.755     1.7521     1.6398     0.0415     0.0129     3.0940     1.4371     2.0403 -126.58974   48.18524      99.39         10  0.000e+00
     178685   7445.167     99.922    100.794     7.6820     7.6837  33.979336  33.979084     7.6725     7.6741    32.8619    32.8600    25.6420    25.6403     5.9215     5.8010    180.422    176.751     1.7521     1.6398     0.0415     0.0129     3.0940     1.4371     2.0427 -126.58974   48.18524      99.39         10  0.000e+00
     178686   7445.208     99.969    100.841     7.6820     7.6840  33.979274  33.979270     7.6725     7.6744    32.8618    32.8599    25.6419    25.6401     5.9215     5.8010    180.423    176.751     1.7521     1.6398     0.0427     0.0434     3.0928     1.4371     2.0464 -126.58974   48.18524      99.39         10  0.000e+00
     178687   7445.250     99.975    100.848     7.6822     7.6842  33.979461  33.979457     7.6726     7.6746    32.8618    32.8600    25.6419    25.6401     5.9215     5.8009    180.423    176.750     1.7521     1.6398     0.0427     0.0434     3.0928     1.4371     2.0464 -126.58974   48.18524      99.39         10  0.000e+00
     178688   7445.292     99.922    100.794     7.6826     7.6840  33.979398  33.979705     7.6730     7.6744    32.8614    32.8604    25.6415    25.6405     5.9214     5.7947    180.420    176.559     1.7521     1.6386     0.0427     0.0434     3.0940     1.4371     2.0464 -126.58974   48.18524      99.39         10  0.000e+00
     178689   7445.333    100.022    100.895     7.6825     7.6847  33.979274  33.980264     7.6730     7.6751    32.8613    32.8603    25.6414    25.6404     5.9215     5.8009    180.423    176.749     1.7521     1.6398     0.0427     0.0434     3.0952     1.4371     2.0464 -126.58974   48.18524      99.39         10  0.000e+00
