West Coast/WCOA-7/CTD_Data/RB2102_CTD_093_01.ros
* Sea-Bird SBE 9 Data File:
* FileName = C:\Users\scs.user.rb\CTD\RB2102\Data\RB2102_CTD_093_01.hex
* Software Version Seasave V 7.26.7.107
* Temperature SN = 6202
* Conductivity SN = 4907
* Number of Bytes Per Scan = 41
* Number of Voltage Words = 4
* Number of Scans Averaged by the Deck Unit = 1
* NMEA Latitude = 37 43.08 N
* NMEA Longitude = 122 48.87 W
* NMEA UTC (Time) = Jul 13 2021  01:48:44
* NMEA baud rate = 4800
# nquan = 30
# nvalues = 525                                   
# units = specified
# name 0 = scan: Scan Count
# name 1 = timeS: Time, Elapsed [seconds]
# name 2 = depSM: Depth [salt water, m]
# name 3 = prDM: Pressure, Digiquartz [db]
# name 4 = t090C: Temperature [ITS-90, deg C]
# name 5 = t190C: Temperature, 2 [ITS-90, deg C]
# name 6 = c0mS/cm: Conductivity [mS/cm]
# name 7 = c1mS/cm: Conductivity, 2 [mS/cm]
# name 8 = potemp090C: Potential Temperature [ITS-90, deg C]
# name 9 = potemp190C: Potential Temperature, 2 [ITS-90, deg C]
# name 10 = sal00: Salinity, Practical [PSU]
# name 11 = sal11: Salinity, Practical, 2 [PSU]
# name 12 = sigma-é00: Density [sigma-theta, kg/m^3]
# name 13 = sigma-é11: Density, 2 [sigma-theta, kg/m^3]
# name 14 = sbeox0Mg/L: Oxygen, SBE 43 [mg/l]
# name 15 = sbeox1Mg/L: Oxygen, SBE 43, 2 [mg/l]
# name 16 = sbox0Mm/Kg: Oxygen, SBE 43 [umol/kg]
# name 17 = sbox1Mm/Kg: Oxygen, SBE 43, 2 [umol/kg]
# name 18 = sbeox0V: Oxygen raw, SBE 43 [V]
# name 19 = sbeox1V: Oxygen raw, SBE 43, 2 [V]
# name 20 = v4: Voltage 4
# name 21 = flECO-AFL: Fluorescence, WET Labs ECO-AFL/FL [mg/m^3]
# name 22 = v3: Voltage 3
# name 23 = v6: Voltage 6
# name 24 = v7: Voltage 7
# name 25 = longitude: Longitude [deg]
# name 26 = latitude: Latitude [deg]
# name 27 = altM: Altimeter [m]
# name 28 = nbf: Bottles Fired
# name 29 = flag:  0.000e+00
# interval = seconds: 0.0416667
# start_time = Jul 13 2021 01:48:44 [NMEA time, header]
# bad_flag = -9.990e-29
*END*
      13420    559.125     50.810     51.198     9.5272     9.5307  36.643330  36.647164     9.5216     9.5251    33.9430    33.9437    26.2063    26.2062     3.0083     3.1421     91.610     95.686     1.1673     1.1563     0.0501     0.2265     3.3614     0.1160     0.0647 -122.81456   37.71812       7.30          1  0.000e+00
      13421    559.167     50.790     51.178     9.5269     9.5306  36.643074  36.647164     9.5213     9.5249    33.9430    33.9438    26.2064    26.2064     3.0083     3.1421     91.610     95.686     1.1673     1.1563     0.0513     0.2571     3.3602     0.1160     0.0647 -122.81456   37.71812       7.28          1  0.000e+00
      13422    559.208     50.810     51.198     9.5269     9.5304  36.643074  36.646588     9.5213     9.5247    33.9430    33.9434    26.2064    26.2061     3.0083     3.1480     91.611     95.866     1.1673     1.1575     0.0513     0.2571     3.3602     0.1160     0.0647 -122.81456   37.71812       7.28          1  0.000e+00
      13423    559.250     50.810     51.198     9.5272     9.5304  36.643138  36.646460     9.5216     9.5247    33.9428    33.9433    26.2062    26.2060     3.0083     3.1481     91.610     95.866     1.1673     1.1575     0.0513     0.2571     3.3602     0.1160     0.0647 -122.81456   37.71812       7.30          1  0.000e+00
      13424    559.292     50.810     51.198     9.5272     9.5302  36.643266  36.646204     9.5216     9.5246    33.9429    33.9431    26.2062    26.2059     3.0083     3.1422     91.610     95.687     1.1673     1.1563     0.0513     0.2571     3.3614     0.1160     0.0647 -122.81456   37.71812       7.30          1  0.000e+00
      13425    559.333     50.843     51.232     9.5276     9.5302  36.643650  36.646396     9.5219     9.5245    33.9430    33.9434    26.2062    26.2061     3.0029     3.1481     91.445     95.867     1.1661     1.1575     0.0513     0.2571     3.3602     0.1160     0.0647 -122.81456   37.71812       7.28          1  0.000e+00
      13426    559.375     50.810     51.198     9.5279     9.5300  36.642946  36.646524     9.5222     9.5244    33.9420    33.9436    26.2054    26.2063     3.0029     3.1481     91.445     95.866     1.1661     1.1575     0.0501     0.2265     3.3602     0.1160     0.0647 -122.81456   37.71812       7.28          1  0.000e+00
      13427    559.417     50.810     51.198     9.5284     9.5302  36.643458  36.646204     9.5228     9.5246    33.9420    33.9431    26.2053    26.2059     3.0082     3.1422     91.608     95.687     1.1673     1.1563     0.0513     0.2571     3.3602     0.1148     0.0635 -122.81456   37.71812       7.28          1  0.000e+00
      13428    559.458     50.857     51.245     9.5288     9.5297  36.644418  36.646397     9.5232     9.5241    33.9426    33.9438    26.2057    26.2065     3.0028     3.1422     91.443     95.688     1.1661     1.1563     0.0513     0.2571     3.3614     0.1160     0.0635 -122.81456   37.71812       7.28          1  0.000e+00
      13429    559.500     50.790     51.178     9.5290     9.5294  36.644738  36.645948     9.5234     9.5238    33.9428    33.9437    26.2058    26.2064     3.0028     3.1481     91.442     95.867     1.1661     1.1575     0.0513     0.2571     3.3602     0.1160     0.0647 -122.81456   37.71812       7.28          1  0.000e+00
      13430    559.542     50.810     51.198     9.5292     9.5294  36.644930  36.646012     9.5236     9.5237    33.9428    33.9437    26.2058    26.2065     3.0028     3.1481     91.441     95.868     1.1661     1.1575     0.0513     0.2571     3.3602     0.1172     0.0647 -122.81456   37.71812       7.28          1  0.000e+00
      13431    559.583     50.810     51.198     9.5299     9.5295  36.645058  36.646076     9.5242     9.5239    33.9423    33.9437    26.2053    26.2064     3.0027     3.1481     91.440     95.867     1.1661     1.1575     0.0513     0.2571     3.3614     0.1160     0.0647 -122.81456   37.71812       7.28          1  0.000e+00
      13432    559.625     50.810     51.198     9.5299     9.5297  36.644994  36.646076     9.5242     9.5241    33.9422    33.9435    26.2052    26.2062     3.0027     3.1422     91.441     95.688     1.1661     1.1563     0.0513     0.2571     3.3602     0.1160     0.0647 -122.81456   37.71812       7.28          1  0.000e+00
      13433    559.667     50.790     51.178     9.5298     9.5299  36.645571  36.646396     9.5242     9.5243    33.9429    33.9436    26.2058    26.2063     3.0027     3.1481     91.440     95.866     1.1661     1.1575     0.0513     0.2571     3.3602     0.1172     0.0647 -122.81456   37.71812       7.28          1  0.000e+00
      13434    559.708     50.810     51.198     9.5295     9.5300  36.645251  36.646524     9.5239     9.5244    33.9428    33.9436    26.2057    26.2063     3.0027     3.1481     91.441     95.866     1.1661     1.1575     0.0501     0.2265     3.3614     0.1160     0.0647 -122.81456   37.71812       7.28          1  0.000e+00
      13435    559.750     50.810     51.198     9.5297     9.5302  36.644738  36.646204     9.5240     9.5246    33.9421    33.9431    26.2052    26.2059     3.0027     3.1422     91.441     95.687     1.1661     1.1563     0.0513     0.2571     3.3614     0.1160     0.0647 -122.81456   37.71812       7.28          1  0.000e+00
      13436    559.792     50.764     51.152     9.5295     9.5302  36.644994  36.646652     9.5239     9.5246    33.9426    33.9436    26.2055    26.2063     3.0027     3.1480     91.440     95.865     1.1661     1.1575     0.0513     0.2571     3.3614     0.1160     0.0647 -122.81456   37.71812       7.28          1  0.000e+00
      13437    559.833     50.790     51.178     9.5295     9.5305  36.644994  36.646844     9.5239     9.5249    33.9426    33.9435    26.2056    26.2062     3.0027     3.1480     91.441     95.865     1.1661     1.1575     0.0525     0.2876     3.3602     0.1160     0.0647 -122.81456   37.71812       7.30          1  0.000e+00
      13438    559.875     50.810     51.198     9.5297     9.5302  36.645058  36.646844     9.5240     9.5246    33.9425    33.9438    26.2055    26.2064     2.9973     3.1481     91.276     95.866     1.1648     1.1575     0.0513     0.2571     3.3614     0.1160     0.0647 -122.81456   37.71812       7.33          1  0.000e+00
      13439    559.917     50.764     51.152     9.5297     9.5306  36.644994  36.647036     9.5240     9.5249    33.9424    33.9437    26.2054    26.2063     2.9973     3.1421     91.276     95.685     1.1648     1.1563     0.0513     0.2571     3.3602     0.1160     0.0647 -122.81456   37.71812       7.33          1  0.000e+00
      13440    559.958     50.764     51.152     9.5297     9.5309  36.645314  36.647548     9.5240     9.5252    33.9428    33.9439    26.2057    26.2064     2.9973     3.1421     91.276     95.684     1.1648     1.1563     0.0513     0.2571     3.3614     0.1160     0.0647 -122.81456   37.71812       7.33          1  0.000e+00
      13441    560.000     50.744     51.132     9.5287     9.5310  36.644354  36.647740     9.5231     9.5254    33.9427    33.9440    26.2058    26.2064     3.0028     3.1421     91.442     95.684     1.1661     1.1563     0.0525     0.2876     3.3614     0.1160     0.0647 -122.81456   37.71812       7.33          1  0.000e+00
      13442    560.042     50.764     51.152     9.5275     9.5313  36.644098  36.647996     9.5219     9.5257    33.9435    33.9439    26.2067    26.2063     3.0029     3.1421     91.444     95.683     1.1661     1.1563     0.0525     0.2876     3.3602     0.1148     0.0647 -122.81456   37.71812       7.33          1  0.000e+00
      13443    560.083     50.764     51.152     9.5276     9.5318  36.643842  36.648124     9.5219     9.5262    33.9432    33.9436    26.2064    26.2060     3.0029     3.1420     91.444     95.683     1.1661     1.1563     0.0525     0.2876     3.3614     0.1160     0.0647 -122.81456   37.71812       7.35          1  0.000e+00
      13444    560.125     50.711     51.098     9.5271     9.5322  36.643970  36.648315     9.5214     9.5266    33.9439    33.9435    26.2070    26.2058     3.0029     3.1479     91.444     95.860     1.1661     1.1575     0.0525     0.2876     3.3614     0.1148     0.0647 -122.81456   37.71812       7.35          1  0.000e+00
      13445    560.167     50.764     51.152     9.5276     9.5322  36.643586  36.648444     9.5219     9.5266    33.9430    33.9436    26.2062    26.2059     3.0029     3.1420     91.444     95.682     1.1661     1.1563     0.0525     0.2876     3.3614     0.1160     0.0647 -122.81456   37.71812       7.35          1  0.000e+00
      13446    560.208     50.691     51.078     9.5281     9.5323  36.643650  36.648443     9.5224     9.5267    33.9426    33.9435    26.2058    26.2058     3.0028     3.1420     91.443     95.681     1.1661     1.1563     0.0513     0.2571     3.3614     0.1160     0.0647 -122.81456   37.71812       7.35          1  0.000e+00
      13447    560.250     50.711     51.098     9.5282     9.5323  36.644034  36.648443     9.5225     9.5267    33.9429    33.9435    26.2060    26.2058     3.0028     3.1420     91.442     95.681     1.1661     1.1563     0.0525     0.2876     3.3602     0.1160     0.0635 -122.81456   37.71812       7.35          1  0.000e+00
      13448    560.292     50.711     51.098     9.5284     9.5327  36.644290  36.648443     9.5228     9.5270    33.9429    33.9432    26.2060    26.2055     3.0028     3.1420     91.442     95.680     1.1661     1.1563     0.0525     0.2876     3.3614     0.1148     0.0647 -122.81456   37.71812       7.35          1  0.000e+00
      13449    560.333     50.665     51.052     9.5285     9.5328  36.644418  36.648827     9.5229     9.5272    33.9430    33.9434    26.2060    26.2057     3.0028     3.1419     91.441     95.679     1.1661     1.1563     0.0525     0.2876     3.3602     0.1160     0.0647 -122.81456   37.71812       7.37          1  0.000e+00
      13450    560.375     50.691     51.078     9.5287     9.5333  36.644354  36.649019     9.5231     9.5277    33.9427    33.9432    26.2058    26.2054     3.0028     3.1419     91.441     95.679     1.1661     1.1563     0.0525     0.2876     3.3602     0.1160     0.0647 -122.81456   37.71812       7.42          1  0.000e+00
      13451    560.417     50.665     51.052     9.5287     9.5334  36.644674  36.649083     9.5231     9.5277    33.9431    33.9432    26.2061    26.2054     3.0027     3.1419     91.441     95.678     1.1661     1.1563     0.0513     0.2571     3.3614     0.1160     0.0647 -122.81456   37.71812       7.42          1  0.000e+00
      13452    560.458     50.665     51.052     9.5290     9.5332  36.644674  36.648827     9.5234     9.5275    33.9428    33.9431    26.2058    26.2054     2.9973     3.1419     91.276     95.679     1.1648     1.1563     0.0525     0.2876     3.3602     0.1160     0.0647 -122.81456   37.71812       7.42          1  0.000e+00
      13453    560.500     50.612     50.998     9.5294     9.5330  36.644738  36.648955     9.5237     9.5274    33.9425    33.9434    26.2056    26.2056     3.0027     3.1419     91.439     95.678     1.1661     1.1563     0.0513     0.2571     3.3602     0.1160     0.0647 -122.81456   37.71812       7.42          1  0.000e+00
      13454    560.542     50.645     51.032     9.5294     9.5332  36.644802  36.648827     9.5237     9.5275    33.9426    33.9431    26.2056    26.2054     3.0027     3.1419     91.439     95.678     1.1661     1.1563     0.0513     0.2571     3.3614     0.1160     0.0647 -122.81456   37.71812       7.42          1  0.000e+00
      13455    560.583     50.612     50.998     9.5295     9.5330  36.644930  36.648763     9.5239     9.5274    33.9426    33.9432    26.2055    26.2055     3.0027     3.1419     91.439     95.678     1.1661     1.1563     0.0513     0.2571     3.3602     0.1148     0.0647 -122.81456   37.71812       7.45          1  0.000e+00
      13456    560.625     50.612     50.998     9.5296     9.5330  36.645314  36.648763     9.5240     9.5274    33.9429    33.9433    26.2058    26.2055     2.9973     3.1419     91.274     95.678     1.1648     1.1563     0.0513     0.2571     3.3614     0.1148     0.0635 -122.81456   37.71812       7.47          1  0.000e+00
      13457    560.667     50.612     50.998     9.5297     9.5335  36.645314  36.648891     9.5241     9.5279    33.9428    33.9429    26.2057    26.2052     2.9973     3.1419     91.274     95.677     1.1648     1.1563     0.0513     0.2571     3.3614     0.1160     0.0647 -122.81456   37.71812       7.47          1  0.000e+00
      13458    560.708     50.545     50.931     9.5299     9.5334  36.645122  36.649019     9.5243     9.5277    33.9425    33.9432    26.2054    26.2054     2.9972     3.1418     91.273     95.677     1.1648     1.1563     0.0525     0.2876     3.3614     0.1160     0.0647 -122.81456   37.71812       7.47          2  0.000e+00
      13459    560.750     50.565     50.951     9.5299     9.5335  36.645506  36.648571     9.5243     9.5279    33.9429    33.9426    26.2057    26.2049     2.9972     3.1419     91.273     95.677     1.1648     1.1563     0.0513     0.2571     3.3614     0.1160     0.0647 -122.81456   37.71812       7.47          2  0.000e+00
      13460    560.792     50.612     50.998     9.5297     9.5332  36.645250  36.648635     9.5241     9.5276    33.9428    33.9429    26.2057    26.2053     3.0027     3.1419     91.438     95.678     1.1661     1.1563     0.0525     0.2876     3.3614     0.1148     0.0647 -122.81456   37.71812       7.47          2  0.000e+00
      13461    560.833     50.519     50.905     9.5298     9.5330  36.645250  36.648763     9.5242     9.5274    33.9427    33.9432    26.2056    26.2055     3.0026     3.1419     91.437     95.677     1.1661     1.1563     0.0513     0.2571     3.3614     0.1160     0.0647 -122.81456   37.71812       7.52          2  0.000e+00
      13462    560.875     50.545     50.931     9.5297     9.5330  36.645122  36.648763     9.5241     9.5274    33.9427    33.9432    26.2056    26.2055     2.9972     3.1419     91.273     95.677     1.1648     1.1563     0.0525     0.2876     3.3614     0.1160     0.0647 -122.81456   37.71812       7.57          2  0.000e+00
      13463    560.917     50.519     50.905     9.5299     9.5330  36.645570  36.648763     9.5243     9.5274    33.9430    33.9433    26.2058    26.2056     2.9972     3.1360     91.272     95.498     1.1648     1.1551     0.0525     0.2876     3.3614     0.1148     0.0647 -122.81456   37.71812       7.59          2  0.000e+00
      13464    560.958     50.519     50.905     9.5302     9.5332  36.645378  36.648763     9.5246     9.5276    33.9425    33.9431    26.2054    26.2054     3.0026     3.1418     91.436     95.677     1.1661     1.1563     0.0525     0.2876     3.3626     0.1148     0.0635 -122.81456   37.71812       7.59          2  0.000e+00
      13465    561.000     50.466     50.851     9.5299     9.5330  36.645634  36.648762     9.5243     9.5274    33.9430    33.9433    26.2059    26.2055     2.9972     3.1418     91.272     95.676     1.1648     1.1563     0.0525     0.2876     3.3602     0.1148     0.0635 -122.81456   37.71812       7.59          2  0.000e+00
      13466    561.042     50.519     50.905     9.5303     9.5330  36.645378  36.648635     9.5247     9.5274    33.9424    33.9431    26.2053    26.2054     3.0026     3.1419     91.436     95.677     1.1661     1.1563     0.0537     0.3181     3.3602     0.1148     0.0647 -122.81456   37.71812       7.59          2  0.000e+00
      13467    561.083     50.453     50.838     9.5299     9.5328  36.645377  36.648698     9.5243     9.5272    33.9428    33.9434    26.2057    26.2057     3.0026     3.1360     91.436     95.498     1.1661     1.1551     0.0525     0.2876     3.3602     0.1148     0.0647 -122.81456   37.71812       7.62          2  0.000e+00
