West Coast/WCOA-7/CTD_Data/RB2102_CTD_030_01.ros
* Sea-Bird SBE 9 Data File:
* FileName = C:\Users\scs.user.rb\CTD\RB2102\Data\RB2102_CTD_030_01.hex
* Software Version Seasave V 7.26.7.107
* Temperature SN = 6202
* Conductivity SN = 4907
* Number of Bytes Per Scan = 41
* Number of Voltage Words = 4
* Number of Scans Averaged by the Deck Unit = 1
* NMEA Latitude = 46 07.89 N
* NMEA Longitude = 124 01.88 W
* NMEA UTC (Time) = Jul 01 2021  00:36:01
* NMEA baud rate = 4800
# nquan = 30
# nvalues = 539                                   
# units = specified
# name 0 = scan: Scan Count
# name 1 = timeS: Time, Elapsed [seconds]
# name 2 = depSM: Depth [salt water, m]
# name 3 = prDM: Pressure, Digiquartz [db]
# name 4 = t090C: Temperature [ITS-90, deg C]
# name 5 = t190C: Temperature, 2 [ITS-90, deg C]
# name 6 = c0mS/cm: Conductivity [mS/cm]
# name 7 = c1mS/cm: Conductivity, 2 [mS/cm]
# name 8 = potemp090C: Potential Temperature [ITS-90, deg C]
# name 9 = potemp190C: Potential Temperature, 2 [ITS-90, deg C]
# name 10 = sal00: Salinity, Practical [PSU]
# name 11 = sal11: Salinity, Practical, 2 [PSU]
# name 12 = sigma-é00: Density [sigma-theta, kg/m^3]
# name 13 = sigma-é11: Density, 2 [sigma-theta, kg/m^3]
# name 14 = sbeox0Mg/L: Oxygen, SBE 43 [mg/l]
# name 15 = sbeox1Mg/L: Oxygen, SBE 43, 2 [mg/l]
# name 16 = sbox0Mm/Kg: Oxygen, SBE 43 [umol/kg]
# name 17 = sbox1Mm/Kg: Oxygen, SBE 43, 2 [umol/kg]
# name 18 = sbeox0V: Oxygen raw, SBE 43 [V]
# name 19 = sbeox1V: Oxygen raw, SBE 43, 2 [V]
# name 20 = v4: Voltage 4
# name 21 = flECO-AFL: Fluorescence, WET Labs ECO-AFL/FL [mg/m^3]
# name 22 = v3: Voltage 3
# name 23 = v6: Voltage 6
# name 24 = v7: Voltage 7
# name 25 = longitude: Longitude [deg]
# name 26 = latitude: Latitude [deg]
# name 27 = altM: Altimeter [m]
# name 28 = nbf: Bottles Fired
# name 29 = flag:  0.000e+00
# interval = seconds: 0.0416667
# start_time = Jul 01 2021 00:36:01 [NMEA time, header]
# bad_flag = -9.990e-29
*END*
[from data line 49]
      14142    589.208     19.739     19.904    14.0148    14.0078  38.185796  38.184530    14.0121    14.0050    31.5061    31.5107    23.4861    23.4911    10.9020    10.6912    332.874    326.437     3.1770     2.9353     0.2833     6.0568     3.3272     0.3578     0.0000 -124.03096   46.13140       9.26          2  0.000e+00
      14143    589.250     19.785     19.950    14.0155    14.0080  38.185926  38.184401    14.0127    14.0052    31.5057    31.5104    23.4857    23.4909    10.9019    10.6913    332.873    326.438     3.1770     2.9353     0.2833     6.0568     3.3272     0.3578     0.0000 -124.03096   46.13140       9.28          2  0.000e+00
      14144    589.292     19.739     19.904    14.0159    14.0073  38.186186  38.184661    14.0131    14.0045    31.5056    31.5112    23.4856    23.4916    10.9018    10.6913    332.868    326.440     3.1770     2.9353     0.2833     6.0568     3.3284     0.3578     0.0000 -124.03096   46.13140       9.28          2  0.000e+00
      14145    589.333     19.739     19.904    14.0170    14.0082  38.187488  38.184465    14.0142    14.0054    31.5059    31.5103    23.4856    23.4908    10.9015    10.6912    332.860    326.435     3.1770     2.9353     0.2796     5.9652     3.3284     0.3578     0.0000 -124.03096   46.13140       9.30          2  0.000e+00
      14146    589.375     19.739     19.904    14.0197    14.0086  38.188464  38.184921    14.0169    14.0059    31.5046    31.5104    23.4840    23.4907    10.9010    10.6911    332.844    326.432     3.1770     2.9353     0.2759     5.8737     3.3272     0.3590     0.0000 -124.03096   46.13140       9.30          2  0.000e+00
      14147    589.417     19.739     19.904    14.0236    14.0092  38.188854  38.184530    14.0208    14.0064    31.5018    31.5096    23.4810    23.4900    10.9003    10.6964    332.824    326.594     3.1770     2.9365     0.2759     5.8737     3.3284     0.3590     0.0000 -124.03096   46.13140       9.30          2  0.000e+00
      14148    589.458     19.785     19.950    14.0269    14.0097  38.188203  38.184661    14.0241    14.0069    31.4985    31.5093    23.4778    23.4897    10.8998    10.6910    332.811    326.429     3.1770     2.9353     0.2747     5.8431     3.3284     0.3578     0.0000 -124.03096   46.13140       9.30          2  0.000e+00
      14149    589.500     19.739     19.904    14.0259    14.0102  38.187031  38.184790    14.0231    14.0074    31.4982    31.5090    23.4778    23.4893    10.9000    10.6908    332.816    326.424     3.1770     2.9353     0.2759     5.8737     3.3284     0.3578     0.0000 -124.03096   46.13140       9.30          2  0.000e+00
      14150    589.542     19.739     19.904    14.0234    14.0110  38.185339  38.184205    14.0207    14.0082    31.4987    31.5078    23.4786    23.4882    10.9005    10.6960    332.832    326.585     3.1770     2.9365     0.2747     5.8431     3.3284     0.3578     0.0000 -124.03096   46.13140       9.33          2  0.000e+00
      14151    589.583     19.739     19.904    14.0209    14.0114  38.184428  38.184595    14.0181    14.0086    31.4999    31.5079    23.4801    23.4882    10.9010    10.6960    332.847    326.582     3.1770     2.9365     0.2759     5.8737     3.3272     0.3578     0.0000 -124.03096   46.13140       9.33          2  0.000e+00
      14152    589.625     19.785     19.950    14.0187    14.0119  38.184299  38.184790    14.0159    14.0091    31.5016    31.5076    23.4819    23.4879    10.9015    10.6959    332.860    326.581     3.1770     2.9365     0.2759     5.8737     3.3284     0.3590     0.0000 -124.03096   46.13140       9.33          2  0.000e+00
      14153    589.667     19.739     19.904    14.0175    14.0124  38.184299  38.184465    14.0148    14.0096    31.5025    31.5069    23.4828    23.4873    10.8967    10.6904    332.713    326.414     3.1758     2.9353     0.2759     5.8737     3.3284     0.3590     0.0000 -124.03096   46.13140       9.33          2  0.000e+00
      14154    589.708     19.739     19.904    14.0163    14.0131  38.184038  38.184400    14.0136    14.0103    31.5033    31.5063    23.4836    23.4866    10.8969    10.6957    332.719    326.574     3.1758     2.9365     0.2759     5.8737     3.3284     0.3590     0.0000 -124.03096   46.13140       9.33          2  0.000e+00
      14155    589.750     19.739     19.903    14.0138    14.0141  38.183453  38.184400    14.0111    14.0113    31.5048    31.5055    23.4853    23.4858    10.8974    10.6955    332.733    326.569     3.1758     2.9365     0.2759     5.8737     3.3272     0.3590     0.0000 -124.03096   46.13140       9.33          2  0.000e+00
      14156    589.792     19.785     19.950    14.0110    14.0149  38.183519  38.184400    14.0082    14.0121    31.5072    31.5048    23.4878    23.4851    10.8979    10.6954    332.749    326.566     3.1758     2.9365     0.2759     5.8737     3.3272     0.3590     0.0000 -124.03096   46.13140       9.33          2  0.000e+00
      14157    589.833     19.739     19.903    14.0098    14.0154  38.183844  38.184660    14.0070    14.0126    31.5084    31.5046    23.4890    23.4849    10.8931    10.6952    332.601    326.561     3.1746     2.9365     0.2759     5.8737     3.3272     0.3590     0.0000 -124.03096   46.13140       9.35          2  0.000e+00
      14158    589.875     19.739     19.903    14.0088    14.0161  38.184170  38.184985    14.0060    14.0133    31.5096    31.5044    23.4901    23.4845    10.8932    10.6951    332.606    326.557     3.1746     2.9365     0.2747     5.8431     3.3297     0.3590     0.0000 -124.03096   46.13140       9.35          2  0.000e+00
      14159    589.917     19.739     19.904    14.0086    14.0161  38.184300  38.184529    14.0059    14.0133    31.5098    31.5039    23.4903    23.4842    10.8933    10.6951    332.606    326.558     3.1746     2.9365     0.2759     5.8737     3.3272     0.3590     0.0000 -124.03096   46.13140       9.35          2  0.000e+00
      14160    589.958     19.739     19.904    14.0085    14.0161  38.184300  38.184920    14.0057    14.0133    31.5099    31.5043    23.4904    23.4845    10.8933    10.6951    332.607    326.557     3.1746     2.9365     0.2747     5.8431     3.3284     0.3590     0.0000 -124.03096   46.13140       9.35          2  0.000e+00
      14161    590.000     19.739     19.904    14.0088    14.0159  38.181241  38.185115    14.0060    14.0131    31.5069    31.5046    23.4880    23.4848    10.8934    10.6951    332.612    326.558     3.1746     2.9365     0.2747     5.8431     3.3284     0.3590     0.0000 -124.03096   46.13140       9.35          2  0.000e+00
      14162    590.042     19.739     19.904    14.0090    14.0154  38.178767  38.185570    14.0062    14.0126    31.5044    31.5054    23.4861    23.4855    10.8935    10.6952    332.616    326.559     3.1746     2.9365     0.2747     5.8431     3.3284     0.3590     0.0000 -124.03096   46.13140       9.35          2  0.000e+00
      14163    590.083     19.739     19.904    14.0091    14.0151  38.183584  38.185505    14.0063    14.0123    31.5088    31.5057    23.4894    23.4857    10.8883    10.6952    332.454    326.561     3.1734     2.9365     0.2759     5.8737     3.3272     0.3590     0.0000 -124.03096   46.13140       9.38          2  0.000e+00
      14164    590.125     19.739     19.904    14.0093    14.0145  38.184755  38.185440    14.0066    14.0118    31.5097    31.5060    23.4900    23.4861    10.8882    10.6953    332.451    326.564     3.1734     2.9365     0.2747     5.8431     3.3284     0.3590     0.0000 -124.03096   46.13140       9.38          2  0.000e+00
      14165    590.167     19.739     19.904    14.0095    14.0142  38.184625  38.185440    14.0067    14.0115    31.5094    31.5063    23.4898    23.4864    10.8881    10.6954    332.450    326.566     3.1734     2.9365     0.2759     5.8737     3.3272     0.3590     0.0000 -124.03096   46.13140       9.38          2  0.000e+00
      14166    590.208     19.686     19.850    14.0096    14.0144  38.184625  38.185635    14.0069    14.0116    31.5093    31.5063    23.4897    23.4864    10.8880    10.6953    332.447    326.562     3.1734     2.9365     0.2747     5.8431     3.3284     0.3590     0.0000 -124.03096   46.13140       9.38          2  0.000e+00
      14167    590.250     19.739     19.904    14.0100    14.0144  38.184104  38.185766    14.0072    14.0116    31.5085    31.5064    23.4890    23.4865    10.8881    10.6953    332.449    326.564     3.1734     2.9365     0.2759     5.8737     3.3284     0.3590     0.0000 -124.03096   46.13140       9.38          2  0.000e+00
      14168    590.292     19.686     19.850    14.0101    14.0144  38.183649  38.185765    14.0074    14.0116    31.5080    31.5064    23.4886    23.4865    10.8880    10.6953    332.447    326.562     3.1734     2.9365     0.2747     5.8431     3.3284     0.3590     0.0000 -124.03096   46.13140       9.38          2  0.000e+00
      14169    590.333     19.739     19.904    14.0110    14.0149  38.183388  38.185766    14.0082    14.0121    31.5071    31.5060    23.4877    23.4861    10.8880    10.6952    332.445    326.562     3.1734     2.9365     0.2747     5.8431     3.3284     0.3590     0.0000 -124.03096   46.13140       9.40          2  0.000e+00
      14170    590.375     19.686     19.850    14.0126    14.0156  38.183778  38.185960    14.0099    14.0128    31.5061    31.5057    23.4866    23.4856    10.8876    10.6950    332.434    326.555     3.1734     2.9365     0.2759     5.8737     3.3284     0.3590     0.0000 -124.03096   46.13140       9.40          2  0.000e+00
      14171    590.417     19.739     19.904    14.0143    14.0161  38.184690  38.186091    14.0115    14.0133    31.5055    31.5054    23.4858    23.4853    10.8873    10.6950    332.426    326.555     3.1734     2.9365     0.2735     5.8126     3.3284     0.3590     0.0000 -124.03096   46.13140       9.40          2  0.000e+00
      14172    590.458     19.640     19.803    14.0172    14.0161  38.185926  38.185830    14.0144    14.0133    31.5044    31.5052    23.4843    23.4852    10.8866    10.6949    332.405    326.551     3.1734     2.9365     0.2698     5.7210     3.3284     0.3590     0.0000 -124.03096   46.13140       9.40          2  0.000e+00
      14173    590.500     19.686     19.850    14.0194    14.0152  38.186316  38.185505    14.0166    14.0125    31.5029    31.5055    23.4828    23.4856    10.8863    10.6951    332.395    326.558     3.1734     2.9365     0.2686     5.6905     3.3284     0.3590     0.0000 -124.03096   46.13140       9.40          2  0.000e+00
      14174    590.542     19.640     19.803    14.0194    14.0141  38.186055  38.185440    14.0166    14.0113    31.5027    31.5065    23.4826    23.4866    10.8862    10.6953    332.393    326.562     3.1734     2.9365     0.2698     5.7210     3.3284     0.3590     0.0000 -124.03096   46.13140       9.40          2  0.000e+00
      14175    590.583     19.686     19.850    14.0169    14.0131  38.185405  38.185440    14.0141    14.0103    31.5041    31.5073    23.4842    23.4874    10.8868    10.6902    332.409    326.406     3.1734     2.9353     0.2686     5.6905     3.3284     0.3590     0.0000 -124.03096   46.13140       9.40          2  0.000e+00
      14176    590.625     19.686     19.850    14.0150    14.0127  38.185275  38.185635    14.0122    14.0099    31.5055    31.5077    23.4857    23.4878    10.8821    10.6902    332.268    326.407     3.1722     2.9353     0.2698     5.7210     3.3272     0.3590     0.0000 -124.03096   46.13140       9.40          2  0.000e+00
      14177    590.667     19.640     19.803    14.0126    14.0141  38.184559  38.185505    14.0099    14.0113    31.5068    31.5065    23.4871    23.4866    10.8825    10.6953    332.279    326.562     3.1722     2.9365     0.2698     5.7210     3.3272     0.3590     0.0000 -124.03096   46.13140       9.40          2  0.000e+00
      14178    590.708     19.640     19.803    14.0090    14.0147  38.183518  38.185635    14.0062    14.0120    31.5088    31.5061    23.4894    23.4862    10.8832    10.6952    332.300    326.559     3.1722     2.9365     0.2698     5.7210     3.3297     0.3590     0.0000 -124.03096   46.13140       9.40          2  0.000e+00
      14179    590.750     19.640     19.803    14.0044    14.0149  38.182543  38.185765    14.0017    14.0121    31.5117    31.5061    23.4926    23.4861    10.8841    10.6897    332.324    326.393     3.1722     2.9353     0.2698     5.7210     3.3272     0.3578     0.0000 -124.03096   46.13140       9.40          2  0.000e+00
      14180    590.792     19.587     19.750    14.0006    14.0161  38.182283  38.186220    13.9978    14.0133    31.5146    31.5055    23.4956    23.4855    10.8847    10.6894    332.342    326.384     3.1722     2.9353     0.2698     5.7210     3.3272     0.3590     0.0000 -124.03096   46.13140       9.45          2  0.000e+00
      14181    590.833     19.640     19.803    13.9972    14.0179  38.181047  38.186936    13.9944    14.0152    31.5162    31.5046    23.4975    23.4844    10.8854    10.6891    332.364    326.375     3.1722     2.9353     0.2698     5.7210     3.3284     0.3590     0.0000 -124.03096   46.13140       9.47          2  0.000e+00
      14182    590.875     19.640     19.803    13.9949    14.0196  38.180331  38.187326    13.9922    14.0169    31.5174    31.5036    23.4989    23.4833    10.8809    10.6888    332.225    326.366     3.1709     2.9353     0.2698     5.7210     3.3272     0.3590     0.0000 -124.03096   46.13140       9.47          2  0.000e+00
      14183    590.917     19.593     19.757    13.9936    14.0211  38.180266  38.187911    13.9908    14.0184    31.5185    31.5030    23.5000    23.4824    10.8811    10.6884    332.230    326.355     3.1709     2.9353     0.2698     5.7210     3.3284     0.3590     0.0000 -124.03096   46.13140       9.47          2  0.000e+00
      14184    590.958     19.587     19.750    13.9940    14.0240  38.180721  38.188561    13.9913    14.0212    31.5186    31.5012    23.5000    23.4805    10.8809    10.6932    332.227    326.502     3.1709     2.9365     0.2698     5.7210     3.3272     0.3590     0.0000 -124.03096   46.13140       9.47          2  0.000e+00
      14185    591.000     19.540     19.703    13.9969    14.0266  38.182218  38.188951    13.9942    14.0238    31.5176    31.4995    23.4986    23.4786    10.8803    10.6873    332.207    326.322     3.1709     2.9353     0.2698     5.7210     3.3272     0.3590     0.0000 -124.03096   46.13140       9.47          2  0.000e+00
      14186    591.042     19.593     19.757    14.0022    14.0287  38.182868  38.189601    13.9995    14.0260    31.5138    31.4983    23.4946    23.4773    10.8794    10.6923    332.182    326.475     3.1709     2.9365     0.2698     5.7210     3.3272     0.3590     0.0000 -124.03096   46.13140       9.52          2  0.000e+00
      14187    591.083     19.540     19.703    14.0080    14.0294  38.183388  38.189991    14.0053    14.0266    31.5096    31.4981    23.4902    23.4770    10.8734    10.6868    331.998    326.305     3.1697     2.9353     0.2698     5.7210     3.3284     0.3590     0.0000 -124.03096   46.13140       9.52          2  0.000e+00
      14188    591.125     19.540     19.703    14.0128    14.0296  38.184884  38.190121    14.0101    14.0268    31.5070    31.4981    23.4872    23.4770    10.8774    10.6921    332.122    326.468     3.1709     2.9365     0.2698     5.7210     3.3272     0.3590     0.0000 -124.03096   46.13140       9.52          2  0.000e+00
