West Coast/WCOA-7/CTD_Data/RB2102_CTD_045_01.ros
* Sea-Bird SBE 9 Data File:
* FileName = C:\Users\scs.user.rb\CTD\RB2102\Data\RB2102_CTD_045_01.hex
* Software Version Seasave V 7.26.7.107
* Temperature SN = 6202
* Conductivity SN = 4907
* Number of Bytes Per Scan = 41
* Number of Voltage Words = 4
* Number of Scans Averaged by the Deck Unit = 1
* NMEA Latitude = 44 39.10 N
* NMEA Longitude = 125 21.75 W
* NMEA UTC (Time) = Jul 03 2021  15:07:33
* NMEA baud rate = 4800
# nquan = 30
# nvalues = 1176                                  
# units = specified
# name 0 = scan: Scan Count
# name 1 = timeS: Time, Elapsed [seconds]
# name 2 = depSM: Depth [salt water, m]
# name 3 = prDM: Pressure, Digiquartz [db]
# name 4 = t090C: Temperature [ITS-90, deg C]
# name 5 = t190C: Temperature, 2 [ITS-90, deg C]
# name 6 = c0mS/cm: Conductivity [mS/cm]
# name 7 = c1mS/cm: Conductivity, 2 [mS/cm]
# name 8 = potemp090C: Potential Temperature [ITS-90, deg C]
# name 9 = potemp190C: Potential Temperature, 2 [ITS-90, deg C]
# name 10 = sal00: Salinity, Practical [PSU]
# name 11 = sal11: Salinity, Practical, 2 [PSU]
# name 12 = sigma-é00: Density [sigma-theta, kg/m^3]
# name 13 = sigma-é11: Density, 2 [sigma-theta, kg/m^3]
# name 14 = sbeox0Mg/L: Oxygen, SBE 43 [mg/l]
# name 15 = sbeox1Mg/L: Oxygen, SBE 43, 2 [mg/l]
# name 16 = sbox0Mm/Kg: Oxygen, SBE 43 [umol/kg]
# name 17 = sbox1Mm/Kg: Oxygen, SBE 43, 2 [umol/kg]
# name 18 = sbeox0V: Oxygen raw, SBE 43 [V]
# name 19 = sbeox1V: Oxygen raw, SBE 43, 2 [V]
# name 20 = v4: Voltage 4
# name 21 = flECO-AFL: Fluorescence, WET Labs ECO-AFL/FL [mg/m^3]
# name 22 = v3: Voltage 3
# name 23 = v6: Voltage 6
# name 24 = v7: Voltage 7
# name 25 = longitude: Longitude [deg]
# name 26 = latitude: Latitude [deg]
# name 27 = altM: Altimeter [m]
# name 28 = nbf: Bottles Fired
# name 29 = flag:  0.000e+00
# interval = seconds: 0.0416667
# start_time = Jul 03 2021 15:07:33 [NMEA time, header]
# bad_flag = -9.990e-29
*END*
[from data line 339]
     172346   7181.042    494.825    499.461     5.3539     5.3597  33.256222  33.261145     5.3130     5.3188    34.1464    34.1462    26.9621    26.9612     0.8236     0.8596     25.063     26.158     0.6459     0.6557     0.0403    -0.0177     3.3529     0.2161     0.0000 -125.36650   44.65058     100.00          7  0.000e+00
     172347   7181.083    494.825    499.461     5.3541     5.3599  33.255976  33.261145     5.3132     5.3190    34.1460    34.1459    26.9617    26.9610     0.8173     0.8596     24.871     26.158     0.6447     0.6557     0.0403    -0.0177     3.3516     0.2161     0.0000 -125.36650   44.65058     100.00          7  0.000e+00
     172348   7181.125    494.772    499.407     5.3541     5.3599  33.255791  33.261207     5.3132     5.3190    34.1458    34.1461    26.9615    26.9611     0.8236     0.8596     25.063     26.158     0.6459     0.6557     0.0403    -0.0177     3.3529     0.2161     0.0000 -125.36650   44.65058     100.00          7  0.000e+00
     172349   7181.167    494.825    499.461     5.3541     5.3599  33.255976  33.260960     5.3132     5.3190    34.1460    34.1458    26.9617    26.9609     0.8236     0.8596     25.063     26.158     0.6459     0.6557     0.0403    -0.0177     3.3529     0.2161     0.0000 -125.36650   44.65058     100.00          7  0.000e+00
     177151   7381.250    396.664    400.284     5.8512     5.8523  33.619314  33.621317     5.8172     5.8184    34.1053    34.1063    26.8685    26.8692     1.1729     1.2219     35.695     37.185     0.7192     0.7253     0.0403    -0.0177     3.3516     0.2161     0.0000 -125.36658   44.65058     100.00          8  0.000e+00
     177152   7381.292    396.697    400.318     5.8509     5.8522  33.619438  33.621317     5.8169     5.8183    34.1056    34.1064    26.8688    26.8693     1.1729     1.2219     35.695     37.185     0.7192     0.7253     0.0403    -0.0177     3.3492     0.2161     0.0000 -125.36658   44.65058     100.00          8  0.000e+00
     177153   7381.333    396.764    400.385     5.8510     5.8525  33.619686  33.621070     5.8170     5.8185    34.1058    34.1058    26.8689    26.8687     1.1668     1.2219     35.508     37.185     0.7179     0.7253     0.0403    -0.0177     3.3516     0.2161     0.0000 -125.36658   44.65058     100.00          8  0.000e+00
     177154   7381.375    396.644    400.264     5.8511     5.8523  33.619438  33.621007     5.8171     5.8184    34.1055    34.1060    26.8687    26.8689     1.1729     1.2219     35.695     37.185     0.7192     0.7253     0.0403    -0.0177     3.3492     0.2161     0.0000 -125.36658   44.65058     100.00          8  0.000e+00
     177155   7381.417    396.697    400.318     5.8512     5.8527  33.619686  33.621007     5.8172     5.8187    34.1057    34.1056    26.8688    26.8686     1.1729     1.2219     35.695     37.185     0.7192     0.7253     0.0403    -0.0177     3.3492     0.2161     0.0000 -125.36658   44.65058     100.00          8  0.000e+00
     177156   7381.458    396.764    400.385     5.8511     5.8525  33.619562  33.621008     5.8171     5.8185    34.1056    34.1057    26.8687    26.8687     1.1729     1.2219     35.695     37.185     0.7192     0.7253     0.0403    -0.0177     3.3516     0.2161     0.0000 -125.36658   44.65058     100.00          8  0.000e+00
     177157   7381.500    396.744    400.365     5.8512     5.8524  33.619934  33.621193     5.8172     5.8184    34.1059    34.1061    26.8689    26.8690     1.1729     1.2151     35.695     36.980     0.7192     0.7241     0.0403    -0.0177     3.3504     0.2161     0.0000 -125.36658   44.65058     100.00          8  0.000e+00
     177158   7381.542    396.790    400.412     5.8513     5.8523  33.619934  33.621317     5.8173     5.8183    34.1058    34.1063    26.8688    26.8691     1.1729     1.2219     35.695     37.185     0.7192     0.7253     0.0403    -0.0177     3.3504     0.2161     0.0000 -125.36658   44.65058     100.00          8  0.000e+00
     177159   7381.583    396.764    400.385     5.8516     5.8527  33.619562  33.621503     5.8176     5.8187    34.1051    34.1062    26.8683    26.8690     1.1729     1.2151     35.695     36.980     0.7192     0.7241     0.0403    -0.0177     3.3504     0.2161     0.0000 -125.36658   44.65058     100.00          8  0.000e+00
     177160   7381.625    396.790    400.412     5.8517     5.8527  33.619934  33.621379     5.8177     5.8187    34.1054    34.1060    26.8685    26.8689     1.1729     1.2219     35.695     37.185     0.7192     0.7253     0.0403    -0.0177     3.3504     0.2161     0.0000 -125.36658   44.65058     100.00          8  0.000e+00
     177161   7381.667    396.790    400.412     5.8514     5.8532  33.619624  33.621503     5.8174     5.8192    34.1053    34.1056    26.8685    26.8685     1.1729     1.2219     35.695     37.185     0.7192     0.7253     0.0403    -0.0177     3.3516     0.2161     0.0000 -125.36658   44.65058     100.00          8  0.000e+00
     177162   7381.708    396.864    400.486     5.8515     5.8530  33.619810  33.621627     5.8175     5.8190    34.1054    34.1059    26.8685    26.8688     1.1729     1.2219     35.695     37.185     0.7192     0.7253     0.0403    -0.0177     3.3504     0.2161     0.0000 -125.36658   44.65058     100.00          8  0.000e+00
     177163   7381.750    396.844    400.466     5.8514     5.8533  33.620058  33.621812     5.8174     5.8193    34.1058    34.1058    26.8688    26.8686     1.1729     1.2219     35.695     37.185     0.7192     0.7253     0.0403    -0.0177     3.3504     0.2161     0.0000 -125.36658   44.65058     100.00          8  0.000e+00
     177164   7381.792    396.844    400.466     5.8517     5.8533  33.619872  33.621936     5.8177     5.8193    34.1053    34.1060    26.8684    26.8688     1.1729     1.2219     35.695     37.185     0.7192     0.7253     0.0403    -0.0177     3.3504     0.2161     0.0000 -125.36658   44.65058     100.00          8  0.000e+00
     177165   7381.833    396.864    400.486     5.8516     5.8536  33.620120  33.621688     5.8176     5.8196    34.1057    34.1054    26.8688    26.8683     1.1729     1.2151     35.695     36.980     0.7192     0.7241     0.0403    -0.0177     3.3504     0.2161     0.0000 -125.36658   44.65058     100.00          8  0.000e+00
     177166   7381.875    396.890    400.513     5.8517     5.8533  33.620367  33.621627     5.8177     5.8193    34.1058    34.1056    26.8688    26.8685     1.1729     1.2219     35.695     37.185     0.7192     0.7253     0.0403    -0.0177     3.3492     0.2161     0.0000 -125.36658   44.65058     100.00          8  0.000e+00
     177167   7381.917    396.910    400.533     5.8519     5.8533  33.620863  33.621379     5.8179     5.8193    34.1061    34.1053    26.8690    26.8682     1.1729     1.2219     35.695     37.185     0.7192     0.7253     0.0403    -0.0177     3.3492     0.2161     0.0000 -125.36658   44.65058     100.00          8  0.000e+00
     177168   7381.958    396.890    400.513     5.8522     5.8533  33.620801  33.621503     5.8182     5.8193    34.1058    34.1054    26.8688    26.8683     1.1729     1.2219     35.695     37.185     0.7192     0.7253     0.0403    -0.0177     3.3516     0.2161     0.0000 -125.36658   44.65058     100.00          8  0.000e+00
     177169   7382.000    396.944    400.567     5.8524     5.8532  33.620553  33.621379     5.8184     5.8192    34.1052    34.1054    26.8683    26.8684     1.1729     1.2219     35.695     37.186     0.7192     0.7253     0.0403    -0.0177     3.3516     0.2161     0.0000 -125.36658   44.65058     100.00          8  0.000e+00
     177170   7382.042    396.910    400.533     5.8525     5.8528  33.620925  33.621503     5.8185     5.8188    34.1056    34.1059    26.8686    26.8688     1.1729     1.2219     35.695     37.186     0.7192     0.7253     0.0403    -0.0177     3.3516     0.2161     0.0000 -125.36658   44.65058     100.00          8  0.000e+00
     177171   7382.083    396.890    400.513     5.8529     5.8529  33.621234  33.621132     5.8189     5.8189    34.1055    34.1055    26.8685    26.8684     1.1729     1.2219     35.694     37.186     0.7192     0.7253     0.0403    -0.0177     3.3492     0.2161     0.0000 -125.36658   44.65058     100.00          8  0.000e+00
     177172   7382.125    396.990    400.614     5.8528     5.8527  33.621544  33.620761     5.8188     5.8187    34.1059    34.1052    26.8688    26.8682     1.1729     1.2219     35.695     37.186     0.7192     0.7253     0.0403    -0.0177     3.3504     0.2161     0.0000 -125.36658   44.65058     100.00          8  0.000e+00
     177173   7382.167    396.910    400.533     5.8528     5.8525  33.621296  33.621132     5.8188     5.8185    34.1057    34.1058    26.8686    26.8687     1.1729     1.2219     35.694     37.186     0.7192     0.7253     0.0403    -0.0177     3.3504     0.2161     0.0000 -125.36658   44.65058     100.00          8  0.000e+00
     177174   7382.208    396.990    400.614     5.8528     5.8527  33.621296  33.621503     5.8188     5.8187    34.1057    34.1060    26.8686    26.8689     1.1729     1.2219     35.695     37.186     0.7192     0.7253     0.0403    -0.0177     3.3504     0.2161     0.0000 -125.36658   44.65058     100.00          8  0.000e+00
     177175   7382.250    396.990    400.614     5.8532     5.8528  33.621544  33.621627     5.8192     5.8188    34.1056    34.1060    26.8685    26.8689     1.1729     1.2219     35.694     37.186     0.7192     0.7253     0.0403    -0.0177     3.3504     0.2161     0.0000 -125.36658   44.65058     100.00          8  0.000e+00
     177176   7382.292    396.964    400.587     5.8533     5.8528  33.621172  33.621379     5.8193     5.8188    34.1051    34.1058    26.8681    26.8687     1.1729     1.2152     35.694     36.981     0.7192     0.7241     0.0403    -0.0177     3.3504     0.2161     0.0000 -125.36658   44.65058     100.00          8  0.000e+00
     177177   7382.333    396.944    400.567     5.8533     5.8533  33.621358  33.621751     5.8193     5.8193    34.1053    34.1057    26.8682    26.8685     1.1729     1.2219     35.694     37.185     0.7192     0.7253     0.0403    -0.0177     3.3504     0.2161     0.0000 -125.36658   44.65058     100.00          8  0.000e+00
     177178   7382.375    397.043    400.668     5.8534     5.8533  33.621358  33.621936     5.8194     5.8193    34.1051    34.1059    26.8681    26.8687     1.1729     1.2219     35.695     37.186     0.7192     0.7253     0.0403    -0.0177     3.3504     0.2161     0.0000 -125.36658   44.65058     100.00          8  0.000e+00
     177179   7382.417    396.964    400.587     5.8533     5.8537  33.622039  33.622122     5.8193     5.8197    34.1060    34.1058    26.8688    26.8686     1.1729     1.2219     35.694     37.185     0.7192     0.7253     0.0403    -0.0177     3.3504     0.2161     0.0000 -125.36658   44.65058     100.00          8  0.000e+00
     177180   7382.458    396.990    400.614     5.8533     5.8536  33.621172  33.621998     5.8193     5.8196    34.1050    34.1057    26.8680    26.8685     1.1729     1.2219     35.694     37.185     0.7192     0.7253     0.0403    -0.0177     3.3504     0.2161     0.0000 -125.36658   44.65058     100.00          8  0.000e+00
     177181   7382.500    397.010    400.634     5.8533     5.8538  33.621420  33.621936     5.8192     5.8198    34.1054    34.1054    26.8683    26.8682     1.1729     1.2151     35.694     36.980     0.7192     0.7241     0.0403    -0.0177     3.3504     0.2161     0.0000 -125.36658   44.65058     100.00          8  0.000e+00
     177182   7382.542    396.944    400.567     5.8533     5.8540  33.621668  33.622122     5.8193     5.8200    34.1056    34.1055    26.8685    26.8683     1.1729     1.2219     35.694     37.185     0.7192     0.7253     0.0403    -0.0177     3.3504     0.2161     0.0000 -125.36658   44.65058     100.00          8  0.000e+00
     177183   7382.583    397.043    400.668     5.8534     5.8540  33.621173  33.621998     5.8194     5.8199    34.1049    34.1053    26.8679    26.8681     1.1729     1.2219     35.695     37.185     0.7192     0.7253     0.0403    -0.0177     3.3492     0.2161     0.0000 -125.36658   44.65058     100.00          8  0.000e+00
     177184   7382.625    396.964    400.587     5.8533     5.8538  33.621110  33.622122     5.8193     5.8198    34.1050    34.1056    26.8680    26.8684     1.1667     1.2219     35.507     37.185     0.7179     0.7253     0.0403    -0.0177     3.3516     0.2161     0.0000 -125.36658   44.65058     100.00          8  0.000e+00
     177185   7382.667    397.043    400.668     5.8531     5.8540  33.621544  33.621751     5.8191     5.8199    34.1057    34.1050    26.8686    26.8679     1.1729     1.2219     35.695     37.185     0.7192     0.7253     0.0403    -0.0177     3.3504     0.2161     0.0000 -125.36658   44.65058     100.00          8  0.000e+00
     177186   7382.708    396.944    400.567     5.8532     5.8540  33.621668  33.621379     5.8192     5.8200    34.1058    34.1046    26.8686    26.8676     1.1729     1.2219     35.694     37.185     0.7192     0.7253     0.0403    -0.0177     3.3516     0.2161     0.0000 -125.36658   44.65058     100.00          8  0.000e+00
     177187   7382.750    397.010    400.634     5.8533     5.8537  33.621420  33.621318     5.8193     5.8197    34.1053    34.1048    26.8682    26.8678     1.1729     1.2219     35.694     37.186     0.7192     0.7253     0.0403    -0.0177     3.3504     0.2161     0.0000 -125.36658   44.65058     100.00          8  0.000e+00
     177188   7382.792    396.990    400.614     5.8531     5.8535  33.621172  33.621503     5.8191     5.8195    34.1053    34.1052    26.8683    26.8682     1.1729     1.2219     35.695     37.186     0.7192     0.7253     0.0403    -0.0177     3.3504     0.2161     0.0000 -125.36660   44.65058     100.00          8  0.000e+00
     177189   7382.833    396.944    400.567     5.8532     5.8530  33.621048  33.620884     5.8192     5.8190    34.1051    34.1051    26.8681    26.8681     1.1729     1.2152     35.694     36.981     0.7192     0.7241     0.0403    -0.0177     3.3504     0.2161     0.0000 -125.36660   44.65058     100.00          8  0.000e+00
     177190   7382.875    396.964    400.587     5.8528     5.8530  33.621234  33.620885     5.8188     5.8190    34.1057    34.1050    26.8686    26.8680     1.1729     1.2152     35.695     36.981     0.7192     0.7241     0.0403    -0.0177     3.3504     0.2173     0.0000 -125.36660   44.65058     100.00          8  0.000e+00
     177191   7382.917    396.990    400.614     5.8528     5.8527  33.620987  33.621008     5.8188     5.8187    34.1053    34.1055    26.8683    26.8685     1.1729     1.2219     35.695     37.186     0.7192     0.7253     0.0403    -0.0177     3.3504     0.2161     0.0000 -125.36660   44.65058     100.00          8  0.000e+00
     177192   7382.958    396.890    400.513     5.8526     5.8525  33.621234  33.621008     5.8186     5.8185    34.1058    34.1057    26.8687    26.8686     1.1729     1.2219     35.694     37.186     0.7192     0.7253     0.0403    -0.0177     3.3504     0.2161     0.0000 -125.36660   44.65058     100.00          8  0.000e+00
     177193   7383.000    396.964    400.587     5.8527     5.8525  33.620863  33.621008     5.8187     5.8185    34.1053    34.1056    26.8683    26.8686     1.1729     1.2152     35.695     36.981     0.7192     0.7241     0.0403    -0.0177     3.3504     0.2161     0.0000 -125.36660   44.65058     100.00          8  0.000e+00
