West Coast/WCOA-7/CTD_Data/RB2102_CTD_018_01.ros
* Sea-Bird SBE 9 Data File:
* FileName = C:\Users\scs.user.rb\CTD\RB2102\Data\RB2102_CTD_018_01.hex
* Software Version Seasave V 7.26.7.107
* Temperature SN = 6202
* Conductivity SN = 4907
* Number of Bytes Per Scan = 41
* Number of Voltage Words = 4
* Number of Scans Averaged by the Deck Unit = 1
* NMEA Latitude = 48 22.15 N
* NMEA Longitude = 124 56.94 W
* NMEA UTC (Time) = Jun 28 2021  18:40:48
* NMEA baud rate = 4800
# nquan = 30
# nvalues = 686                                   
# units = specified
# name 0 = scan: Scan Count
# name 1 = timeS: Time, Elapsed [seconds]
# name 2 = depSM: Depth [salt water, m]
# name 3 = prDM: Pressure, Digiquartz [db]
# name 4 = t090C: Temperature [ITS-90, deg C]
# name 5 = t190C: Temperature, 2 [ITS-90, deg C]
# name 6 = c0mS/cm: Conductivity [mS/cm]
# name 7 = c1mS/cm: Conductivity, 2 [mS/cm]
# name 8 = potemp090C: Potential Temperature [ITS-90, deg C]
# name 9 = potemp190C: Potential Temperature, 2 [ITS-90, deg C]
# name 10 = sal00: Salinity, Practical [PSU]
# name 11 = sal11: Salinity, Practical, 2 [PSU]
# name 12 = sigma-é00: Density [sigma-theta, kg/m^3]
# name 13 = sigma-é11: Density, 2 [sigma-theta, kg/m^3]
# name 14 = sbeox0Mg/L: Oxygen, SBE 43 [mg/l]
# name 15 = sbeox1Mg/L: Oxygen, SBE 43, 2 [mg/l]
# name 16 = sbox0Mm/Kg: Oxygen, SBE 43 [umol/kg]
# name 17 = sbox1Mm/Kg: Oxygen, SBE 43, 2 [umol/kg]
# name 18 = sbeox0V: Oxygen raw, SBE 43 [V]
# name 19 = sbeox1V: Oxygen raw, SBE 43, 2 [V]
# name 20 = v4: Voltage 4
# name 21 = flECO-AFL: Fluorescence, WET Labs ECO-AFL/FL [mg/m^3]
# name 22 = v3: Voltage 3
# name 23 = v6: Voltage 6
# name 24 = v7: Voltage 7
# name 25 = longitude: Longitude [deg]
# name 26 = latitude: Latitude [deg]
# name 27 = altM: Altimeter [m]
# name 28 = nbf: Bottles Fired
# name 29 = flag:  0.000e+00
# interval = seconds: 0.0416667
# start_time = Jun 28 2021 18:40:48 [NMEA time, header]
# bad_flag = -9.990e-29
*END*
[from data line 97]
      15874    661.375    107.863    108.808     6.6107     6.6107  33.955177  33.954881     6.6011     6.6011    33.8670    33.8666    26.5799    26.5796     1.7926     1.8056     54.569     54.965     0.8620     0.8498     0.0427     0.0434     3.3248     1.7509     0.0952 -124.94934   48.36956       9.72          2  0.000e+00
      18583    774.250     99.264    100.132     6.6195     6.6175  33.955334  33.953361     6.6107     6.6087    33.8627    33.8625    26.5753    26.5754     1.7844     1.7970     54.321     54.702     0.8608     0.8486     0.0415     0.0129     3.3187     1.7692     0.1209 -124.94942   48.36962      18.58          3  0.000e+00
      18584    774.292     99.171    100.038     6.6191     6.6170  33.955023  33.953113     6.6102     6.6082    33.8629    33.8628    26.5754    26.5756     1.7844     1.7969     54.321     54.702     0.8608     0.8486     0.0415     0.0129     3.3199     1.7692     0.1209 -124.94942   48.36962      18.58          3  0.000e+00
      18585    774.333     99.165    100.032     6.6184     6.6169  33.954961  33.953113     6.6096     6.6080    33.8635    33.8629    26.5760    26.5758     1.7845     1.7970     54.321     54.702     0.8608     0.8486     0.0415     0.0129     3.3187     1.7692     0.1209 -124.94942   48.36962      18.58          3  0.000e+00
      18586    774.375     99.218    100.085     6.6184     6.6164  33.954961  33.953113     6.6096     6.6075    33.8634    33.8634    26.5760    26.5762     1.7845     1.7970     54.322     54.703     0.8608     0.8486     0.0415     0.0129     3.3199     1.7692     0.1209 -124.94942   48.36962      18.56          3  0.000e+00
      18587    774.417     99.165    100.032     6.6182     6.6162  33.955396  33.953299     6.6094     6.6073    33.8641    33.8638    26.5765    26.5766     1.7845     1.7970     54.321     54.702     0.8608     0.8486     0.0415     0.0129     3.3187     1.7705     0.1197 -124.94942   48.36962      18.53          3  0.000e+00
      18588    774.458     99.171    100.038     6.6189     6.6159  33.955582  33.953175     6.6100     6.6071    33.8637    33.8640    26.5761    26.5767     1.7844     1.7970     54.321     54.703     0.8608     0.8486     0.0415     0.0129     3.3199     1.7705     0.1209 -124.94942   48.36962      18.53          3  0.000e+00
      18589    774.500     99.211    100.078     6.6192     6.6158  33.955334  33.953113     6.6103     6.6070    33.8631    33.8639    26.5756    26.5767     1.7844     1.7970     54.321     54.703     0.8608     0.8486     0.0415     0.0129     3.3187     1.7705     0.1197 -124.94942   48.36962      18.53          3  0.000e+00
      18590    774.542     99.171    100.038     6.6187     6.6157  33.955023  33.953361     6.6098     6.6069    33.8632    33.8644    26.5758    26.5771     1.7844     1.7970     54.321     54.703     0.8608     0.8486     0.0415     0.0129     3.3187     1.7705     0.1209 -124.94942   48.36962      18.53          3  0.000e+00
      18591    774.583     99.165    100.032     6.6184     6.6165  33.954961  33.953423     6.6096     6.6077    33.8634    33.8636    26.5759    26.5764     1.7845     1.7970     54.321     54.702     0.8608     0.8486     0.0415     0.0129     3.3199     1.7705     0.1209 -124.94942   48.36962      18.53          3  0.000e+00
      18592    774.625     99.171    100.038     6.6174     6.6170  33.954464  33.953610     6.6086     6.6082    33.8639    33.8633    26.5764    26.5761     1.7845     1.7969     54.322     54.701     0.8608     0.8486     0.0415     0.0129     3.3187     1.7705     0.1197 -124.94942   48.36962      18.56          3  0.000e+00
      18593    774.667     99.171    100.038     6.6171     6.6176  33.954091  33.954355     6.6083     6.6088    33.8638    33.8635    26.5764    26.5761     1.7845     1.7969     54.323     54.701     0.8608     0.8486     0.0415     0.0129     3.3175     1.7705     0.1209 -124.94942   48.36962      18.58          3  0.000e+00
      18594    774.708     99.165    100.032     6.6165     6.6185  33.954215  33.955038     6.6076     6.6096    33.8645    33.8635    26.5771    26.5760     1.7845     1.7969     54.323     54.699     0.8608     0.8486     0.0415     0.0129     3.3199     1.7705     0.1209 -124.94942   48.36962      18.58          3  0.000e+00
      18595    774.750     99.218    100.085     6.6165     6.6193  33.954091  33.955286     6.6076     6.6104    33.8644    33.8629    26.5770    26.5755     1.7845     1.7969     54.324     54.699     0.8608     0.8486     0.0415     0.0129     3.3187     1.7705     0.1197 -124.94942   48.36962      18.58          3  0.000e+00
      18596    774.792     99.165    100.032     6.6172     6.6196  33.954712  33.954975     6.6084     6.6108    33.8643    33.8623    26.5768    26.5749     1.7845     1.7968     54.323     54.698     0.8608     0.8486     0.0415     0.0129     3.3175     1.7705     0.1209 -124.94942   48.36962      18.58          3  0.000e+00
      18597    774.833     99.171    100.038     6.6179     6.6196  33.955147  33.954913     6.6091     6.6108    33.8641    33.8622    26.5766    26.5749     1.7845     1.7968     54.322     54.698     0.8608     0.8486     0.0415     0.0129     3.3187     1.7705     0.1209 -124.94942   48.36962      18.58          3  0.000e+00
      18598    774.875     99.165    100.032     6.6184     6.6196  33.955272  33.954913     6.6096     6.6108    33.8638    33.8622    26.5762    26.5749     1.7844     1.7968     54.321     54.698     0.8608     0.8486     0.0415     0.0129     3.3187     1.7705     0.1209 -124.94942   48.36962      18.58          3  0.000e+00
      18599    774.917     99.171    100.038     6.6194     6.6197  33.955707  33.955100     6.6105     6.6109    33.8633    33.8623    26.5758    26.5749     1.7844     1.7968     54.320     54.698     0.8608     0.8486     0.0415     0.0129     3.3187     1.7705     0.1197 -124.94942   48.36962      18.58          3  0.000e+00
      18600    774.958     99.211    100.078     6.6195     6.6194  33.955645  33.955224     6.6107     6.6106    33.8631    33.8627    26.5756    26.5753     1.7844     1.7968     54.320     54.699     0.8608     0.8486     0.0415     0.0129     3.3187     1.7705     0.1209 -124.94942   48.36962      18.58          3  0.000e+00
      18601    775.000     99.118     99.985     6.6195     6.6191  33.955582  33.954727     6.6107     6.6103    33.8631    33.8625    26.5755    26.5752     1.7786     1.7968     54.142     54.699     0.8596     0.8486     0.0415     0.0129     3.3187     1.7705     0.1197 -124.94942   48.36962      18.58          3  0.000e+00
      18602    775.042     99.211    100.078     6.6200     6.6193  33.956017  33.954665     6.6111     6.6104    33.8630    33.8623    26.5754    26.5749     1.7844     1.7969     54.320     54.699     0.8608     0.8486     0.0415     0.0129     3.3187     1.7705     0.1197 -124.94942   48.36962      18.58          3  0.000e+00
      18603    775.083     99.171    100.038     6.6211     6.6194  33.956825  33.954603     6.6123     6.6106    33.8628    33.8621    26.5752    26.5748     1.7843     1.7968     54.318     54.699     0.8608     0.8486     0.0415     0.0129     3.3187     1.7705     0.1209 -124.94942   48.36962      18.58          3  0.000e+00
      18604    775.125     99.165    100.032     6.6222     6.6199  33.957322  33.955038     6.6134     6.6111    33.8623    33.8621    26.5745    26.5747     1.7843     1.8032     54.317     54.892     0.8608     0.8498     0.0415     0.0129     3.3187     1.7705     0.1209 -124.94942   48.36962      18.63          3  0.000e+00
      18605    775.167     99.171    100.038     6.6234     6.6206  33.957819  33.955224     6.6146     6.6117    33.8617    33.8616    26.5739    26.5742     1.7784     1.7968     54.138     54.697     0.8596     0.8486     0.0415     0.0129     3.3187     1.7705     0.1197 -124.94942   48.36962      18.68          3  0.000e+00
      18606    775.208     99.165    100.032     6.6238     6.6210  33.958006  33.955658     6.6150     6.6122    33.8614    33.8616    26.5737    26.5742     1.7842     1.7968     54.315     54.697     0.8608     0.8486     0.0415     0.0129     3.3187     1.7705     0.1209 -124.94942   48.36962      18.66          3  0.000e+00
      18607    775.250     99.171    100.038     6.6242     6.6212  33.958254  33.955845     6.6153     6.6124    33.8614    33.8616    26.5736    26.5742     1.7784     1.7968     54.137     54.696     0.8596     0.8486     0.0415     0.0129     3.3187     1.7705     0.1197 -124.94942   48.36962      18.66          3  0.000e+00
      18608    775.292     99.171    100.038     6.6243     6.6215  33.958565  33.955845     6.6155     6.6127    33.8616    33.8614    26.5737    26.5739     1.7842     1.7968     54.314     54.696     0.8608     0.8486     0.0415     0.0129     3.3187     1.7705     0.1197 -124.94942   48.36962      18.66          3  0.000e+00
      18609    775.333     99.165    100.032     6.6248     6.6222  33.958627  33.956279     6.6160     6.6133    33.8612    33.8612    26.5734    26.5737     1.7842     1.7967     54.314     54.695     0.8608     0.8486     0.0415     0.0129     3.3187     1.7705     0.1209 -124.94942   48.36962      18.66          3  0.000e+00
      18610    775.375     99.218    100.085     6.6254     6.6226  33.959062  33.956466     6.6166     6.6138    33.8610    33.8609    26.5731    26.5734     1.7784     1.7967     54.136     54.695     0.8596     0.8486     0.0415     0.0129     3.3187     1.7705     0.1197 -124.94942   48.36962      18.61          3  0.000e+00
      18611    775.417     99.165    100.032     6.6266     6.6230  33.959435  33.956900     6.6177     6.6141    33.8603    33.8611    26.5724    26.5735     1.7783     1.7967     54.134     54.694     0.8596     0.8486     0.0415     0.0129     3.3175     1.7705     0.1197 -124.94942   48.36962      18.58          3  0.000e+00
      18612    775.458     99.171    100.038     6.6273     6.6238  33.959994  33.957087     6.6185     6.6150    33.8602    33.8605    26.5722    26.5729     1.7783     1.7967     54.133     54.693     0.8596     0.8486     0.0415     0.0129     3.3187     1.7705     0.1209 -124.94942   48.36962      18.58          3  0.000e+00
      18613    775.500     99.165    100.032     6.6275     6.6243  33.959870  33.957273     6.6187     6.6154    33.8598    33.8602    26.5719    26.5726     1.7841     1.7966     54.311     54.693     0.8608     0.8486     0.0415     0.0129     3.3187     1.7705     0.1209 -124.94942   48.36962      18.58          3  0.000e+00
      18614    775.542     99.171    100.038     6.6271     6.6246  33.959808  33.957645     6.6182     6.6157    33.8602    33.8603    26.5723    26.5727     1.7841     1.7966     54.311     54.692     0.8608     0.8486     0.0415     0.0129     3.3187     1.7717     0.1197 -124.94942   48.36962      18.58          3  0.000e+00
      18615    775.583     99.165    100.032     6.6264     6.6247  33.959373  33.957707     6.6175     6.6159    33.8604    33.8602    26.5726    26.5726     1.7783     1.7966     54.135     54.692     0.8596     0.8486     0.0415     0.0129     3.3187     1.7705     0.1197 -124.94942   48.36962      18.58          3  0.000e+00
      18616    775.625     99.171    100.038     6.6261     6.6246  33.959186  33.957459     6.6173     6.6157    33.8605    33.8601    26.5727    26.5725     1.7783     1.7966     54.135     54.692     0.8596     0.8486     0.0415     0.0129     3.3187     1.7705     0.1197 -124.94942   48.36962      18.61          3  0.000e+00
      18617    775.667     99.211    100.078     6.6259     6.6247  33.959186  33.957583     6.6171     6.6159    33.8606    33.8601    26.5728    26.5725     1.7783     1.7966     54.135     54.692     0.8596     0.8486     0.0415     0.0129     3.3187     1.7717     0.1197 -124.94942   48.36962      18.61          3  0.000e+00
      18618    775.708     99.171    100.038     6.6262     6.6251  33.959435  33.957707     6.6174     6.6162    33.8606    33.8599    26.5727    26.5723     1.7841     1.7966     54.312     54.692     0.8608     0.8486     0.0415     0.0129     3.3187     1.7705     0.1197 -124.94942   48.36962      18.61          3  0.000e+00
      18619    775.750     99.211    100.078     6.6273     6.6249  33.959746  33.957708     6.6185     6.6161    33.8599    33.8600    26.5720    26.5724     1.7783     1.7966     54.134     54.692     0.8596     0.8486     0.0415     0.0129     3.3187     1.7705     0.1209 -124.94942   48.36962      18.61          3  0.000e+00
      18620    775.792     99.171    100.038     6.6277     6.6247  33.960056  33.957273     6.6188     6.6159    33.8599    33.8598    26.5720    26.5722     1.7783     1.7966     54.133     54.692     0.8596     0.8486     0.0415     0.0129     3.3187     1.7705     0.1197 -124.94942   48.36962      18.61          3  0.000e+00
      18621    775.833     99.218    100.085     6.6277     6.6246  33.959870  33.957335     6.6188     6.6157    33.8597    33.8599    26.5718    26.5724     1.7783     1.7966     54.133     54.693     0.8596     0.8486     0.0415     0.0129     3.3187     1.7705     0.1209 -124.94942   48.36962      18.61          3  0.000e+00
      18622    775.875     99.165    100.032     6.6273     6.6244  33.959559  33.957149     6.6185     6.6156    33.8597    33.8599    26.5718    26.5724     1.7783     1.7966     54.134     54.692     0.8596     0.8486     0.0415     0.0129     3.3187     1.7705     0.1197 -124.94942   48.36962      18.61          3  0.000e+00
      18623    775.917     99.218    100.085     6.6261     6.6241  33.959062  33.957521     6.6172     6.6152    33.8604    33.8606    26.5725    26.5730     1.7842     1.7967     54.313     54.693     0.8608     0.8486     0.0415     0.0129     3.3187     1.7705     0.1209 -124.94942   48.36962      18.61          3  0.000e+00
      18624    775.958     99.165    100.032     6.6249     6.6238  33.958192  33.957708     6.6161     6.6150    33.8606    33.8612    26.5728    26.5735     1.7842     1.7967     54.314     54.693     0.8608     0.8486     0.0415     0.0129     3.3187     1.7705     0.1209 -124.94942   48.36962      18.61          3  0.000e+00
      18625    776.000     99.218    100.085     6.6237     6.6243  33.957819  33.957459     6.6148     6.6154    33.8614    33.8604    26.5736    26.5728     1.7843     1.7967     54.315     54.693     0.8608     0.8486     0.0415     0.0129     3.3187     1.7705     0.1197 -124.94942   48.36962      18.61          3  0.000e+00
      18626    776.042     99.211    100.078     6.6235     6.6246  33.958130  33.957645     6.6147     6.6157    33.8619    33.8603    26.5741    26.5727     1.7843     1.7966     54.315     54.692     0.8608     0.8486     0.0415     0.0129     3.3187     1.7717     0.1209 -124.94942   48.36962      18.58          3  0.000e+00
      18627    776.083     99.171    100.038     6.6242     6.6246  33.958503  33.957459     6.6153     6.6157    33.8617    33.8601    26.5738    26.5725     1.7842     1.7966     54.314     54.692     0.8608     0.8486     0.0415     0.0129     3.3187     1.7705     0.1197 -124.94942   48.36962      18.61          3  0.000e+00
      18628    776.125     99.211    100.078     6.6246     6.6247  33.958627  33.957583     6.6158     6.6159    33.8613    33.8601    26.5735    26.5725     1.7842     1.7966     54.314     54.692     0.8608     0.8486     0.0415     0.0129     3.3187     1.7705     0.1209 -124.94942   48.36962      18.58          3  0.000e+00
      18629    776.167     99.218    100.085     6.6251     6.6249  33.958627  33.958080     6.6163     6.6161    33.8608    33.8604    26.5730    26.5727     1.7842     1.7966     54.314     54.692     0.8608     0.8486     0.0415     0.0129     3.3187     1.7705     0.1209 -124.94942   48.36962      18.58          3  0.000e+00
