West Coast/WCOA-7/CTD_Data/RB2102_CTD_082_01.ros
* Sea-Bird SBE 9 Data File:
* FileName = C:\Users\scs.user.rb\CTD\RB2102\Data\RB2102_CTD_082_01.hex
* Software Version Seasave V 7.26.7.107
* Temperature SN = 6202
* Conductivity SN = 4907
* Number of Bytes Per Scan = 41
* Number of Voltage Words = 4
* Number of Scans Averaged by the Deck Unit = 1
* NMEA Latitude = 37 58.21 N
* NMEA Longitude = 122 49.72 W
* NMEA UTC (Time) = Jul 11 2021  03:23:02
* NMEA baud rate = 4800
# nquan = 30
# nvalues = 588                                   
# units = specified
# name 0 = scan: Scan Count
# name 1 = timeS: Time, Elapsed [seconds]
# name 2 = depSM: Depth [salt water, m]
# name 3 = prDM: Pressure, Digiquartz [db]
# name 4 = t090C: Temperature [ITS-90, deg C]
# name 5 = t190C: Temperature, 2 [ITS-90, deg C]
# name 6 = c0mS/cm: Conductivity [mS/cm]
# name 7 = c1mS/cm: Conductivity, 2 [mS/cm]
# name 8 = potemp090C: Potential Temperature [ITS-90, deg C]
# name 9 = potemp190C: Potential Temperature, 2 [ITS-90, deg C]
# name 10 = sal00: Salinity, Practical [PSU]
# name 11 = sal11: Salinity, Practical, 2 [PSU]
# name 12 = sigma-é00: Density [sigma-theta, kg/m^3]
# name 13 = sigma-é11: Density, 2 [sigma-theta, kg/m^3]
# name 14 = sbeox0Mg/L: Oxygen, SBE 43 [mg/l]
# name 15 = sbeox1Mg/L: Oxygen, SBE 43, 2 [mg/l]
# name 16 = sbox0Mm/Kg: Oxygen, SBE 43 [umol/kg]
# name 17 = sbox1Mm/Kg: Oxygen, SBE 43, 2 [umol/kg]
# name 18 = sbeox0V: Oxygen raw, SBE 43 [V]
# name 19 = sbeox1V: Oxygen raw, SBE 43, 2 [V]
# name 20 = v4: Voltage 4
# name 21 = flECO-AFL: Fluorescence, WET Labs ECO-AFL/FL [mg/m^3]
# name 22 = v3: Voltage 3
# name 23 = v6: Voltage 6
# name 24 = v7: Voltage 7
# name 25 = longitude: Longitude [deg]
# name 26 = latitude: Latitude [deg]
# name 27 = altM: Altimeter [m]
# name 28 = nbf: Bottles Fired
# name 29 = flag:  0.000e+00
# interval = seconds: 0.0416667
# start_time = Jul 11 2021 03:23:02 [NMEA time, header]
# bad_flag = -9.990e-29
*END*
[from data line 484]
      23357    973.167      3.698      3.726    12.0977    12.1194  38.894793  38.916215    12.0972    12.1189    33.8335    33.8346    25.6647    25.6615     6.4093     6.5938    195.281    200.904     2.0305     1.9658     0.1111     1.7528     3.3114     0.3187     0.0391 -122.82874   37.97028      31.99         10  0.000e+00
      23358    973.208      3.698      3.726    12.0999    12.1185  38.895973  38.916215    12.0994    12.1181    33.8327    33.8354    25.6636    25.6622     6.4141     6.5939    195.427    200.907     2.0317     1.9658     0.1123     1.7833     3.3126     0.3187     0.0391 -122.82874   37.97028      31.99         10  0.000e+00
      23359    973.250      3.698      3.726    12.0997    12.1172  38.896563  38.916740    12.0992    12.1167    33.8334    33.8371    25.6642    25.6638     6.4141     6.5940    195.427    200.911     2.0317     1.9658     0.1123     1.7833     3.3114     0.3187     0.0391 -122.82874   37.97028      31.99         10  0.000e+00
      23360    973.292      3.652      3.679    12.0971    12.1157  38.896891  38.916674    12.0966    12.1152    33.8361    33.8384    25.6669    25.6651     6.4092     6.5942    195.279    200.914     2.0305     1.9658     0.1123     1.7833     3.3114     0.3187     0.0403 -122.82874   37.97028      31.99         10  0.000e+00
      23361    973.333      3.698      3.726    12.0938    12.1149  38.896564  38.916281    12.0933    12.1144    33.8388    33.8388    25.6695    25.6656     6.4096     6.5943    195.290    200.919     2.0305     1.9658     0.1111     1.7528     3.3114     0.3187     0.0403 -122.82874   37.97028      31.99         10  0.000e+00
      23362    973.375      3.751      3.779    12.0914    12.1139  38.896106  38.915692    12.0909    12.1134    33.8405    33.8391    25.6713    25.6660     6.4150     6.5945    195.454    200.924     2.0317     1.9658     0.1111     1.7528     3.3126     0.3187     0.0403 -122.82874   37.97028      31.97         10  0.000e+00
      23379    974.083      3.619      3.646    12.0874    12.1030  38.890532  38.904485    12.0869    12.1026    33.8387    33.8381    25.6707    25.6673     6.4155     6.6071    195.469    201.307     2.0317     1.9683     0.1136     1.8138     3.3101     0.3199     0.0403 -122.82874   37.97028      32.04         11  0.000e+00
      23380    974.125      3.698      3.726    12.0877    12.1034  38.891319  38.904354    12.0872    12.1029    33.8392    33.8377    25.6711    25.6669     6.4155     6.6071    195.470    201.308     2.0317     1.9683     0.1148     1.8444     3.3114     0.3187     0.0403 -122.82874   37.97028      32.06         11  0.000e+00
      23381    974.167      3.652      3.679    12.0886    12.1029  38.892172  38.903830    12.0881    12.1024    33.8393    33.8376    25.6709    25.6669     6.4153     6.6071    195.465    201.309     2.0317     1.9683     0.1136     1.8138     3.3114     0.3199     0.0403 -122.82874   37.97028      32.11         11  0.000e+00
      23382    974.208      3.652      3.679    12.0899    12.1021  38.891975  38.904092    12.0894    12.1016    33.8379    33.8386    25.6696    25.6678     6.4152     6.6072    195.461    201.311     2.0317     1.9683     0.1148     1.8444     3.3114     0.3199     0.0391 -122.82874   37.97028      32.11         11  0.000e+00
      23383    974.250      3.652      3.679    12.0910    12.1012  38.892106  38.903306    12.0905    12.1007    33.8370    33.8386    25.6687    25.6680     6.4151     6.6073    195.458    201.315     2.0317     1.9683     0.1136     1.8138     3.3114     0.3199     0.0391 -122.82874   37.97028      32.11         11  0.000e+00
      23384    974.292      3.698      3.726    12.0906    12.1014  38.891450  38.903044    12.0901    12.1009    33.8367    33.8382    25.6686    25.6676     6.4152     6.6074    195.461    201.316     2.0317     1.9683     0.1136     1.8138     3.3126     0.3199     0.0391 -122.82874   37.97028      32.09         11  0.000e+00
      23385    974.333      3.605      3.633    12.0900    12.1021  38.891253  38.902716    12.0895    12.1016    33.8371    33.8373    25.6690    25.6668     6.4152     6.6072    195.461    201.312     2.0317     1.9683     0.1136     1.8138     3.3114     0.3211     0.0391 -122.82874   37.97028      32.09         11  0.000e+00
      23386    974.375      3.652      3.679    12.0899    12.1015  38.891516  38.902061    12.0894    12.1010    33.8374    33.8371    25.6692    25.6668     6.4152     6.6074    195.462    201.316     2.0317     1.9683     0.1148     1.8444     3.3114     0.3211     0.0391 -122.82874   37.97028      32.06         11  0.000e+00
      23387    974.417      3.605      3.633    12.0893    12.1017  38.891057  38.901733    12.0889    12.1012    33.8375    33.8367    25.6694    25.6664     6.4153     6.6073    195.463    201.315     2.0317     1.9683     0.1136     1.8138     3.3114     0.3199     0.0391 -122.82874   37.97028      32.06         11  0.000e+00
      23388    974.458      3.605      3.633    12.0887    12.1012  38.890926  38.901405    12.0883    12.1007    33.8379    33.8368    25.6698    25.6666     6.4153     6.6074    195.465    201.317     2.0317     1.9683     0.1136     1.8138     3.3114     0.3211     0.0391 -122.82874   37.97028      32.06         11  0.000e+00
      23389    974.500      3.652      3.679    12.0887    12.1007  38.890336  38.901537    12.0882    12.1002    33.8374    33.8374    25.6695    25.6671     6.4154     6.6075    195.467    201.319     2.0317     1.9683     0.1136     1.8138     3.3114     0.3211     0.0391 -122.82874   37.97028      32.06         11  0.000e+00
      23390    974.542      3.652      3.679    12.0884    12.1007  38.890401  38.901668    12.0880    12.1002    33.8377    33.8375    25.6697    25.6672     6.4154     6.6075    195.467    201.319     2.0317     1.9683     0.1148     1.8444     3.3114     0.3211     0.0379 -122.82874   37.97028      32.06         11  0.000e+00
      23391    974.583      3.605      3.633    12.0887    12.0997  38.890598  38.901602    12.0882    12.0992    33.8377    33.8383    25.6697    25.6681     6.4154     6.6131    195.465    201.489     2.0317     1.9695     0.1148     1.8444     3.3114     0.3211     0.0391 -122.82874   37.97028      32.06         11  0.000e+00
      23392    974.625      3.619      3.646    12.0886    12.0992  38.891057  38.901602    12.0881    12.0987    33.8382    33.8388    25.6701    25.6685     6.4154     6.6131    195.465    201.491     2.0317     1.9695     0.1136     1.8138     3.3126     0.3211     0.0379 -122.82874   37.97028      32.09         11  0.000e+00
      23393    974.667      3.652      3.679    12.0886    12.0997  38.890467  38.902651    12.0881    12.0992    33.8376    33.8393    25.6696    25.6688     6.4154     6.6075    195.467    201.321     2.0317     1.9683     0.1136     1.8138     3.3126     0.3211     0.0379 -122.82874   37.97028      32.11         11  0.000e+00
      23394    974.708      3.605      3.633    12.0885    12.1010  38.890401  38.903502    12.0881    12.1006    33.8376    33.8390    25.6696    25.6683     6.4154     6.6128    195.466    201.482     2.0317     1.9695     0.1148     1.8444     3.3114     0.3211     0.0379 -122.82874   37.97028      32.11         11  0.000e+00
      23395    974.750      3.652      3.679    12.0884    12.1024  38.890270  38.904879    12.0880    12.1019    33.8376    33.8391    25.6696    25.6682     6.4154     6.6127    195.468    201.477     2.0317     1.9695     0.1136     1.8138     3.3114     0.3211     0.0379 -122.82874   37.97028      32.11         11  0.000e+00
      23396    974.792      3.605      3.633    12.0885    12.1034  38.890401  38.904878    12.0881    12.1029    33.8376    33.8382    25.6696    25.6673     6.4154     6.6070    195.466    201.305     2.0317     1.9683     0.1148     1.8444     3.3114     0.3211     0.0379 -122.82874   37.97028      32.11         11  0.000e+00
      23397    974.833      3.652      3.679    12.0884    12.1047  38.890336  38.904747    12.0880    12.1042    33.8376    33.8368    25.6697    25.6660     6.4154     6.6124    195.468    201.470     2.0317     1.9695     0.1136     1.8138     3.3114     0.3211     0.0379 -122.82874   37.97028      32.11         11  0.000e+00
      23398    974.875      3.605      3.633    12.0880    12.1064  38.889746  38.905206    12.0875    12.1059    33.8375    33.8358    25.6696    25.6648     6.4155     6.6122    195.468    201.463     2.0317     1.9695     0.1136     1.8138     3.3114     0.3211     0.0366 -122.82874   37.97028      32.14         11  0.000e+00
      23399    974.917      3.605      3.633    12.0874    12.1078  38.889549  38.904878    12.0869    12.1074    33.8378    33.8341    25.6700    25.6633     6.4155     6.6120    195.470    201.458     2.0317     1.9695     0.1160     1.8749     3.3114     0.3211     0.0366 -122.82874   37.97028      32.19         11  0.000e+00
      23400    974.958      3.605      3.633    12.0875    12.1082  38.889287  38.903633    12.0870    12.1077    33.8375    33.8326    25.6697    25.6620     6.4155     6.6120    195.471    201.459     2.0317     1.9695     0.1197     1.9665     3.3114     0.3211     0.0366 -122.82874   37.97028      32.19         11  0.000e+00
      23401    975.000      3.652      3.679    12.0872    12.1072  38.889418  38.903109    12.0868    12.1067    33.8378    33.8330    25.6700    25.6625     6.4156     6.6122    195.472    201.464     2.0317     1.9695     0.1209     1.9970     3.3114     0.3211     0.0366 -122.82874   37.97028      32.19         11  0.000e+00
      23402    975.042      3.652      3.679    12.0868    12.1069  38.889549  38.903502    12.0863    12.1064    33.8384    33.8337    25.6706    25.6631     6.4207     6.6122    195.628    201.464     2.0330     1.9695     0.1209     1.9970     3.3114     0.3211     0.0366 -122.82874   37.97028      32.19         11  0.000e+00
      23403    975.083      3.605      3.633    12.0877    12.1075  38.890270  38.904485    12.0872    12.1071    33.8383    33.8340    25.6703    25.6633     6.4155     6.6121    195.469    201.460     2.0317     1.9695     0.1209     1.9970     3.3114     0.3223     0.0366 -122.82874   37.97028      32.19         11  0.000e+00
      23404    975.125      3.605      3.633    12.0883    12.1078  38.890270  38.904747    12.0878    12.1074    33.8377    33.8340    25.6698    25.6632     6.4205     6.6120    195.621    201.458     2.0330     1.9695     0.1209     1.9970     3.3114     0.3223     0.0354 -122.82874   37.97028      32.21         11  0.000e+00
      23405    975.167      3.619      3.646    12.0885    12.1077  38.889942  38.904157    12.0881    12.1072    33.8372    33.8336    25.6693    25.6628     6.4205     6.6066    195.621    201.292     2.0330     1.9683     0.1209     1.9970     3.3114     0.3223     0.0354 -122.82874   37.97028      32.23         11  0.000e+00
      23406    975.208      3.605      3.633    12.0889    12.1089  38.889877  38.903239    12.0885    12.1084    33.8367    33.8316    25.6689    25.6611     6.4154     6.6120    195.466    201.457     2.0317     1.9695     0.1209     1.9970     3.3114     0.3223     0.0354 -122.82874   37.97028      32.23         11  0.000e+00
      23407    975.250      3.652      3.679    12.0890    12.1100  38.890205  38.902256    12.0885    12.1096    33.8370    33.8296    25.6690    25.6593     6.4154     6.6064    195.466    201.288     2.0317     1.9683     0.1209     1.9970     3.3126     0.3223     0.0354 -122.82874   37.97028      32.23         11  0.000e+00
      23408    975.292      3.605      3.633    12.0889    12.1069  38.890467  38.900684    12.0885    12.1064    33.8373    33.8310    25.6693    25.6610     6.4204     6.6123    195.619    201.467     2.0330     1.9695     0.1209     1.9970     3.3114     0.3223     0.0354 -122.82874   37.97028      32.23         11  0.000e+00
      23409    975.333      3.605      3.633    12.0892    12.1010  38.890794  38.898718    12.0887    12.1006    33.8374    33.8344    25.6693    25.6647     6.4153     6.6130    195.464    201.489     2.0317     1.9695     0.1209     1.9970     3.3114     0.3223     0.0354 -122.82874   37.97028      32.23         11  0.000e+00
      23410    975.375      3.605      3.633    12.0892    12.0972  38.890598  38.896950    12.0888    12.0967    33.8372    33.8361    25.6692    25.6668     6.4153     6.6135    195.464    201.504     2.0317     1.9695     0.1197     1.9665     3.3114     0.3223     0.0354 -122.82874   37.97028      32.23         11  0.000e+00
      23411    975.417      3.652      3.679    12.0896    12.0932  38.890270  38.895574    12.0891    12.0927    33.8365    33.8384    25.6686    25.6693     6.4204     6.6086    195.619    201.352     2.0330     1.9683     0.1209     1.9970     3.3114     0.3223     0.0342 -122.82874   37.97028      32.26         11  0.000e+00
      23412    975.458      3.605      3.633    12.0898    12.0900  38.890794  38.894919    12.0893    12.0895    33.8368    33.8406    25.6688    25.6717     6.4152     6.6144    195.462    201.530     2.0317     1.9695     0.1209     1.9970     3.3114     0.3223     0.0342 -122.82874   37.97028      32.26         11  0.000e+00
      23413    975.500      3.605      3.633    12.0898    12.0880  38.891188  38.894592    12.0893    12.0876    33.8373    33.8421    25.6691    25.6732     6.4203     6.6146    195.616    201.536     2.0330     1.9695     0.1197     1.9665     3.3114     0.3223     0.0342 -122.82874   37.97028      32.26         11  0.000e+00
      23414    975.542      3.552      3.579    12.0897    12.0897  38.891253  38.893412    12.0892    12.0892    33.8374    33.8395    25.6693    25.6709     6.4152     6.6145    195.460    201.531     2.0317     1.9695     0.1209     1.9970     3.3114     0.3223     0.0342 -122.82874   37.97028      32.26         11  0.000e+00
      23415    975.583      3.605      3.633    12.0899    12.0904  38.890663  38.893150    12.0894    12.0899    33.8366    33.8386    25.6686    25.6700     6.4203     6.6144    195.616    201.531     2.0330     1.9695     0.1209     1.9970     3.3114     0.3236     0.0342 -122.82874   37.97028      32.26         11  0.000e+00
      23416    975.625      3.605      3.633    12.0895    12.0897  38.890794  38.893674    12.0890    12.0892    33.8371    33.8397    25.6691    25.6711     6.4203     6.6145    195.617    201.532     2.0330     1.9695     0.1209     1.9970     3.3114     0.3223     0.0342 -122.82874   37.97028      15.82         11  0.000e+00
      23417    975.667      3.605      3.633    12.0892    12.0888  38.890729  38.893347    12.0888    12.0884    33.8373    33.8402    25.6693    25.6716     6.4204     6.6091    195.618    201.368     2.0330     1.9683     0.1209     1.9970     3.3126     0.3223     0.0342 -122.82874   37.97028       2.95         11  0.000e+00
      23418    975.708      3.652      3.679    12.0892    12.0890  38.890860  38.893347    12.0887    12.0885    33.8374    33.8400    25.6694    25.6714     6.4153     6.6091    195.465    201.368     2.0317     1.9683     0.1209     1.9970     3.3126     0.3223     0.0342 -122.82874   37.97028       1.03         11  0.000e+00
      23419    975.750      3.519      3.546    12.0892    12.0902  38.891646  38.893477    12.0888    12.0897    33.8382    33.8391    25.6700    25.6705     6.4152     6.6089    195.460    201.361     2.0317     1.9683     0.1197     1.9665     3.3126     0.3236     0.0342 -122.82874   37.97028       2.00         11  0.000e+00
