West Coast/WCOA-7/CTD_Data/RB2102_CTD_056_01.ros
* Sea-Bird SBE 9 Data File:
* FileName = C:\Users\scs.user.rb\CTD\RB2102\Data\RB2102_CTD_056_01.hex
* Software Version Seasave V 7.26.7.107
* Temperature SN = 6202
* Conductivity SN = 4907
* Number of Bytes Per Scan = 41
* Number of Voltage Words = 4
* Number of Scans Averaged by the Deck Unit = 1
* NMEA Latitude = 44 00.08 N
* NMEA Longitude = 124 36.00 W
* NMEA UTC (Time) = Jul 05 2021  05:27:24
* NMEA baud rate = 4800
# nquan = 30
# nvalues = 980                                   
# units = specified
# name 0 = scan: Scan Count
# name 1 = timeS: Time, Elapsed [seconds]
# name 2 = depSM: Depth [salt water, m]
# name 3 = prDM: Pressure, Digiquartz [db]
# name 4 = t090C: Temperature [ITS-90, deg C]
# name 5 = t190C: Temperature, 2 [ITS-90, deg C]
# name 6 = c0mS/cm: Conductivity [mS/cm]
# name 7 = c1mS/cm: Conductivity, 2 [mS/cm]
# name 8 = potemp090C: Potential Temperature [ITS-90, deg C]
# name 9 = potemp190C: Potential Temperature, 2 [ITS-90, deg C]
# name 10 = sal00: Salinity, Practical [PSU]
# name 11 = sal11: Salinity, Practical, 2 [PSU]
# name 12 = sigma-é00: Density [sigma-theta, kg/m^3]
# name 13 = sigma-é11: Density, 2 [sigma-theta, kg/m^3]
# name 14 = sbeox0Mg/L: Oxygen, SBE 43 [mg/l]
# name 15 = sbeox1Mg/L: Oxygen, SBE 43, 2 [mg/l]
# name 16 = sbox0Mm/Kg: Oxygen, SBE 43 [umol/kg]
# name 17 = sbox1Mm/Kg: Oxygen, SBE 43, 2 [umol/kg]
# name 18 = sbeox0V: Oxygen raw, SBE 43 [V]
# name 19 = sbeox1V: Oxygen raw, SBE 43, 2 [V]
# name 20 = v4: Voltage 4
# name 21 = flECO-AFL: Fluorescence, WET Labs ECO-AFL/FL [mg/m^3]
# name 22 = v3: Voltage 3
# name 23 = v6: Voltage 6
# name 24 = v7: Voltage 7
# name 25 = longitude: Longitude [deg]
# name 26 = latitude: Latitude [deg]
# name 27 = altM: Altimeter [m]
# name 28 = nbf: Bottles Fired
# name 29 = flag:  0.000e+00
# interval = seconds: 0.0416667
# start_time = Jul 05 2021 05:27:24 [NMEA time, header]
# bad_flag = -9.990e-29
*END*
[from data line 822]
      63624   2650.958      3.631      3.661    14.1588    14.1578  39.019390  39.019834    14.1583    14.1573    32.1589    32.1601    23.9598    23.9610     9.0971     9.7303    277.636    296.961     2.7521     2.7375     0.2076     4.1643     3.2308     0.0342     0.1551 -124.60086   44.00138      22.47         17  0.000e+00
      63625   2651.000      3.631      3.661    14.1587    14.1577  39.018996  39.019703    14.1581    14.1572    32.1586    32.1601    23.9597    23.9610     9.0971     9.7303    277.637    296.961     2.7521     2.7375     0.2076     4.1643     3.2295     0.0342     0.1538 -124.60086   44.00138      19.83         17  0.000e+00
      63626   2651.042      3.677      3.707    14.1586    14.1578  39.018799  39.019572    14.1581    14.1573    32.1585    32.1599    23.9596    23.9608     9.1021     9.7304    277.789    296.963     2.7534     2.7375     0.2076     4.1643     3.2295     0.0342     0.1551 -124.60086   44.00138      22.47         17  0.000e+00
      63627   2651.083      3.631      3.661    14.1586    14.1573  39.018799  39.019375    14.1581    14.1568    32.1585    32.1601    23.9596    23.9611     9.1021     9.7304    277.788    296.964     2.7534     2.7375     0.2063     4.1337     3.2295     0.0342     0.1551 -124.60086   44.00138      23.64         17  0.000e+00
      63628   2651.125      3.677      3.707    14.1586    14.1573  39.019127  39.019506    14.1581    14.1567    32.1588    32.1602    23.9598    23.9612     9.1021     9.7305    277.789    296.966     2.7534     2.7375     0.2063     4.1337     3.2295     0.0342     0.1538 -124.60086   44.00138      26.11         17  0.000e+00
      63629   2651.167      3.631      3.661    14.1586    14.1573  39.019390  39.019112    14.1581    14.1568    32.1590    32.1598    23.9600    23.9609     9.1020     9.7304    277.787    296.964     2.7534     2.7375     0.2063     4.1337     3.2308     0.0342     0.1538 -124.60086   44.00138      73.80         17  0.000e+00
      63630   2651.208      3.677      3.707    14.1585    14.1576  39.018996  39.019178    14.1580    14.1571    32.1587    32.1596    23.9598    23.9607     9.1070     9.7304    277.939    296.965     2.7546     2.7375     0.2063     4.1337     3.2308     0.0342     0.1551 -124.60086   44.00138     100.00         17  0.000e+00
      63631   2651.250      3.691      3.721    14.1586    14.1577  39.019062  39.019309    14.1581    14.1572    32.1587    32.1597    23.9597    23.9607     9.1070     9.7304    277.939    296.964     2.7546     2.7375     0.2063     4.1337     3.2320     0.0330     0.1538 -124.60086   44.00138     100.00         17  0.000e+00
      63632   2651.292      3.677      3.707    14.1586    14.1576  39.018668  39.019047    14.1581    14.1571    32.1583    32.1595    23.9595    23.9606     9.1119     9.7358    278.089    297.127     2.7558     2.7387     0.2063     4.1337     3.2308     0.0342     0.1551 -124.60086   44.00138     100.00         17  0.000e+00
      63633   2651.333      3.724      3.754    14.1588    14.1575  39.018930  39.019441    14.1583    14.1570    32.1584    32.1599    23.9595    23.9609     9.1168     9.7305    278.239    296.966     2.7570     2.7375     0.2076     4.1643     3.2308     0.0342     0.1563 -124.60086   44.00138      99.71         17  0.000e+00
      63634   2651.375      3.724      3.754    14.1584    14.1578  39.018668  39.019638    14.1579    14.1573    32.1585    32.1599    23.9596    23.9608     9.1169     9.7304    278.241    296.965     2.7570     2.7375     0.2063     4.1337     3.2308     0.0342     0.1563 -124.60086   44.00138      98.80         17  0.000e+00
      63660   2652.458      3.922      3.954    14.1586    14.1592  39.018209  39.020885    14.1581    14.1587    32.1578    32.1598    23.9591    23.9605     9.1466     9.7304    279.146    296.963     2.7643     2.7375     0.2027     4.0422     3.2295     0.0403     0.1538 -124.60086   44.00138      26.15         18  0.000e+00
      63661   2652.500      3.922      3.954    14.1588    14.1586  39.018734  39.019638    14.1582    14.1581    32.1582    32.1591    23.9593    23.9601     9.1465     9.7359    279.144    297.131     2.7643     2.7387     0.2027     4.0422     3.2308     0.0403     0.1526 -124.60086   44.00138      23.30         18  0.000e+00
      63662   2652.542      3.823      3.854    14.1586    14.1604  39.019850  39.022328    14.1581    14.1599    32.1594    32.1601    23.9603    23.9605     9.1415     9.7353    278.990    297.113     2.7631     2.7387     0.2027     4.0422     3.2308     0.0403     0.1526 -124.60086   44.00138      25.84         18  0.000e+00
      63663   2652.583      3.923      3.954    14.1586    14.1610  39.019719  39.000284    14.1581    14.1604    32.1592    32.1394    23.9601    23.9444     9.1416     9.7366    278.994    297.156     2.7631     2.7387     0.2027     4.0422     3.2283     0.0415     0.1526 -124.60086   44.00138      26.98         18  0.000e+00
      63664   2652.625      3.870      3.901    14.1587    14.1606  39.020507  38.983557    14.1581    14.1600    32.1599    32.1244    23.9607    23.9329     9.1415     9.7375    278.990    297.188     2.7631     2.7387     0.2027     4.0422     3.2295     0.0415     0.1538 -124.60086   44.00138      27.03         18  0.000e+00
      63665   2652.667      3.923      3.954    14.1586    14.1601  39.020901  38.993527    14.1581    14.1596    32.1603    32.1339    23.9610    23.9403     9.1415     9.7317    278.992    297.011     2.7631     2.7375     0.2027     4.0422     3.2308     0.0415     0.1538 -124.60086   44.00138      26.11         18  0.000e+00
      63666   2652.708      3.889      3.921    14.1588    14.1606  39.020835  38.996544    14.1582    14.1600    32.1601    32.1363    23.9608    23.9421     9.1415     9.7315    278.990    297.002     2.7631     2.7375     0.2027     4.0422     3.2283     0.0415     0.1538 -124.60086   44.00138      25.42         18  0.000e+00
      63667   2652.750      3.870      3.901    14.1588    14.1621  39.020375  38.989001    14.1582    14.1616    32.1597    32.1281    23.9605    23.9354     9.1366     9.7369    278.840    297.170     2.7619     2.7387     0.2027     4.0422     3.2283     0.0415     0.1538 -124.60086   44.00138      25.32         18  0.000e+00
      63668   2652.792      3.923      3.954    14.1586    14.1623  39.020638  39.029087    14.1581    14.1618    32.1600    32.1647    23.9608    23.9636     9.1366     9.7347    278.842    297.096     2.7619     2.7387     0.2027     4.0422     3.2283     0.0415     0.1538 -124.60086   44.00138      25.37         18  0.000e+00
      63669   2652.833      3.870      3.901    14.1586    14.1628  39.019850  39.059801    14.1581    14.1622    32.1593    32.1926    23.9603    23.9850     9.1366     9.7276    278.842    296.871     2.7619     2.7375     0.2027     4.0422     3.2295     0.0415     0.1538 -124.60086   44.00138      25.40         18  0.000e+00
      63670   2652.875      3.923      3.954    14.1587    14.1627  39.019719  39.030727    14.1581    14.1621    32.1592    32.1659    23.9601    23.9645     9.1318     9.7346    278.694    297.091     2.7607     2.7387     0.2027     4.0422     3.2295     0.0415     0.1551 -124.60086   44.00138      25.49         18  0.000e+00
      63671   2652.917      3.870      3.901    14.1588    14.1614  39.019390  39.009534    14.1582    14.1609    32.1588    32.1475    23.9598    23.9506     9.1317     9.7359    278.692    297.135     2.7607     2.7387     0.2039     4.0727     3.2283     0.0415     0.1551 -124.60086   44.00138      30.74         18  0.000e+00
      63672   2652.958      3.823      3.854    14.1586    14.1601  39.018865  39.016291    14.1581    14.1596    32.1585    32.1548    23.9596    23.9564     9.1317     9.7304    278.692    296.964     2.7607     2.7375     0.2027     4.0422     3.2295     0.0415     0.1538 -124.60086   44.00138      34.09         18  0.000e+00
      63673   2653.000      3.923      3.954    14.1588    14.1594  39.018340  39.019376    14.1582    14.1588    32.1578    32.1582    23.9590    23.9592     9.1269     9.7304    278.546    296.965     2.7595     2.7375     0.2027     4.0422     3.2308     0.0403     0.1526 -124.60086   44.00138      34.48         18  0.000e+00
      63674   2653.042      3.870      3.901    14.1586    14.1590  39.018406  39.020032    14.1581    14.1584    32.1580    32.1592    23.9592    23.9601     9.1269     9.7304    278.545    296.964     2.7595     2.7375     0.2027     4.0422     3.2308     0.0403     0.1538 -124.60086   44.00138      34.19         18  0.000e+00
      63675   2653.083      3.870      3.901    14.1588    14.1587  39.018734  39.020032    14.1582    14.1582    32.1582    32.1594    23.9593    23.9603     9.1268     9.7304    278.544    296.965     2.7595     2.7375     0.2027     4.0422     3.2308     0.0403     0.1526 -124.60086   44.00138      34.07         18  0.000e+00
      63676   2653.125      3.870      3.901    14.1587    14.1590  39.019062  39.019704    14.1581    14.1584    32.1586    32.1589    23.9597    23.9599     9.1219     9.7304    278.394    296.965     2.7582     2.7375     0.2027     4.0422     3.2295     0.0403     0.1538 -124.60086   44.00138      35.24         18  0.000e+00
      63677   2653.167      3.890      3.921    14.1588    14.1587  39.018931  39.019835    14.1582    14.1581    32.1583    32.1592    23.9595    23.9602     9.1219     9.7305    278.395    296.966     2.7582     2.7375     0.2088     4.1948     3.2308     0.0403     0.1538 -124.60086   44.00138      75.58         18  0.000e+00
      63678   2653.208      3.870      3.901    14.1586    14.1586  39.019259  39.019966    14.1581    14.1581    32.1588    32.1594    23.9598    23.9603     9.1219     9.7305    278.394    296.966     2.7582     2.7375     0.2198     4.4695     3.2308     0.0403     0.1538 -124.60086   44.00138     100.00         18  0.000e+00
      63679   2653.250      3.870      3.901    14.1590    14.1586  39.019193  39.020163    14.1584    14.1581    32.1585    32.1596    23.9595    23.9605     9.1170     9.7305    278.243    296.965     2.7570     2.7375     0.2234     4.5611     3.2320     0.0403     0.1538 -124.60086   44.00138     100.00         18  0.000e+00
      63680   2653.292      3.870      3.901    14.1586    14.1587  39.018931  39.019769    14.1581    14.1582    32.1585    32.1592    23.9596    23.9601     9.1170     9.7305    278.245    296.966     2.7570     2.7375     0.2234     4.5611     3.2320     0.0391     0.1538 -124.60086   44.00138     100.00         18  0.000e+00
      63681   2653.333      3.870      3.901    14.1588    14.1591  39.019259  39.020032    14.1583    14.1585    32.1586    32.1591    23.9597    23.9600     9.1170     9.7304    278.243    296.963     2.7570     2.7375     0.2222     4.5306     3.2308     0.0403     0.1538 -124.60086   44.00138      99.68         18  0.000e+00
      63682   2653.375      3.823      3.854    14.1586    14.1589  39.019522  39.020491    14.1581    14.1583    32.1591    32.1597    23.9600    23.9605     9.1121     9.7303    278.093    296.962     2.7558     2.7375     0.2234     4.5611     3.2295     0.0391     0.1538 -124.60086   44.00138      97.75         18  0.000e+00
      63683   2653.417      3.823      3.854    14.1588    14.1590  39.019456  39.020097    14.1582    14.1584    32.1589    32.1593    23.9598    23.9601     9.1120     9.7303    278.092    296.962     2.7558     2.7375     0.2234     4.5611     3.2295     0.0403     0.1551 -124.60086   44.00138      50.57         18  0.000e+00
      63684   2653.458      3.870      3.901    14.1588    14.1589  39.019259  39.019704    14.1582    14.1583    32.1587    32.1590    23.9597    23.9599     9.1121     9.7251    278.094    296.803     2.7558     2.7363     0.2234     4.5611     3.2308     0.0403     0.1563 -124.60086   44.00138      23.00         18  0.000e+00
      63685   2653.500      3.870      3.901    14.1586    14.1594  39.019390  39.050612    14.1581    14.1589    32.1589    32.1869    23.9599    23.9813     9.1121     9.7233    278.094    296.742     2.7558     2.7363     0.2222     4.5306     3.2295     0.0403     0.1563 -124.60086   44.00138      20.24         18  0.000e+00
      63686   2653.542      3.870      3.901    14.1588    14.1606  39.018997  39.120867    14.1582    14.1600    32.1584    32.2505    23.9595    24.0302     9.1072     9.7192    277.945    296.603     2.7546     2.7363     0.2234     4.5611     3.2295     0.0391     0.1563 -124.60086   44.00138      22.88         18  0.000e+00
      63687   2653.583      3.823      3.854    14.1587    14.1604  39.019062  39.107994    14.1581    14.1599    32.1586    32.2388    23.9597    24.0212     9.1072     9.7199    277.944    296.627     2.7546     2.7363     0.2222     4.5306     3.2295     0.0403     0.1575 -124.60086   44.00138      24.05         18  0.000e+00
      63688   2653.625      3.870      3.901    14.1590    14.1596  39.019193  39.052450    14.1584    14.1590    32.1585    32.1885    23.9595    23.9825     9.1121     9.7232    278.093    296.737     2.7558     2.7363     0.2222     4.5306     3.2295     0.0403     0.1575 -124.60086   44.00138      26.15         18  0.000e+00
      63689   2653.667      3.837      3.868    14.1586    14.1600  39.019390  39.002842    14.1581    14.1594    32.1589    32.1426    23.9599    23.9471     9.1072     9.7258    277.944    296.828     2.7546     2.7363     0.2222     4.5306     3.2295     0.0391     0.1575 -124.60086   44.00138      73.28         18  0.000e+00
      63690   2653.708      3.870      3.901    14.1588    14.1604  39.019522  39.012814    14.1582    14.1599    32.1589    32.1514    23.9599    23.9537     9.1121     9.7252    278.094    296.808     2.7558     2.7363     0.2234     4.5611     3.2308     0.0391     0.1587 -124.60086   44.00138     100.00         18  0.000e+00
      63691   2653.750      3.823      3.854    14.1586    14.1604  39.019456  39.025543    14.1581    14.1599    32.1590    32.1631    23.9600    23.9628     9.1072     9.7245    277.943    296.783     2.7546     2.7363     0.2234     4.5611     3.2308     0.0403     0.1612 -124.60086   44.00138     100.00         18  0.000e+00
      63692   2653.792      3.870      3.901    14.1586    14.1600  39.019784  39.073784    14.1581    14.1594    32.1593    32.2077    23.9602    23.9973     9.1072     9.7219    277.944    296.695     2.7546     2.7363     0.2222     4.5306     3.2308     0.0403     0.1624 -124.60086   44.00138     100.00         18  0.000e+00
      63693   2653.833      3.823      3.854    14.1587    14.1592  39.019784  39.127107    14.1581    14.1587    32.1593    32.2574    23.9602    24.0358     9.1071     9.7191    277.942    296.596     2.7546     2.7363     0.2234     4.5611     3.2308     0.0391     0.1624 -124.60086   44.00138      99.71         18  0.000e+00
      63694   2653.875      3.823      3.854    14.1590    14.1591  39.019850  39.134333    14.1584    14.1585    32.1591    32.2641    23.9600    24.0410     9.1120     9.7187    278.091    296.583     2.7558     2.7363     0.2234     4.5611     3.2295     0.0391     0.1636 -124.60086   44.00138      98.83         18  0.000e+00
      63695   2653.917      3.823      3.854    14.1584    14.1587  39.019325  39.112723    14.1579    14.1582    32.1590    32.2446    23.9600    24.0260     9.1121     9.7146    278.094    296.463     2.7558     2.7350     0.2222     4.5306     3.2295     0.0391     0.1636 -124.60086   44.00138      58.95         18  0.000e+00
      63696   2653.958      3.823      3.854    14.1586    14.1588  39.019193  39.057439    14.1581    14.1582    32.1588    32.1937    23.9598    23.9868     9.1121     9.7230    278.093    296.730     2.7558     2.7363     0.2222     4.5306     3.2295     0.0391     0.1636 -124.60086   44.00138      33.75         18  0.000e+00
