West Coast/WCOA-7/CTD_Data/RB2102_CTD_083_01.ros
* Sea-Bird SBE 9 Data File:
* FileName = C:\Users\scs.user.rb\CTD\RB2102\Data\RB2102_CTD_083_01.hex
* Software Version Seasave V 7.26.7.107
* Temperature SN = 6202
* Conductivity SN = 4907
* Number of Bytes Per Scan = 41
* Number of Voltage Words = 4
* Number of Scans Averaged by the Deck Unit = 1
* NMEA Latitude = 37 56.57 N
* NMEA Longitude = 122 52.83 W
* NMEA UTC (Time) = Jul 11 2021  04:28:52
* NMEA baud rate = 4800
# nquan = 30
# nvalues = 980                                   
# units = specified
# name 0 = scan: Scan Count
# name 1 = timeS: Time, Elapsed [seconds]
# name 2 = depSM: Depth [salt water, m]
# name 3 = prDM: Pressure, Digiquartz [db]
# name 4 = t090C: Temperature [ITS-90, deg C]
# name 5 = t190C: Temperature, 2 [ITS-90, deg C]
# name 6 = c0mS/cm: Conductivity [mS/cm]
# name 7 = c1mS/cm: Conductivity, 2 [mS/cm]
# name 8 = potemp090C: Potential Temperature [ITS-90, deg C]
# name 9 = potemp190C: Potential Temperature, 2 [ITS-90, deg C]
# name 10 = sal00: Salinity, Practical [PSU]
# name 11 = sal11: Salinity, Practical, 2 [PSU]
# name 12 = sigma-é00: Density [sigma-theta, kg/m^3]
# name 13 = sigma-é11: Density, 2 [sigma-theta, kg/m^3]
# name 14 = sbeox0Mg/L: Oxygen, SBE 43 [mg/l]
# name 15 = sbeox1Mg/L: Oxygen, SBE 43, 2 [mg/l]
# name 16 = sbox0Mm/Kg: Oxygen, SBE 43 [umol/kg]
# name 17 = sbox1Mm/Kg: Oxygen, SBE 43, 2 [umol/kg]
# name 18 = sbeox0V: Oxygen raw, SBE 43 [V]
# name 19 = sbeox1V: Oxygen raw, SBE 43, 2 [V]
# name 20 = v4: Voltage 4
# name 21 = flECO-AFL: Fluorescence, WET Labs ECO-AFL/FL [mg/m^3]
# name 22 = v3: Voltage 3
# name 23 = v6: Voltage 6
# name 24 = v7: Voltage 7
# name 25 = longitude: Longitude [deg]
# name 26 = latitude: Latitude [deg]
# name 27 = altM: Altimeter [m]
# name 28 = nbf: Bottles Fired
# name 29 = flag:  0.000e+00
# interval = seconds: 0.0416667
# start_time = Jul 11 2021 04:28:52 [NMEA time, header]
# bad_flag = -9.990e-29
*END*
[from data line 871]
      30421   1267.500      3.993      4.023    12.7929    12.7931  39.460235  39.461805    12.7923    12.7926    33.7512    33.7525    25.4665    25.4674     8.1465     8.4251    248.259    256.750     2.4774     2.3993     0.1685     3.1875     3.3346     0.2576     0.2625 -122.88048   37.94288      47.72         18  0.000e+00
      30422   1267.542      3.993      4.023    12.7927    12.7931  39.460433  39.461673    12.7922    12.7926    33.7515    33.7523    25.4668    25.4673     8.1415     8.4251    248.106    256.751     2.4762     2.3993     0.1685     3.1875     3.3333     0.2576     0.2625 -122.88048   37.94288      47.79         18  0.000e+00
      30423   1267.583      3.940      3.969    12.7929    12.7930  39.460499  39.461673    12.7923    12.7924    33.7515    33.7525    25.4667    25.4675     8.1464     8.4251    248.256    256.750     2.4774     2.3993     0.1685     3.1875     3.3346     0.2576     0.2625 -122.88048   37.94288      47.79         18  0.000e+00
      30424   1267.625      3.940      3.969    12.7929    12.7926  39.460103  39.461805    12.7923    12.7921    33.7511    33.7529    25.4664    25.4679     8.1414     8.4197    248.105    256.585     2.4762     2.3980     0.1685     3.1875     3.3346     0.2576     0.2625 -122.88048   37.94288      47.77         18  0.000e+00
      30425   1267.667      3.940      3.969    12.7926    12.7926  39.460564  39.461673    12.7920    12.7921    33.7518    33.7528    25.4671    25.4678     8.1414     8.4252    248.105    256.751     2.4762     2.3993     0.1673     3.1569     3.3333     0.2589     0.2625 -122.88048   37.94288      47.77         18  0.000e+00
      30426   1267.708      3.940      3.969    12.7930    12.7926  39.460169  39.461673    12.7925    12.7921    33.7510    33.7528    25.4663    25.4678     8.1414     8.4252    248.104    256.751     2.4762     2.3993     0.1673     3.1569     3.3333     0.2589     0.2625 -122.88048   37.94288      47.77         18  0.000e+00
      30427   1267.750      3.940      3.969    12.7930    12.7926  39.460367  39.461409    12.7925    12.7921    33.7512    33.7526    25.4665    25.4676     8.1414     8.4252    248.104    256.752     2.4762     2.3993     0.1661     3.1264     3.3346     0.2589     0.2637 -122.88048   37.94288      47.72         18  0.000e+00
      30428   1267.792      3.940      3.969    12.7929    12.7928  39.460169  39.461080    12.7923    12.7923    33.7512    33.7521    25.4665    25.4672     8.1414     8.4252    248.105    256.751     2.4762     2.3993     0.1661     3.1264     3.3346     0.2589     0.2625 -122.88048   37.94288      47.67         18  0.000e+00
      30429   1267.833      3.893      3.923    12.7926    12.7926  39.459971  39.461014    12.7920    12.7921    33.7513    33.7522    25.4666    25.4674     8.1414     8.4251    248.105    256.751     2.4762     2.3993     0.1673     3.1569     3.3333     0.2589     0.2637 -122.88048   37.94288      47.67         18  0.000e+00
      30430   1267.875      3.940      3.970    12.7929    12.7925  39.460037  39.461343    12.7923    12.7919    33.7510    33.7526    25.4664    25.4677     8.1414     8.4252    248.105    256.752     2.4762     2.3993     0.1661     3.1264     3.3346     0.2601     0.2637 -122.88048   37.94288      47.67         18  0.000e+00
      30431   1267.917      3.840      3.869    12.7927    12.7926  39.460234  39.461607    12.7922    12.7921    33.7514    33.7528    25.4667    25.4678     8.1413     8.4251    248.102    256.748     2.4762     2.3993     0.1661     3.1264     3.3346     0.2613     0.2637 -122.88048   37.94288      47.67         18  0.000e+00
      30481   1270.000      3.993      4.023    12.7927    12.7925  39.460631  39.461344    12.7922    12.7919    33.7517    33.7526    25.4669    25.4677     8.1265     8.4198    247.649    256.589     2.4725     2.3980     0.1685     3.1875     3.3346     0.2576     0.2601 -122.88048   37.94288      47.84         19  0.000e+00
      30482   1270.042      3.841      3.870    12.7926    12.7924  39.460630  39.461541    12.7920    12.7919    33.7519    33.7529    25.4671    25.4679     8.1263     8.4197    247.645    256.583     2.4725     2.3980     0.1673     3.1569     3.3333     0.2564     0.2601 -122.88048   37.94288      47.81         19  0.000e+00
      30483   1270.083      3.993      4.023    12.7926    12.7923  39.460235  39.460882    12.7920    12.7918    33.7515    33.7523    25.4668    25.4675     8.1265     8.4199    247.651    256.590     2.4725     2.3980     0.1685     3.1875     3.3333     0.2564     0.2601 -122.88048   37.94288      47.81         19  0.000e+00
      30484   1270.125      3.907      3.937    12.7927    12.7926  39.460235  39.461211    12.7922    12.7921    33.7514    33.7524    25.4667    25.4675     8.1264     8.4197    247.647    256.585     2.4725     2.3980     0.1673     3.1569     3.3333     0.2564     0.2601 -122.88048   37.94288      47.81         19  0.000e+00
      30485   1270.167      3.894      3.923    12.7922    12.7922  39.460103  39.461343    12.7917    12.7916    33.7517    33.7529    25.4670    25.4680     8.1265     8.4198    247.649    256.587     2.4725     2.3980     0.1673     3.1569     3.3346     0.2564     0.2601 -122.88048   37.94288      47.81         19  0.000e+00
      30486   1270.208      3.894      3.923    12.7922    12.7923  39.460103  39.461343    12.7917    12.7918    33.7517    33.7528    25.4670    25.4679     8.1265     8.4197    247.649    256.586     2.4725     2.3980     0.1673     3.1569     3.3346     0.2564     0.2601 -122.88048   37.94288      47.81         19  0.000e+00
      30487   1270.250      3.940      3.970    12.7920    12.7923  39.459971  39.461080    12.7915    12.7918    33.7517    33.7525    25.4671    25.4677     8.1265     8.4252    247.651    256.753     2.4725     2.3993     0.1673     3.1569     3.3358     0.2564     0.2601 -122.88048   37.94288      47.84         19  0.000e+00
      30488   1270.292      3.894      3.923    12.7919    12.7923  39.459575  39.460684    12.7914    12.7918    33.7515    33.7522    25.4669    25.4674     8.1265     8.4252    247.651    256.753     2.4725     2.3993     0.1673     3.1569     3.3346     0.2564     0.2601 -122.88048   37.94288      47.86         19  0.000e+00
      30489   1270.333      3.940      3.970    12.7917    12.7920  39.459312  39.460882    12.7912    12.7915    33.7514    33.7526    25.4669    25.4678     8.1266     8.4253    247.653    256.755     2.4725     2.3993     0.1685     3.1875     3.3333     0.2564     0.2601 -122.88048   37.94288      47.86         19  0.000e+00
      30490   1270.375      3.894      3.923    12.7917    12.7921  39.459641  39.460816    12.7912    12.7916    33.7517    33.7525    25.4671    25.4677     8.1266     8.4252    247.651    256.753     2.4725     2.3993     0.1673     3.1569     3.3333     0.2552     0.2601 -122.88048   37.94288      47.86         19  0.000e+00
      30491   1270.417      3.894      3.923    12.7919    12.7920  39.459773  39.460948    12.7914    12.7915    33.7517    33.7527    25.4671    25.4679     8.1265     8.4252    247.651    256.753     2.4725     2.3993     0.1685     3.1875     3.3333     0.2552     0.2601 -122.88048   37.94288      47.86         19  0.000e+00
      30492   1270.458      3.940      3.970    12.7919    12.7921  39.460169  39.461212    12.7914    12.7916    33.7520    33.7528    25.4673    25.4679     8.1266     8.4253    247.651    256.754     2.4725     2.3993     0.1673     3.1569     3.3333     0.2552     0.2601 -122.88048   37.94288      47.86         19  0.000e+00
      30493   1270.500      3.894      3.923    12.7920    12.7923  39.459905  39.461080    12.7915    12.7918    33.7517    33.7526    25.4671    25.4677     8.1315     8.4198    247.802    256.586     2.4737     2.3980     0.1673     3.1569     3.3346     0.2552     0.2601 -122.88048   37.94288      47.89         19  0.000e+00
      30494   1270.542      3.940      3.970    12.7924    12.7921  39.460169  39.461014    12.7919    12.7916    33.7516    33.7526    25.4669    25.4678     8.1315     8.4253    247.802    256.754     2.4737     2.3993     0.1685     3.1875     3.3333     0.2552     0.2601 -122.88048   37.94288      47.91         19  0.000e+00
      30495   1270.583      3.940      3.970    12.7927    12.7920  39.460433  39.460684    12.7922    12.7915    33.7515    33.7524    25.4668    25.4677     8.1314     8.4253    247.800    256.755     2.4737     2.3993     0.1685     3.1875     3.3333     0.2552     0.2601 -122.88048   37.94288      47.91         19  0.000e+00
      30496   1270.625      3.940      3.970    12.7930    12.7918  39.460498  39.461014    12.7925    12.7912    33.7513    33.7530    25.4666    25.4681     8.1314     8.4253    247.799    256.756     2.4737     2.3993     0.1673     3.1569     3.3333     0.2540     0.2601 -122.88048   37.94288      47.89         19  0.000e+00
      30497   1270.667      3.907      3.937    12.7931    12.7918  39.460894  39.460487    12.7926    12.7913    33.7516    33.7524    25.4668    25.4677     8.1313     8.4253    247.797    256.755     2.4737     2.3993     0.1673     3.1569     3.3333     0.2540     0.2601 -122.88048   37.94288      47.89         19  0.000e+00
      30498   1270.708      3.993      4.023    12.7932    12.7916  39.461092  39.460289    12.7927    12.7911    33.7517    33.7524    25.4668    25.4677     8.1314     8.4200    247.799    256.594     2.4737     2.3980     0.1673     3.1569     3.3333     0.2540     0.2601 -122.88048   37.94288      47.89         19  0.000e+00
      30499   1270.750      3.940      3.970    12.7934    12.7915  39.461026  39.460289    12.7929    12.7910    33.7515    33.7525    25.4667    25.4678     8.1313     8.4254    247.797    256.758     2.4737     2.3993     0.1673     3.1569     3.3333     0.2540     0.2601 -122.88048   37.94288      47.81         19  0.000e+00
      30500   1270.792      3.940      3.970    12.7930    12.7918  39.460828  39.460289    12.7925    12.7912    33.7516    33.7523    25.4668    25.4676     8.1364     8.4254    247.951    256.757     2.4750     2.3993     0.1673     3.1569     3.3333     0.2540     0.2589 -122.88048   37.94288      47.74         19  0.000e+00
      30501   1270.833      3.940      3.970    12.7934    12.7918  39.460564  39.460816    12.7929    12.7913    33.7511    33.7527    25.4663    25.4679     8.1363     8.4253    247.950    256.756     2.4750     2.3993     0.1673     3.1569     3.3333     0.2540     0.2601 -122.88048   37.94288      47.74         19  0.000e+00
      30502   1270.875      3.940      3.970    12.7932    12.7921  39.460894  39.461080    12.7927    12.7916    33.7515    33.7527    25.4667    25.4678     8.1363     8.4253    247.950    256.754     2.4750     2.3993     0.1673     3.1569     3.3333     0.2540     0.2601 -122.88048   37.94288      47.74         19  0.000e+00
      30503   1270.917      3.993      4.023    12.7936    12.7923  39.460828  39.461278    12.7930    12.7918    33.7511    33.7527    25.4663    25.4678     8.1364     8.4253    247.950    256.755     2.4750     2.3993     0.1685     3.1875     3.3333     0.2527     0.2601 -122.88048   37.94288      47.74         19  0.000e+00
      30504   1270.958      3.993      4.023    12.7936    12.7926  39.461224  39.461080    12.7930    12.7921    33.7515    33.7522    25.4666    25.4674     8.1363     8.4253    247.950    256.754     2.4750     2.3993     0.1709     3.2485     3.3346     0.2527     0.2601 -122.88048   37.94288      47.74         19  0.000e+00
      30505   1271.000      3.993      4.023    12.7934    12.7928  39.461422  39.461475    12.7929    12.7923    33.7519    33.7524    25.4669    25.4675     8.1364     8.4252    247.950    256.752     2.4750     2.3993     0.1722     3.2790     3.3333     0.2515     0.2601 -122.88048   37.94288      47.67         19  0.000e+00
      30506   1271.042      3.993      4.023    12.7937    12.7933  39.461488  39.461871    12.7932    12.7927    33.7517    33.7524    25.4667    25.4674     8.1413     8.4251    248.101    256.750     2.4762     2.3993     0.1722     3.2790     3.3346     0.2515     0.2601 -122.88048   37.94288      47.62         19  0.000e+00
      30507   1271.083      3.993      4.023    12.7937    12.7931  39.461620  39.462003    12.7932    12.7926    33.7518    33.7527    25.4668    25.4676     8.1413     8.4251    248.101    256.750     2.4762     2.3993     0.1709     3.2485     3.3346     0.2515     0.2589 -122.88048   37.94288      47.62         19  0.000e+00
      30508   1271.125      3.993      4.023    12.7945    12.7933  39.462081  39.462398    12.7940    12.7927    33.7515    33.7529    25.4664    25.4678     8.1412     8.4251    248.097    256.749     2.4762     2.3993     0.1709     3.2485     3.3346     0.2515     0.2601 -122.88048   37.94288      47.62         19  0.000e+00
      30509   1271.167      4.007      4.037    12.7945    12.7931  39.462213  39.462135    12.7940    12.7926    33.7516    33.7528    25.4665    25.4677     8.1462     8.4251    248.250    256.750     2.4774     2.3993     0.1722     3.2790     3.3333     0.2515     0.2589 -122.88048   37.94288      47.62         19  0.000e+00
      30510   1271.208      3.993      4.023    12.7947    12.7934  39.462345  39.462200    12.7942    12.7929    33.7516    33.7526    25.4664    25.4675     8.1461     8.4196    248.248    256.583     2.4774     2.3980     0.1722     3.2790     3.3346     0.2515     0.2601 -122.88048   37.94288      47.62         19  0.000e+00
      30511   1271.250      3.993      4.023    12.7951    12.7931  39.462213  39.462069    12.7945    12.7926    33.7511    33.7527    25.4660    25.4676     8.1461     8.4251    248.247    256.750     2.4774     2.3993     0.1709     3.2485     3.3333     0.2515     0.2601 -122.88048   37.94288      47.52         19  0.000e+00
      30512   1271.292      3.993      4.024    12.7949    12.7933  39.462345  39.461475    12.7943    12.7927    33.7514    33.7520    25.4663    25.4671     8.1461     8.4197    248.248    256.585     2.4774     2.3980     0.1722     3.2790     3.3333     0.2515     0.2601 -122.88048   37.94288      47.50         19  0.000e+00
      30513   1271.333      4.040      4.070    12.7951    12.7930  39.462213  39.461542    12.7945    12.7925    33.7511    33.7523    25.4660    25.4674     8.1511     8.4198    248.401    256.588     2.4786     2.3980     0.1722     3.2790     3.3346     0.2515     0.2601 -122.88048   37.94288      47.50         19  0.000e+00
      30514   1271.375      3.993      4.024    12.7949    12.7928  39.462411  39.461475    12.7943    12.7922    33.7515    33.7525    25.4663    25.4675     8.1461     8.4198    248.247    256.587     2.4774     2.3980     0.1722     3.2790     3.3333     0.2515     0.2601 -122.88048   37.94288      47.50         19  0.000e+00
      30515   1271.417      4.040      4.070    12.7951    12.7930  39.461884  39.461607    12.7945    12.7925    33.7508    33.7524    25.4658    25.4674     8.1512     8.4198    248.401    256.588     2.4786     2.3980     0.1709     3.2485     3.3333     0.2515     0.2601 -122.88048   37.94288      47.50         19  0.000e+00
      30516   1271.458      3.993      4.024    12.7950    12.7928  39.462081  39.461673    12.7944    12.7922    33.7511    33.7527    25.4660    25.4677     8.1511     8.4198    248.400    256.587     2.4786     2.3980     0.1709     3.2485     3.3346     0.2515     0.2601 -122.88048   37.94288      47.52         19  0.000e+00
