West Coast/WCOA-7/CTD_Data/RB2102_CTD_070_01.ros
* Sea-Bird SBE 9 Data File:
* FileName = C:\Users\scs.user.rb\CTD\RB2102\Data\RB2102_CTD_070_01.hex
* Software Version Seasave V 7.26.7.107
* Temperature SN = 6202
* Conductivity SN = 4907
* Number of Bytes Per Scan = 41
* Number of Voltage Words = 4
* Number of Scans Averaged by the Deck Unit = 1
* NMEA Latitude = 40 00.21 N
* NMEA Longitude = 124 56.23 W
* NMEA UTC (Time) = Jul 07 2021  21:02:09
* NMEA baud rate = 4800
# nquan = 30
# nvalues = 1093                                  
# units = specified
# name 0 = scan: Scan Count
# name 1 = timeS: Time, Elapsed [seconds]
# name 2 = depSM: Depth [salt water, m]
# name 3 = prDM: Pressure, Digiquartz [db]
# name 4 = t090C: Temperature [ITS-90, deg C]
# name 5 = t190C: Temperature, 2 [ITS-90, deg C]
# name 6 = c0mS/cm: Conductivity [mS/cm]
# name 7 = c1mS/cm: Conductivity, 2 [mS/cm]
# name 8 = potemp090C: Potential Temperature [ITS-90, deg C]
# name 9 = potemp190C: Potential Temperature, 2 [ITS-90, deg C]
# name 10 = sal00: Salinity, Practical [PSU]
# name 11 = sal11: Salinity, Practical, 2 [PSU]
# name 12 = sigma-é00: Density [sigma-theta, kg/m^3]
# name 13 = sigma-é11: Density, 2 [sigma-theta, kg/m^3]
# name 14 = sbeox0Mg/L: Oxygen, SBE 43 [mg/l]
# name 15 = sbeox1Mg/L: Oxygen, SBE 43, 2 [mg/l]
# name 16 = sbox0Mm/Kg: Oxygen, SBE 43 [umol/kg]
# name 17 = sbox1Mm/Kg: Oxygen, SBE 43, 2 [umol/kg]
# name 18 = sbeox0V: Oxygen raw, SBE 43 [V]
# name 19 = sbeox1V: Oxygen raw, SBE 43, 2 [V]
# name 20 = v4: Voltage 4
# name 21 = flECO-AFL: Fluorescence, WET Labs ECO-AFL/FL [mg/m^3]
# name 22 = v3: Voltage 3
# name 23 = v6: Voltage 6
# name 24 = v7: Voltage 7
# name 25 = longitude: Longitude [deg]
# name 26 = latitude: Latitude [deg]
# name 27 = altM: Altimeter [m]
# name 28 = nbf: Bottles Fired
# name 29 = flag:  0.000e+00
# interval = seconds: 0.0416667
# start_time = Jul 07 2021 21:02:09 [NMEA time, header]
# bad_flag = -9.990e-29
*END*
      53884   2245.125   1471.968   1488.632     2.4884     2.4898  31.500535  31.501942     2.3875     2.3888    34.5549    34.5551    27.5835    27.5836     1.4036     1.4717     42.687     44.756     0.7082     0.7155     0.0403    -0.0177     3.2564     0.0037     0.0000 -124.93754   40.00342      11.06          1  0.000e+00
      53885   2245.167   1472.042   1488.708     2.4883     2.4896  31.500294  31.501822     2.3874     2.3886    34.5546    34.5552    27.5833    27.5837     1.4037     1.4717     42.687     44.757     0.7082     0.7155     0.0403    -0.0177     3.2564     0.0037     0.0000 -124.93754   40.00342      11.09          1  0.000e+00
      53886   2245.208   1472.090   1488.756     2.4880     2.4892  31.500234  31.501339     2.3870     2.3882    34.5549    34.5550    27.5835    27.5835     1.4114     1.4717     42.923     44.757     0.7094     0.7155     0.0403    -0.0177     3.2552     0.0037     0.0000 -124.93754   40.00342      11.09          1  0.000e+00
      53887   2245.250   1471.988   1488.653     2.4881     2.4894  31.499992  31.501399     2.3872     2.3884    34.5545    34.5549    27.5832    27.5834     1.4114     1.4717     42.923     44.757     0.7094     0.7155     0.0403    -0.0177     3.2552     0.0037     0.0000 -124.93754   40.00342      11.09          1  0.000e+00
      53888   2245.292   1472.042   1488.708     2.4880     2.4895  31.499932  31.501460     2.3870     2.3885    34.5545    34.5548    27.5833    27.5834     1.4114     1.4717     42.923     44.757     0.7094     0.7155     0.0403    -0.0177     3.2564     0.0037     0.0000 -124.93754   40.00342      11.09          1  0.000e+00
      53889   2245.333   1472.022   1488.687     2.4876     2.4892  31.500113  31.501641     2.3866     2.3882    34.5552    34.5553    27.5838    27.5838     1.4114     1.4717     42.923     44.757     0.7094     0.7155     0.0403    -0.0177     3.2552     0.0037     0.0000 -124.93754   40.00342      11.09          1  0.000e+00
      53890   2245.375   1472.042   1488.708     2.4879     2.4892  31.500233  31.501762     2.3869     2.3882    34.5551    34.5555    27.5837    27.5839     1.4114     1.4717     42.923     44.757     0.7094     0.7155     0.0403    -0.0177     3.2564     0.0037     0.0000 -124.93754   40.00342      11.09          1  0.000e+00
      53891   2245.417   1472.042   1488.708     2.4877     2.4892  31.500233  31.501762     2.3867     2.3882    34.5552    34.5555    27.5838    27.5840     1.4114     1.4717     42.923     44.757     0.7094     0.7155     0.0403    -0.0177     3.2552     0.0037     0.0000 -124.93754   40.00342      11.09          1  0.000e+00
      53892   2245.458   1472.043   1488.708     2.4879     2.4894  31.500475  31.501762     2.3869     2.3884    34.5553    34.5553    27.5839    27.5838     1.4037     1.4717     42.688     44.757     0.7082     0.7155     0.0403    -0.0177     3.2552     0.0037     0.0000 -124.93754   40.00342      11.09          1  0.000e+00
      53893   2245.500   1472.043   1488.708     2.4882     2.4892  31.500535  31.501943     2.3872     2.3882    34.5551    34.5557    27.5837    27.5841     1.4037     1.4717     42.687     44.757     0.7082     0.7155     0.0403    -0.0177     3.2564     0.0037     0.0000 -124.93754   40.00342      11.09          1  0.000e+00
      53894   2245.542   1472.070   1488.735     2.4881     2.4896  31.500717  31.501822     2.3871     2.3886    34.5554    34.5552    27.5839    27.5837     1.4037     1.4717     42.687     44.757     0.7082     0.7155     0.0403    -0.0177     3.2552     0.0037     0.0000 -124.93754   40.00342      11.09          1  0.000e+00
      53895   2245.583   1472.090   1488.756     2.4880     2.4892  31.500596  31.501520     2.3870     2.3882    34.5553    34.5552    27.5839    27.5837     1.4037     1.4802     42.688     45.016     0.7082     0.7167     0.0403    -0.0177     3.2552     0.0037     0.0000 -124.93754   40.00342      11.09          1  0.000e+00
      53896   2245.625   1472.090   1488.756     2.4883     2.4897  31.500294  31.501822     2.3873     2.3887    34.5546    34.5550    27.5833    27.5835     1.4114     1.4717     42.923     44.757     0.7094     0.7155     0.0403    -0.0177     3.2552     0.0037     0.0000 -124.93754   40.00342      11.04          1  0.000e+00
      53897   2245.667   1472.090   1488.756     2.4883     2.4896  31.500837  31.501641     2.3873     2.3886    34.5553    34.5550    27.5839    27.5835     1.4037     1.4717     42.687     44.757     0.7082     0.7155     0.0403    -0.0177     3.2552     0.0037     0.0000 -124.93754   40.00342      11.04          1  0.000e+00
      53898   2245.708   1472.124   1488.790     2.4885     2.4895  31.500656  31.501701     2.3875     2.3885    34.5549    34.5551    27.5835    27.5836     1.4114     1.4717     42.923     44.757     0.7094     0.7155     0.0403    -0.0177     3.2552     0.0037     0.0000 -124.93754   40.00342      11.04          1  0.000e+00
      53899   2245.750   1472.144   1488.811     2.4883     2.4896  31.500536  31.501943     2.3873     2.3885    34.5549    34.5553    27.5835    27.5837     1.4037     1.4717     42.688     44.757     0.7082     0.7155     0.0403    -0.0177     3.2552     0.0037     0.0000 -124.93754   40.00342      11.04          1  0.000e+00
      53900   2245.792   1472.144   1488.811     2.4883     2.4895  31.500536  31.501822     2.3873     2.3885    34.5549    34.5552    27.5836    27.5837     1.4037     1.4717     42.688     44.757     0.7082     0.7155     0.0403    -0.0177     3.2564     0.0037     0.0000 -124.93754   40.00342      11.04          1  0.000e+00
      53901   2245.833   1472.144   1488.811     2.4882     2.4897  31.500294  31.501943     2.3872     2.3887    34.5548    34.5551    27.5834    27.5836     1.4114     1.4717     42.923     44.757     0.7094     0.7155     0.0403    -0.0177     3.2552     0.0037     0.0000 -124.93754   40.00342      11.04          1  0.000e+00
      53902   2245.875   1472.192   1488.859     2.4879     2.4897  31.500234  31.502003     2.3869     2.3886    34.5549    34.5552    27.5836    27.5837     1.4114     1.4717     42.924     44.757     0.7094     0.7155     0.0403    -0.0177     3.2564     0.0037     0.0000 -124.93754   40.00342      11.04          1  0.000e+00
      53903   2245.917   1472.225   1488.893     2.4879     2.4897  31.500234  31.501822     2.3869     2.3887    34.5550    34.5550    27.5836    27.5835     1.4037     1.4717     42.689     44.758     0.7082     0.7155     0.0403    -0.0177     3.2552     0.0037     0.0000 -124.93754   40.00342      11.04          1  0.000e+00
      53904   2245.958   1472.192   1488.859     2.4879     2.4899  31.500415  31.501762     2.3869     2.3889    34.5552    34.5547    27.5838    27.5833     1.4037     1.4717     42.688     44.757     0.7082     0.7155     0.0403    -0.0177     3.2564     0.0037     0.0000 -124.93754   40.00342      11.04          1  0.000e+00
      53905   2246.000   1472.246   1488.914     2.4881     2.4897  31.500536  31.501943     2.3871     2.3886    34.5551    34.5551    27.5837    27.5836     1.4037     1.4717     42.689     44.758     0.7082     0.7155     0.0403    -0.0177     3.2552     0.0037     0.0000 -124.93754   40.00342      11.01          1  0.000e+00
      53906   2246.042   1472.246   1488.914     2.4880     2.4899  31.500536  31.501581     2.3870     2.3889    34.5552    34.5545    27.5838    27.5831     1.4037     1.4717     42.689     44.758     0.7082     0.7155     0.0403    -0.0177     3.2564     0.0037     0.0000 -124.93754   40.00342      11.01          1  0.000e+00
      53907   2246.083   1472.273   1488.941     2.4883     2.4898  31.500898  31.502064     2.3873     2.3888    34.5553    34.5551    27.5839    27.5836     1.4037     1.4717     42.688     44.758     0.7082     0.7155     0.0403    -0.0177     3.2564     0.0037     0.0000 -124.93754   40.00342      11.01          1  0.000e+00
      53908   2246.125   1472.293   1488.962     2.4886     2.4897  31.500898  31.502124     2.3876     2.3887    34.5549    34.5553    27.5835    27.5837     1.4037     1.4717     42.688     44.758     0.7082     0.7155     0.0403    -0.0177     3.2564     0.0037     0.0000 -124.93754   40.00342      10.94          1  0.000e+00
      53909   2246.167   1472.347   1489.017     2.4883     2.4898  31.500838  31.501823     2.3873     2.3888    34.5552    34.5548    27.5837    27.5833     1.4114     1.4717     42.924     44.758     0.7094     0.7155     0.0403    -0.0177     3.2552     0.0037     0.0000 -124.93754   40.00342      10.89          1  0.000e+00
      53910   2246.208   1472.246   1488.914     2.4886     2.4894  31.501019  31.502124     2.3876     2.3884    34.5552    34.5556    27.5837    27.5840     1.4114     1.4717     42.923     44.758     0.7094     0.7155     0.0403    -0.0177     3.2552     0.0037     0.0000 -124.93754   40.00342      10.92          1  0.000e+00
      53911   2246.250   1472.401   1489.072     2.4883     2.4897  31.500657  31.501702     2.3873     2.3887    34.5549    34.5547    27.5835    27.5833     1.4115     1.4718     42.925     44.759     0.7094     0.7155     0.0403    -0.0177     3.2552     0.0037     0.0000 -124.93754   40.00342      10.92          1  0.000e+00
      53912   2246.292   1472.381   1489.051     2.4885     2.4895  31.500718  31.501702     2.3875     2.3885    34.5548    34.5549    27.5835    27.5835     1.4114     1.4718     42.924     44.759     0.7094     0.7155     0.0403    -0.0177     3.2552     0.0037     0.0000 -124.93754   40.00342      10.92          1  0.000e+00
      53913   2246.333   1472.401   1489.072     2.4881     2.4896  31.500355  31.502185     2.3871     2.3885    34.5548    34.5555    27.5834    27.5839     1.4115     1.4718     42.925     44.759     0.7094     0.7155     0.0403    -0.0177     3.2552     0.0037     0.0000 -124.93754   40.00342      10.89          1  0.000e+00
      53914   2246.375   1472.401   1489.072     2.4883     2.4897  31.500416  31.502306     2.3873     2.3886    34.5546    34.5555    27.5833    27.5839     1.4115     1.4718     42.925     44.759     0.7094     0.7155     0.0403    -0.0177     3.2552     0.0037     0.0000 -124.93754   40.00342      10.84          1  0.000e+00
      53915   2246.417   1472.449   1489.120     2.4883     2.4899  31.500718  31.502306     2.3873     2.3888    34.5550    34.5553    27.5836    27.5837     1.4037     1.4718     42.690     44.759     0.7082     0.7155     0.0403    -0.0177     3.2552     0.0037     0.0000 -124.93754   40.00342      10.82          1  0.000e+00
      53916   2246.458   1472.449   1489.120     2.4883     2.4898  31.501020  31.502547     2.3873     2.3888    34.5553    34.5556    27.5839    27.5840     1.4115     1.4718     42.925     44.759     0.7094     0.7155     0.0403    -0.0177     3.2552     0.0037     0.0000 -124.93754   40.00342      10.82          1  0.000e+00
      53917   2246.500   1472.483   1489.154     2.4885     2.4902  31.501080  31.502366     2.3875     2.3891    34.5552    34.5550    27.5838    27.5834     1.4037     1.4718     42.689     44.758     0.7082     0.7155     0.0403    -0.0177     3.2552     0.0037     0.0000 -124.93754   40.00342      10.82          1  0.000e+00
      53918   2246.542   1472.503   1489.175     2.4886     2.4902  31.500718  31.502306     2.3876     2.3891    34.5547    34.5549    27.5833    27.5834     1.4037     1.4718     42.690     44.759     0.7082     0.7155     0.0403    -0.0177     3.2552     0.0037     0.0000 -124.93754   40.00342      10.82          1  0.000e+00
      53919   2246.583   1472.550   1489.223     2.4883     2.4900  31.501141  31.502547     2.3873     2.3889    34.5554    34.5554    27.5839    27.5838     1.4115     1.4718     42.925     44.759     0.7094     0.7155     0.0403    -0.0177     3.2564     0.0037     0.0000 -124.93754   40.00342      10.79          1  0.000e+00
      53920   2246.625   1472.550   1489.223     2.4885     2.4900  31.501141  31.502366     2.3875     2.3890    34.5553    34.5551    27.5838    27.5836     1.4115     1.4718     42.925     44.759     0.7094     0.7155     0.0403    -0.0177     3.2552     0.0037     0.0000 -124.93754   40.00342      10.72          1  0.000e+00
      53921   2246.667   1472.530   1489.203     2.4886     2.4900  31.501261  31.502547     2.3876     2.3889    34.5553    34.5554    27.5838    27.5838     1.4115     1.4718     42.925     44.759     0.7094     0.7155     0.0403    -0.0177     3.2552     0.0037     0.0000 -124.93754   40.00342      10.67          1  0.000e+00
      53922   2246.708   1472.605   1489.278     2.4886     2.4900  31.501141  31.502367     2.3876     2.3890    34.5551    34.5551    27.5836    27.5835     1.4115     1.4718     42.925     44.759     0.7094     0.7155     0.0403    -0.0177     3.2552     0.0037     0.0000 -124.93754   40.00342      10.70          1  0.000e+00
      53923   2246.750   1472.605   1489.278     2.4884     2.4900  31.500899  31.502487     2.3874     2.3889    34.5550    34.5553    27.5836    27.5837     1.4037     1.4718     42.690     44.759     0.7082     0.7155     0.0403    -0.0177     3.2552     0.0037     0.0000 -124.93754   40.00342      10.67          1  0.000e+00
      53924   2246.792   1472.652   1489.326     2.4885     2.4899  31.501020  31.502427     2.3875     2.3888    34.5551    34.5553    27.5836    27.5837     1.4038     1.4718     42.690     44.760     0.7082     0.7155     0.0403    -0.0177     3.2552     0.0037     0.0000 -124.93754   40.00342      10.70          1  0.000e+00
      53925   2246.833   1472.652   1489.326     2.4885     2.4899  31.500900  31.502065     2.3875     2.3888    34.5549    34.5549    27.5835    27.5834     1.4038     1.4718     42.690     44.760     0.7082     0.7155     0.0403    -0.0177     3.2564     0.0037     0.0000 -124.93754   40.00342      10.67          1  0.000e+00
      53926   2246.875   1472.686   1489.361     2.4883     2.4900  31.501020  31.502186     2.3872     2.3889    34.5553    34.5549    27.5838    27.5834     1.4038     1.4803     42.691     45.018     0.7082     0.7167     0.0403    -0.0177     3.2552     0.0037     0.0000 -124.93754   40.00342      10.57          1  0.000e+00
      53927   2246.917   1472.652   1489.326     2.4883     2.4897  31.500900  31.502306     2.3873     2.3887    34.5551    34.5553    27.5837    27.5838     1.4038     1.4718     42.691     44.760     0.7082     0.7155     0.0403    -0.0177     3.2564     0.0037     0.0000 -124.93754   40.00342      10.55          1  0.000e+00
      53928   2246.958   1472.760   1489.436     2.4883     2.4897  31.500839  31.501884     2.3872     2.3886    34.5550    34.5548    27.5836    27.5833     1.4038     1.4718     42.691     44.761     0.7082     0.7155     0.0403    -0.0177     3.2552     0.0037     0.0000 -124.93754   40.00342      10.55          1  0.000e+00
      53929   2247.000   1472.706   1489.381     2.4885     2.4899  31.500839  31.502427     2.3875     2.3888    34.5548    34.5553    27.5834    27.5837     1.4038     1.4718     42.691     44.760     0.7082     0.7155     0.0403    -0.0177     3.2564     0.0037     0.0000 -124.93754   40.00342      10.55          1  0.000e+00
      53930   2247.042   1472.760   1489.436     2.4883     2.4898  31.501021  31.502367     2.3873     2.3888    34.5552    34.5552    27.5837    27.5837     1.4115     1.4803     42.927     45.019     0.7094     0.7167     0.0403    -0.0177     3.2564     0.0037     0.0000 -124.93754   40.00342      10.55          1  0.000e+00
      53931   2247.083   1472.787   1489.464     2.4884     2.4896  31.501141  31.502065     2.3874     2.3885    34.5552    34.5551    27.5838    27.5836     1.4038     1.4718     42.691     44.761     0.7082     0.7155     0.0403    -0.0177     3.2540     0.0037     0.0000 -124.93754   40.00342      10.53          1  0.000e+00
