West Coast/WCOA-7/CTD_Data/RB2102_CTD_122_01.ros
* Sea-Bird SBE 9 Data File:
* FileName = C:\Users\scs.user.rb\CTD\RB2102\Data\RB2102_CTD_122_01.hex
* Software Version Seasave V 7.26.7.107
* Temperature SN = 6202
* Conductivity SN = 4907
* Number of Bytes Per Scan = 41
* Number of Voltage Words = 4
* Number of Scans Averaged by the Deck Unit = 1
* NMEA Latitude = 34 09.50 N
* NMEA Longitude = 119 43.00 W
* NMEA UTC (Time) = Jul 19 2021  13:10:52
* NMEA baud rate = 4800
# nquan = 30
# nvalues = 833                                   
# units = specified
# name 0 = scan: Scan Count
# name 1 = timeS: Time, Elapsed [seconds]
# name 2 = depSM: Depth [salt water, m]
# name 3 = prDM: Pressure, Digiquartz [db]
# name 4 = t090C: Temperature [ITS-90, deg C]
# name 5 = t190C: Temperature, 2 [ITS-90, deg C]
# name 6 = c0mS/cm: Conductivity [mS/cm]
# name 7 = c1mS/cm: Conductivity, 2 [mS/cm]
# name 8 = potemp090C: Potential Temperature [ITS-90, deg C]
# name 9 = potemp190C: Potential Temperature, 2 [ITS-90, deg C]
# name 10 = sal00: Salinity, Practical [PSU]
# name 11 = sal11: Salinity, Practical, 2 [PSU]
# name 12 = sigma-é00: Density [sigma-theta, kg/m^3]
# name 13 = sigma-é11: Density, 2 [sigma-theta, kg/m^3]
# name 14 = sbeox0Mg/L: Oxygen, SBE 43 [mg/l]
# name 15 = sbeox1Mg/L: Oxygen, SBE 43, 2 [mg/l]
# name 16 = sbox0Mm/Kg: Oxygen, SBE 43 [umol/kg]
# name 17 = sbox1Mm/Kg: Oxygen, SBE 43, 2 [umol/kg]
# name 18 = sbeox0V: Oxygen raw, SBE 43 [V]
# name 19 = sbeox1V: Oxygen raw, SBE 43, 2 [V]
# name 20 = v4: Voltage 4
# name 21 = flECO-AFL: Fluorescence, WET Labs ECO-AFL/FL [mg/m^3]
# name 22 = v3: Voltage 3
# name 23 = v6: Voltage 6
# name 24 = v7: Voltage 7
# name 25 = longitude: Longitude [deg]
# name 26 = latitude: Latitude [deg]
# name 27 = altM: Altimeter [m]
# name 28 = nbf: Bottles Fired
# name 29 = flag:  0.000e+00
# interval = seconds: 0.0416667
# start_time = Jul 19 2021 13:10:52 [NMEA time, header]
# bad_flag = -9.990e-29
*END*
[from data line 436]
      64165   2673.500     60.105     60.547    11.5909    11.5907  38.244844  38.245753    11.5833    11.5831    33.6353    33.6364    25.6070    25.6078     5.5688     5.1788    169.683    157.799     1.8022     1.6288     0.0562     0.3792     3.2479     0.0000     0.0000 -119.71680   34.15920      99.22          9  0.000e+00
      64166   2673.542     60.086     60.527    11.5912    11.5907  38.244648  38.245558    11.5836    11.5831    33.6349    33.6362    25.6066    25.6077     5.5688     5.1844    169.682    157.970     1.8022     1.6300     0.0549     0.3486     3.2466     0.0000     0.0000 -119.71680   34.15920      99.27          9  0.000e+00
      64167   2673.583     60.106     60.547    11.5912    11.5909  38.244583  38.245493    11.5837    11.5833    33.6348    33.6360    25.6065    25.6075     5.5688     5.1788    169.682    157.798     1.8022     1.6288     0.0549     0.3486     3.2491     0.0000     0.0000 -119.71680   34.15920      99.34          9  0.000e+00
      64168   2673.625     60.086     60.527    11.5914    11.5907  38.245365  38.245688    11.5838    11.5831    33.6354    33.6363    25.6070    25.6078     5.5687     5.1788    169.680    157.798     1.8022     1.6288     0.0549     0.3486     3.2479     0.0000     0.0000 -119.71680   34.15920      99.37          9  0.000e+00
      64169   2673.667     60.106     60.547    11.5914    11.5909  38.245365  38.245232    11.5838    11.5833    33.6354    33.6357    25.6069    25.6073     5.5687     5.1788    169.681    157.799     1.8022     1.6288     0.0562     0.3792     3.2479     0.0000     0.0000 -119.71680   34.15920      99.37          9  0.000e+00
      67464   2810.958     50.283     50.651    11.9675    12.0412  38.538550  38.594000    11.9611    12.0348    33.5854    33.5729    25.4979    25.4742     6.0404     5.6718    184.071    172.845     1.9267     1.7497     0.0562     0.3792     3.2454     0.0000     0.0000 -119.71684   34.15924      99.32         10  0.000e+00
      67465   2811.000     50.230     50.598    11.9660    12.0418  38.539138  38.593739    11.9596    12.0354    33.5874    33.5721    25.4996    25.4735     6.0405     5.6718    184.073    172.842     1.9267     1.7497     0.0574     0.4097     3.2454     0.0000     0.0000 -119.71684   34.15924      99.32         10  0.000e+00
      67466   2811.042     50.309     50.678    11.9662    12.0437  38.539661  38.594457    11.9598    12.0372    33.5877    33.5711    25.4998    25.4723     6.0354     5.6716    183.918    172.838     1.9255     1.7497     0.0562     0.3792     3.2454     0.0000     0.0000 -119.71684   34.15924      99.32         10  0.000e+00
      67467   2811.083     50.329     50.698    11.9662    12.0461  38.542079  38.594719    11.9597    12.0396    33.5900    33.5692    25.5017    25.4705     6.0353     5.6714    183.915    172.831     1.9255     1.7497     0.0574     0.4097     3.2442     0.0000     0.0000 -119.71684   34.15924      95.19         10  0.000e+00
      67468   2811.125     50.283     50.651    11.9669    12.0474  38.545476  38.595175    11.9604    12.0409    33.5928    33.5685    25.5037    25.4696     6.0351     5.6712    183.908    172.826     1.9255     1.7497     0.0562     0.3792     3.2442     0.0000     0.0000 -119.71684   34.15924      84.84         10  0.000e+00
      67469   2811.167     50.283     50.651    11.9698    12.0472  38.549787  38.595567    11.9633    12.0407    33.5943    33.5690    25.5043    25.4701     6.0346     5.6712    183.894    172.826     1.9255     1.7497     0.0562     0.3792     3.2454     0.0000     0.0000 -119.71684   34.15924      81.66         10  0.000e+00
      67470   2811.208     50.309     50.678    11.9768    12.0461  38.553511  38.595437    11.9703    12.0396    33.5916    33.5699    25.5009    25.4710     6.0389     5.6714    184.027    172.830     1.9267     1.7497     0.0574     0.4097     3.2442     0.0000     0.0000 -119.71684   34.15924      81.98         10  0.000e+00
      67471   2811.250     50.230     50.598    11.9866    12.0454  38.556449  38.595568    11.9801    12.0389    33.5857    33.5707    25.4944    25.4717     6.0378     5.6714    183.994    172.830     1.9267     1.7497     0.0562     0.3792     3.2454     0.0000     0.0000 -119.71684   34.15924      82.47         10  0.000e+00
      67472   2811.292     50.329     50.698    11.9947    12.0454  38.557821  38.595699    11.9882    12.0389    33.5796    33.5708    25.4882    25.4718     6.0371     5.6714    183.972    172.832     1.9267     1.7497     0.0574     0.4097     3.2454     0.0000     0.0000 -119.71684   34.15924      82.59         10  0.000e+00
      67473   2811.333     50.230     50.598    11.9995    12.0452  38.558277  38.595437    11.9930    12.0388    33.5758    33.5707    25.4844    25.4718     6.0365     5.6714    183.955    172.831     1.9267     1.7497     0.0562     0.3792     3.2454     0.0000     0.0000 -119.71684   34.15924      87.13         10  0.000e+00
      67474   2811.375     50.310     50.678    12.0010    12.0453  38.558408  38.595372    11.9945    12.0388    33.5746    33.5705    25.4831    25.4716     6.0364     5.6714    183.953    172.832     1.9267     1.7497     0.0562     0.3792     3.2454     0.0000     0.0000 -119.71684   34.15924      97.51         10  0.000e+00
      67475   2811.417     50.283     50.651    12.0048    12.0456  38.559126  38.594849    11.9983    12.0391    33.5718    33.5698    25.4803    25.4710     6.0360     5.6658    183.941    172.662     1.9267     1.7485     0.0562     0.3792     3.2466     0.0000     0.0000 -119.71684   34.15924     100.00         10  0.000e+00
      67476   2811.458     50.283     50.651    12.0075    12.0456  38.559191  38.594914    12.0010    12.0391    33.5695    33.5699    25.4780    25.4711     6.0357     5.6658    183.933    172.662     1.9267     1.7485     0.0574     0.4097     3.2466     0.0000     0.0000 -119.71684   34.15924     100.00         10  0.000e+00
      67477   2811.500     50.263     50.631    12.0075    12.0462  38.559845  38.596025    12.0010    12.0398    33.5701    33.5704    25.4785    25.4713     6.0357     5.6713    183.932    172.828     1.9267     1.7497     0.0574     0.4097     3.2454     0.0000     0.0000 -119.71684   34.15924      99.46         10  0.000e+00
      67478   2811.542     50.283     50.651    12.0053    12.0470  38.560825  38.597135    11.9989    12.0405    33.5730    33.5707    25.4811    25.4715     6.0359     5.6712    183.937    172.825     1.9267     1.7497     0.0574     0.4097     3.2454     0.0000     0.0000 -119.71684   34.15924      99.24         10  0.000e+00
      67479   2811.583     50.283     50.651    12.0061    12.0494  38.561675  38.598180    11.9997    12.0429    33.5731    33.5696    25.4810    25.4701     6.0358     5.6709    183.934    172.817     1.9267     1.7497     0.0574     0.4097     3.2454     0.0000     0.0000 -119.71684   34.15924      99.27         10  0.000e+00
      67480   2811.625     50.283     50.651    12.0058    12.0525  38.562263  38.600401    11.9993    12.0460    33.5740    33.5689    25.4818    25.4690     6.0409     5.6705    184.090    172.806     1.9280     1.7497     0.0562     0.3792     3.2454     0.0000     0.0000 -119.71684   34.15924      99.32         10  0.000e+00
      67481   2811.667     50.263     50.631    12.0058    12.0550  38.562197  38.602883    11.9993    12.0486    33.5739    33.5691    25.4817    25.4687     6.0358     5.6702    183.934    172.795     1.9267     1.7497     0.0562     0.3792     3.2466     0.0000     0.0000 -119.71684   34.15924      99.32         10  0.000e+00
      67482   2811.708     50.283     50.651    12.0108    12.0577  38.561674  38.603667    12.0043    12.0512    33.5690    33.5674    25.4769    25.4669     6.0353     5.6699    183.921    172.787     1.9267     1.7497     0.0574     0.4097     3.2454     0.0000     0.0000 -119.71684   34.15924      99.32         10  0.000e+00
      67483   2811.750     50.283     50.651    12.0167    12.0606  38.560170  38.603993    12.0103    12.0541    33.5621    33.5652    25.4705    25.4646     6.0399     5.6696    184.062    172.779     1.9280     1.7497     0.0574     0.4097     3.2454     0.0000     0.0000 -119.71684   34.15924      99.32         10  0.000e+00
      67484   2811.792     50.230     50.598    12.0174    12.0624  38.559190  38.603601    12.0109    12.0559    33.5606    33.5632    25.4692    25.4627     6.0398     5.6694    184.060    172.773     1.9280     1.7497     0.0574     0.4097     3.2454     0.0000     0.0000 -119.71684   34.15924      99.32         10  0.000e+00
      67485   2811.833     50.310     50.678    12.0174    12.0632  38.556838  38.602686    12.0109    12.0567    33.5583    33.5615    25.4674    25.4612     6.0400     5.6694    184.065    172.774     1.9280     1.7497     0.0574     0.4097     3.2454     0.0000     0.0000 -119.71684   34.15924      99.32         10  0.000e+00
      67486   2811.875     50.184     50.551    12.0194    12.0632  38.552917  38.602163    12.0129    12.0567    33.5527    33.5611    25.4627    25.4609     6.0398     5.6694    184.061    172.771     1.9280     1.7497     0.0574     0.4097     3.2454     0.0000     0.0000 -119.71684   34.15924      99.32         10  0.000e+00
      67487   2811.917     50.330     50.698    12.0169    12.0632  38.547756  38.601576    12.0104    12.0567    33.5499    33.5604    25.4610    25.4604     6.0404     5.6695    184.078    172.775     1.9280     1.7497     0.0574     0.4097     3.2442     0.0000     0.0000 -119.71684   34.15924      99.32         10  0.000e+00
      67488   2811.958     50.230     50.598    12.0069    12.0627  38.542400  38.600138    12.0005    12.0562    33.5537    33.5596    25.4658    25.4598     6.0415     5.6695    184.110    172.776     1.9280     1.7497     0.0574     0.4097     3.2454     0.0000     0.0000 -119.71684   34.15924      99.32         10  0.000e+00
      67489   2812.000     50.263     50.632    11.9999    12.0614  38.537566  38.597460    11.9934    12.0549    33.5554    33.5581    25.4684    25.4589     6.0424     5.6698    184.137    172.784     1.9280     1.7497     0.0562     0.3792     3.2466     0.0000     0.0000 -119.71684   34.15924      99.32         10  0.000e+00
      67490   2812.042     50.283     50.652    11.9912    12.0592  38.533779  38.595697    11.9847    12.0527    33.5595    33.5583    25.4732    25.4595     6.0434     5.6701    184.167    172.792     1.9280     1.7497     0.0562     0.3792     3.2466     0.0000     0.0000 -119.71684   34.15924      99.32         10  0.000e+00
      67491   2812.083     50.230     50.598    11.9842    12.0559  38.531885  38.595566    11.9778    12.0494    33.5639    33.5612    25.4780    25.4624     6.0441     5.6703    184.187    172.801     1.9280     1.7497     0.0562     0.3792     3.2466     0.0000     0.0000 -119.71684   34.15924      99.32         10  0.000e+00
      67492   2812.125     50.210     50.578    11.9874    12.0539  38.530839  38.596677    11.9809    12.0474    33.5601    33.5641    25.4744    25.4650     6.0438     5.6705    184.179    172.805     1.9280     1.7497     0.0562     0.3792     3.2466     0.0000     0.0000 -119.71684   34.15924      99.32         10  0.000e+00
      67493   2812.167     50.283     50.652    11.9881    12.0534  38.529860  38.597527    11.9816    12.0469    33.5585    33.5654    25.4731    25.4661     6.0438     5.6761    184.180    172.976     1.9280     1.7509     0.0574     0.4097     3.2454     0.0000     0.0000 -119.71684   34.15924      99.32         10  0.000e+00
      67494   2812.208     50.184     50.551    11.9816    12.0547  38.528031  38.597461    11.9751    12.0483    33.5626    33.5641    25.4775    25.4649     6.0496     5.6704    184.355    172.801     1.9292     1.7497     0.0562     0.3792     3.2454     0.0000     0.0000 -119.71684   34.15924      99.32         10  0.000e+00
      67495   2812.250     50.283     50.652    11.9723    12.0577  38.525028  38.598375    11.9659    12.0512    33.5680    33.5623    25.4834    25.4629     6.0507     5.6701    184.387    172.794     1.9292     1.7497     0.0562     0.3792     3.2466     0.0000     0.0000 -119.71684   34.15924      99.32         10  0.000e+00
      67496   2812.292     50.264     50.632    11.9652    12.0614  38.522155  38.601511    11.9588    12.0549    33.5716    33.5620    25.4875    25.4620     6.0514     5.6696    184.410    172.779     1.9292     1.7497     0.0562     0.3792     3.2454     0.0000     0.0000 -119.71684   34.15924      99.32         10  0.000e+00
      67497   2812.333     50.184     50.552    11.9609    12.0639  38.520522  38.602163    11.9545    12.0574    33.5739    33.5605    25.4901    25.4603     6.0519     5.6693    184.422    172.770     1.9292     1.7497     0.0562     0.3792     3.2466     0.0000     0.0000 -119.71684   34.15924      99.32         10  0.000e+00
      67498   2812.375     50.283     50.652    11.9603    12.0647  38.519804  38.600073    11.9538    12.0582    33.5738    33.5576    25.4902    25.4580     6.0520     5.6694    184.427    172.772     1.9292     1.7497     0.0562     0.3792     3.2454     0.0000     0.0000 -119.71684   34.15924      99.32         10  0.000e+00
      67499   2812.417     50.184     50.552    11.9601    12.0612  38.519020  38.597395    11.9536    12.0547    33.5732    33.5582    25.4898    25.4591     6.0520     5.6753    184.426    172.952     1.9292     1.7509     0.0562     0.3792     3.2454     0.0000     0.0000 -119.71684   34.15924      99.32         10  0.000e+00
      67500   2812.458     50.211     50.578    11.9599    12.0581  38.517518  38.594129    11.9535    12.0516    33.5719    33.5579    25.4888    25.4594     6.0521     5.6702    184.430    172.796     1.9292     1.7497     0.0562     0.3792     3.2454     0.0000     0.0000 -119.71684   34.15924      99.32         10  0.000e+00
      67501   2812.500     50.231     50.598    11.9592    12.0555  38.515754  38.592039    11.9528    12.0491    33.5708    33.5581    25.4880    25.4601     6.0522     5.6761    184.434    172.975     1.9292     1.7509     0.0562     0.3792     3.2454     0.0000     0.0000 -119.71684   34.15924      99.32         10  0.000e+00
      67502   2812.542     50.184     50.552    11.9578    12.0542  38.515167  38.590079    11.9513    12.0478    33.5716    33.5574    25.4889    25.4598     6.0524     5.6762    184.438    172.980     1.9292     1.7509     0.0549     0.3486     3.2454     0.0000     0.0000 -119.71684   34.15924      99.32         10  0.000e+00
      67503   2812.583     50.231     50.598    11.9561    12.0532  38.516343  38.589883    11.9496    12.0467    33.5742    33.5581    25.4913    25.4605     6.0576     5.6764    184.598    172.984     1.9304     1.7509     0.0549     0.3486     3.2454     0.0000     0.0000 -119.71684   34.15924      99.32         10  0.000e+00
      67504   2812.625     50.211     50.578    11.9556    12.0534  38.516996  38.591190    11.9492    12.0469    33.5753    33.5593    25.4922    25.4613     6.0577     5.6763    184.598    172.982     1.9304     1.7509     0.0562     0.3792     3.2466     0.0000     0.0000 -119.71684   34.15924      99.32         10  0.000e+00
      67505   2812.667     50.184     50.552    11.9566    12.0546  38.517322  38.593149    11.9502    12.0481    33.5747    33.5601    25.4916    25.4618     6.0575     5.6761    184.594    172.976     1.9304     1.7509     0.0549     0.3486     3.2454     0.0000     0.0000 -119.71684   34.15924      99.32         10  0.000e+00
