West Coast/WCOA-7/CTD_Data/RB2102_CTD_126_01.ros
* Sea-Bird SBE 9 Data File:
* FileName = C:\Users\scs.user.rb\CTD\RB2102\Data\RB2102_CTD_126_01.hex
* Software Version Seasave V 7.26.7.107
* Temperature SN = 6202
* Conductivity SN = 4907
* Number of Bytes Per Scan = 41
* Number of Voltage Words = 4
* Number of Scans Averaged by the Deck Unit = 1
* NMEA Latitude = 33 25.07 N
* NMEA Longitude = 117 54.28 W
* NMEA UTC (Time) = Jul 20 2021  16:36:15
* NMEA baud rate = 4800
# nquan = 30
# nvalues = 965                                   
# units = specified
# name 0 = scan: Scan Count
# name 1 = timeS: Time, Elapsed [seconds]
# name 2 = depSM: Depth [salt water, m]
# name 3 = prDM: Pressure, Digiquartz [db]
# name 4 = t090C: Temperature [ITS-90, deg C]
# name 5 = t190C: Temperature, 2 [ITS-90, deg C]
# name 6 = c0mS/cm: Conductivity [mS/cm]
# name 7 = c1mS/cm: Conductivity, 2 [mS/cm]
# name 8 = potemp090C: Potential Temperature [ITS-90, deg C]
# name 9 = potemp190C: Potential Temperature, 2 [ITS-90, deg C]
# name 10 = sal00: Salinity, Practical [PSU]
# name 11 = sal11: Salinity, Practical, 2 [PSU]
# name 12 = sigma-é00: Density [sigma-theta, kg/m^3]
# name 13 = sigma-é11: Density, 2 [sigma-theta, kg/m^3]
# name 14 = sbeox0Mg/L: Oxygen, SBE 43 [mg/l]
# name 15 = sbeox1Mg/L: Oxygen, SBE 43, 2 [mg/l]
# name 16 = sbox0Mm/Kg: Oxygen, SBE 43 [umol/kg]
# name 17 = sbox1Mm/Kg: Oxygen, SBE 43, 2 [umol/kg]
# name 18 = sbeox0V: Oxygen raw, SBE 43 [V]
# name 19 = sbeox1V: Oxygen raw, SBE 43, 2 [V]
# name 20 = v4: Voltage 4
# name 21 = flECO-AFL: Fluorescence, WET Labs ECO-AFL/FL [mg/m^3]
# name 22 = v3: Voltage 3
# name 23 = v6: Voltage 6
# name 24 = v7: Voltage 7
# name 25 = longitude: Longitude [deg]
# name 26 = latitude: Latitude [deg]
# name 27 = altM: Altimeter [m]
# name 28 = nbf: Bottles Fired
# name 29 = flag:  0.000e+00
# interval = seconds: 0.0416667
# start_time = Jul 20 2021 16:36:15 [NMEA time, header]
# bad_flag = -9.990e-29
*END*
[from data line 532]
      83322   3471.708     59.852     60.288    11.6103    11.5806  38.137047  38.109488    11.6028    11.5731    33.5122    33.5122    25.5077    25.5131     6.0308     5.6059    183.777    170.827     1.9109     1.7204     0.0611     0.5013     3.1807     0.0073     0.0000 -117.90492   33.41702      99.32         12  0.000e+00
      83323   3471.750     59.832     60.268    11.6118    11.5804  38.137112  38.109098    11.6043    11.5729    33.5110    33.5119    25.5065    25.5130     6.0358     5.6059    183.930    170.828     1.9121     1.7204     0.0611     0.5013     3.1795     0.0073     0.0000 -117.90492   33.41702      99.32         12  0.000e+00
      83324   3471.792     59.805     60.241    11.6141    11.5809  38.136461  38.109033    11.6066    11.5734    33.5083    33.5114    25.5039    25.5125     6.0356     5.6058    183.923    170.826     1.9121     1.7204     0.0623     0.5318     3.1795     0.0073     0.0000 -117.90492   33.41702      99.32         12  0.000e+00
      83325   3471.833     59.878     60.315    11.6133    11.5811  38.135876  38.108513    11.6058    11.5735    33.5084    33.5108    25.5042    25.5120     6.0357     5.6059    183.928    170.828     1.9121     1.7204     0.0623     0.5318     3.1795     0.0073     0.0000 -117.90492   33.41702      99.32         12  0.000e+00
      83326   3471.875     59.805     60.241    11.6102    11.5802  38.136006  38.108383    11.6026    11.5726    33.5114    33.5115    25.5071    25.5127     6.0360     5.6059    183.935    170.829     1.9121     1.7204     0.0623     0.5318     3.1795     0.0073     0.0000 -117.90492   33.41702      99.32         12  0.000e+00
      83327   3471.917     59.878     60.315    11.6075    11.5784  38.135226  38.108384    11.6000    11.5709    33.5130    33.5130    25.5088    25.5142     6.0363     5.6061    183.945    170.835     1.9121     1.7204     0.0623     0.5318     3.1795     0.0073     0.0000 -117.90492   33.41702      99.32         12  0.000e+00
      83328   3471.958     59.852     60.288    11.6052    11.5784  38.133014  38.108579    11.5977    11.5709    33.5129    33.5132    25.5092    25.5143     6.0366     5.6061    183.954    170.834     1.9121     1.7204     0.0611     0.5013     3.1807     0.0073     0.0000 -117.90492   33.41702      99.32         12  0.000e+00
      83329   3472.000     59.779     60.214    11.6034    11.5799  38.131908  38.108708    11.5959    11.5724    33.5135    33.5120    25.5100    25.5131     6.0368     5.6059    183.959    170.828     1.9121     1.7204     0.0611     0.5013     3.1807     0.0073     0.0000 -117.90492   33.41702      99.32         12  0.000e+00
      83330   3472.042     59.852     60.288    11.6028    11.5816  38.131453  38.109943    11.5952    11.5740    33.5136    33.5117    25.5102    25.5126     6.0369     5.6057    183.963    170.824     1.9121     1.7204     0.0611     0.5013     3.1807     0.0073     0.0000 -117.90492   33.41702      99.32         12  0.000e+00
      83331   3472.083     59.832     60.268    11.6018    11.5829  38.131519  38.111633    11.5943    11.5754    33.5146    33.5121    25.5111    25.5127     6.0370     5.6055    183.965    170.818     1.9121     1.7204     0.0623     0.5318     3.1807     0.0073     0.0000 -117.90492   33.41702      99.32         12  0.000e+00
      83332   3472.125     59.852     60.288    11.5999    11.5831  38.131194  38.112543    11.5924    11.5755    33.5159    33.5129    25.5125    25.5133     6.0372     5.6055    183.972    170.817     1.9121     1.7204     0.0623     0.5318     3.1795     0.0073     0.0000 -117.90492   33.41702      99.32         12  0.000e+00
      83333   3472.167     59.879     60.315    11.5988    11.5839  38.130804  38.112933    11.5913    11.5764    33.5166    33.5125    25.5132    25.5128     6.0373     5.6054    183.976    170.814     1.9121     1.7204     0.0623     0.5318     3.1807     0.0073     0.0000 -117.90492   33.41702      99.32         12  0.000e+00
      83334   3472.208     59.806     60.241    11.5987    11.5842  38.130608  38.113518    11.5911    11.5767    33.5165    33.5128    25.5132    25.5130     6.0373     5.6053    183.975    170.811     1.9121     1.7204     0.0623     0.5318     3.1795     0.0073     0.0000 -117.90492   33.41702      99.32         12  0.000e+00
      83335   3472.250     59.879     60.315    11.5986    11.5832  38.129958  38.115468    11.5910    11.5757    33.5159    33.5156    25.5128    25.5153     6.0374     5.6054    183.978    170.813     1.9121     1.7204     0.0611     0.5013     3.1807     0.0073     0.0000 -117.90492   33.41702      99.32         12  0.000e+00
      83336   3472.292     59.852     60.288    11.5987    11.5812  38.129177  38.117288    11.5911    11.5736    33.5151    33.5193    25.5121    25.5186     6.0374     5.6055    183.978    170.816     1.9121     1.7204     0.0611     0.5013     3.1795     0.0073     0.0000 -117.90492   33.41702      99.32         12  0.000e+00
      83337   3472.333     59.832     60.268    11.5988    11.5802  38.129047  38.118003    11.5913    11.5727    33.5149    33.5208    25.5119    25.5199     6.0374     5.6056    183.977    170.818     1.9121     1.7204     0.0611     0.5013     3.1807     0.0073     0.0000 -117.90492   33.41702      99.32         12  0.000e+00
      83338   3472.375     59.905     60.342    11.5987    11.5822  38.129177  38.117548    11.5912    11.5747    33.5150    33.5185    25.5120    25.5178     6.0426     5.6055    184.136    170.814     1.9133     1.7204     0.0611     0.5013     3.1795     0.0073     0.0000 -117.90492   33.41702      99.32         12  0.000e+00
      83339   3472.417     59.779     60.215    11.5985    11.5874  38.128852  38.118392    11.5910    11.5799    33.5150    33.5147    25.5120    25.5139     6.0374     5.6048    183.977    170.796     1.9121     1.7204     0.0623     0.5318     3.1795     0.0073     0.0000 -117.90492   33.41702      99.32         12  0.000e+00
      83340   3472.458     59.879     60.315    11.5980    11.5921  38.127941  38.118912    11.5905    11.5845    33.5145    33.5110    25.5117    25.5101     6.0375     5.6044    183.982    170.785     1.9121     1.7204     0.0623     0.5318     3.1795     0.0073     0.0000 -117.90492   33.41702      99.32         12  0.000e+00
      83341   3472.500     59.852     60.288    11.5966    11.5955  38.127616  38.119041    11.5890    11.5880    33.5155    33.5080    25.5128    25.5071     6.0428     5.6041    184.143    170.774     1.9133     1.7204     0.0623     0.5318     3.1807     0.0073     0.0000 -117.90492   33.41702      99.32         12  0.000e+00
      83342   3472.542     59.879     60.315    11.5962    11.5974  38.127161  38.118066    11.5886    11.5898    33.5154    33.5054    25.5128    25.5048     6.0377     5.6040    183.988    170.771     1.9121     1.7204     0.0623     0.5318     3.1807     0.0073     0.0000 -117.90492   33.41702      99.32         12  0.000e+00
      83343   3472.583     59.852     60.288    11.5968    11.5982  38.128527  38.117221    11.5893    11.5907    33.5161    33.5038    25.5132    25.5034     6.0376     5.6039    183.984    170.769     1.9121     1.7204     0.0623     0.5318     3.1795     0.0073     0.0000 -117.90492   33.41702      99.32         12  0.000e+00
      83344   3472.625     59.833     60.268    11.5961    11.5965  38.130413  38.117546    11.5885    11.5890    33.5187    33.5056    25.5153    25.5051     6.0376     5.6040    183.983    170.773     1.9121     1.7204     0.0623     0.5318     3.1795     0.0073     0.0000 -117.90492   33.41702      99.32         12  0.000e+00
      83345   3472.667     59.905     60.342    11.5965    11.5944  38.133276  38.117482    11.5890    11.5868    33.5210    33.5075    25.5171    25.5070     6.0375     5.6043    183.980    170.780     1.9121     1.7204     0.0623     0.5318     3.1795     0.0073     0.0000 -117.90492   33.41702      99.32         12  0.000e+00
      83346   3472.708     59.833     60.268    11.6026    11.5927  38.135877  38.117157    11.5951    11.5852    33.5181    33.5087    25.5137    25.5082     6.0367     5.6044    183.958    170.784     1.9121     1.7204     0.0611     0.5013     3.1807     0.0073     0.0000 -117.90492   33.41702      99.32         12  0.000e+00
      83347   3472.750     59.852     60.288    11.6106    11.5921  38.138674  38.116767    11.6031    11.5845    33.5135    33.5089    25.5087    25.5085     6.0359     5.6045    183.932    170.787     1.9121     1.7204     0.0623     0.5318     3.1795     0.0073     0.0000 -117.90492   33.41702      99.32         12  0.000e+00
      83348   3472.792     59.879     60.315    11.6158    11.5904  38.140820  38.116507    11.6082    11.5829    33.5110    33.5101    25.5058    25.5098     6.0353     5.6047    183.915    170.792     1.9121     1.7204     0.0623     0.5318     3.1795     0.0073     0.0000 -117.90492   33.41702      99.32         12  0.000e+00
      83349   3472.833     59.853     60.288    11.6150    11.5884  38.140885  38.116637    11.6074    11.5809    33.5118    33.5121    25.5065    25.5116     6.0354     5.6049    183.917    170.797     1.9121     1.7204     0.0623     0.5318     3.1795     0.0073     0.0000 -117.90492   33.41702      99.32         12  0.000e+00
      83350   3472.875     59.879     60.315    11.6141    11.5887  38.139519  38.116182    11.6066    11.5812    33.5112    33.5113    25.5062    25.5110     6.0355     5.6049    183.921    170.797     1.9121     1.7204     0.0623     0.5318     3.1795     0.0073     0.0000 -117.90492   33.41702      99.32         12  0.000e+00
      83351   3472.917     59.906     60.342    11.6125    11.5896  38.138218  38.115532    11.6049    11.5820    33.5114    33.5099    25.5067    25.5097     6.0357     5.6048    183.928    170.796     1.9121     1.7204     0.0611     0.5013     3.1795     0.0073     0.0000 -117.90492   33.41702      99.32         12  0.000e+00
      83352   3472.958     59.833     60.268    11.6085    11.5911  38.135746  38.115402    11.6010    11.5836    33.5126    33.5085    25.5083    25.5083     6.0362     5.6046    183.941    170.791     1.9121     1.7204     0.0611     0.5013     3.1795     0.0073     0.0000 -117.90492   33.41702      99.32         12  0.000e+00
      83353   3473.000     59.906     60.342    11.6050    11.5916  38.132039  38.115597    11.5975    11.5840    33.5121    33.5082    25.5086    25.5080     6.0419     5.6046    184.115    170.791     1.9133     1.7204     0.0611     0.5013     3.1795     0.0073     0.0000 -117.90492   33.41702      99.32         12  0.000e+00
      83354   3473.042     59.833     60.269    11.6023    11.5901  38.128656  38.115467    11.5947    11.5826    33.5113    33.5094    25.5085    25.5093     6.0370     5.6047    183.968    170.793     1.9121     1.7204     0.0598     0.4707     3.1807     0.0073     0.0000 -117.90492   33.41702      99.32         12  0.000e+00
      83355   3473.083     59.906     60.342    11.6014    11.5897  38.126250  38.115597    11.5939    11.5822    33.5097    33.5099    25.5074    25.5097     6.0424     5.6048    184.132    170.796     1.9133     1.7204     0.0598     0.4707     3.1795     0.0073     0.0000 -117.90492   33.41702      99.32         12  0.000e+00
      83356   3473.125     59.879     60.315    11.6025    11.5907  38.125209  38.114687    11.5950    11.5832    33.5077    33.5081    25.5056    25.5081     6.0424     5.5991    184.130    170.622     1.9133     1.7192     0.0611     0.5013     3.1795     0.0073     0.0000 -117.90492   33.41702      99.32         12  0.000e+00
      83357   3473.167     59.853     60.289    11.6036    11.5919  38.124428  38.114102    11.5961    11.5844    33.5060    33.5065    25.5041    25.5066     6.0371     5.5990    183.970    170.619     1.9121     1.7192     0.0598     0.4707     3.1807     0.0073     0.0000 -117.90492   33.41702      99.32         12  0.000e+00
      83358   3473.208     59.879     60.315    11.6041    11.5907  38.123843  38.114232    11.5966    11.5832    33.5049    33.5076    25.5032    25.5078     6.0423     5.5991    184.127    170.623     1.9133     1.7192     0.0598     0.4707     3.1807     0.0073     0.0000 -117.90492   33.41702      99.32         12  0.000e+00
      83359   3473.250     59.853     60.289    11.6035    11.5869  38.124428  38.114102    11.5960    11.5794    33.5060    33.5109    25.5042    25.5110     6.0423     5.6051    184.128    170.804     1.9133     1.7204     0.0611     0.5013     3.1795     0.0073     0.0000 -117.90492   33.41702      99.32         12  0.000e+00
      83360   3473.292     59.926     60.362    11.6014    11.5826  38.122672  38.113258    11.5939    11.5750    33.5062    33.5140    25.5047    25.5142     6.0426     5.6000    184.138    170.647     1.9133     1.7192     0.0611     0.5013     3.1807     0.0073     0.0000 -117.90492   33.41702      99.32         12  0.000e+00
      83361   3473.333     59.906     60.342    11.5957    11.5799  38.119616  38.112283    11.5881    11.5724    33.5084    33.5155    25.5074    25.5158     6.0433     5.6059    184.157    170.827     1.9133     1.7204     0.0598     0.4707     3.1795     0.0073     0.0000 -117.90492   33.41702      99.32         12  0.000e+00
      83362   3473.375     59.833     60.269    11.5898    11.5788  38.116949  38.110528    11.5823    11.5712    33.5112    33.5148    25.5107    25.5156     6.0491     5.6060    184.333    170.831     1.9145     1.7204     0.0598     0.4707     3.1795     0.0073     0.0000 -117.90492   33.41702      99.32         12  0.000e+00
      86503   3604.250     49.576     49.935    12.1341    12.1351  38.523960  38.525810    12.1277    12.1286    33.4221    33.4230    25.3396    25.3401     6.7138     6.2364    204.624    190.075     2.0916     1.8755     0.0757     0.8676     3.1758     0.0073     0.0000 -117.90490   33.41704      99.32         13  0.000e+00
      86504   3604.292     49.549     49.909    12.1340    12.1352  38.523764  38.525418    12.1276    12.1288    33.4220    33.4225    25.3395    25.3397     6.7138     6.2364    204.624    190.074     2.0916     1.8755     0.0757     0.8676     3.1783     0.0073     0.0000 -117.90490   33.41704      99.32         13  0.000e+00
      86505   3604.333     49.549     49.909    12.1338    12.1351  38.523307  38.526006    12.1274    12.1286    33.4217    33.4232    25.3394    25.3403     6.7138     6.2364    204.625    190.074     2.0916     1.8755     0.0757     0.8676     3.1783     0.0073     0.0000 -117.90490   33.41704      99.32         13  0.000e+00
      86506   3604.375     49.496     49.855    12.1336    12.1356  38.523698  38.526071    12.1272    12.1291    33.4223    33.4228    25.3398    25.3399     6.7138     6.2363    204.624    190.071     2.0916     1.8755     0.0757     0.8676     3.1758     0.0073     0.0000 -117.90490   33.41704      99.32         13  0.000e+00
      86507   3604.417     49.576     49.935    12.1336    12.1354  38.523111  38.526463    12.1272    12.1290    33.4217    33.4233    25.3394    25.3403     6.7139     6.2364    204.627    190.073     2.0916     1.8755     0.0757     0.8676     3.1758     0.0073     0.0000 -117.90490   33.41704      99.32         13  0.000e+00
      86508   3604.458     49.549     49.909    12.1334    12.1359  38.523045  38.526071    12.1270    12.1295    33.4218    33.4225    25.3395    25.3396     6.7139     6.2363    204.627    190.071     2.0916     1.8755     0.0757     0.8676     3.1758     0.0073     0.0000 -117.90490   33.41704      99.32         13  0.000e+00
      86509   3604.500     49.496     49.855    12.1334    12.1356  38.523437  38.525940    12.1270    12.1291    33.4222    33.4227    25.3398    25.3398     6.7087     6.2363    204.469    190.071     2.0904     1.8755     0.0757     0.8676     3.1758     0.0073     0.0000 -117.90490   33.41704      99.32         13  0.000e+00
