West Coast/WCOA-7/CTD_Data/RB2102_CTD_045_01.ros
* Sea-Bird SBE 9 Data File:
* FileName = C:\Users\scs.user.rb\CTD\RB2102\Data\RB2102_CTD_045_01.hex
* Software Version Seasave V 7.26.7.107
* Temperature SN = 6202
* Conductivity SN = 4907
* Number of Bytes Per Scan = 41
* Number of Voltage Words = 4
* Number of Scans Averaged by the Deck Unit = 1
* NMEA Latitude = 44 39.10 N
* NMEA Longitude = 125 21.75 W
* NMEA UTC (Time) = Jul 03 2021  15:07:33
* NMEA baud rate = 4800
# nquan = 30
# nvalues = 1176                                  
# units = specified
# name 0 = scan: Scan Count
# name 1 = timeS: Time, Elapsed [seconds]
# name 2 = depSM: Depth [salt water, m]
# name 3 = prDM: Pressure, Digiquartz [db]
# name 4 = t090C: Temperature [ITS-90, deg C]
# name 5 = t190C: Temperature, 2 [ITS-90, deg C]
# name 6 = c0mS/cm: Conductivity [mS/cm]
# name 7 = c1mS/cm: Conductivity, 2 [mS/cm]
# name 8 = potemp090C: Potential Temperature [ITS-90, deg C]
# name 9 = potemp190C: Potential Temperature, 2 [ITS-90, deg C]
# name 10 = sal00: Salinity, Practical [PSU]
# name 11 = sal11: Salinity, Practical, 2 [PSU]
# name 12 = sigma-é00: Density [sigma-theta, kg/m^3]
# name 13 = sigma-é11: Density, 2 [sigma-theta, kg/m^3]
# name 14 = sbeox0Mg/L: Oxygen, SBE 43 [mg/l]
# name 15 = sbeox1Mg/L: Oxygen, SBE 43, 2 [mg/l]
# name 16 = sbox0Mm/Kg: Oxygen, SBE 43 [umol/kg]
# name 17 = sbox1Mm/Kg: Oxygen, SBE 43, 2 [umol/kg]
# name 18 = sbeox0V: Oxygen raw, SBE 43 [V]
# name 19 = sbeox1V: Oxygen raw, SBE 43, 2 [V]
# name 20 = v4: Voltage 4
# name 21 = flECO-AFL: Fluorescence, WET Labs ECO-AFL/FL [mg/m^3]
# name 22 = v3: Voltage 3
# name 23 = v6: Voltage 6
# name 24 = v7: Voltage 7
# name 25 = longitude: Longitude [deg]
# name 26 = latitude: Latitude [deg]
# name 27 = altM: Altimeter [m]
# name 28 = nbf: Bottles Fired
# name 29 = flag:  0.000e+00
# interval = seconds: 0.0416667
# start_time = Jul 03 2021 15:07:33 [NMEA time, header]
# bad_flag = -9.990e-29
*END*
[from data line 1161]
     227534   9480.542      4.249      4.284    15.9429    15.9427  39.795158  39.795018    15.9422    15.9421    31.4057    31.4057    22.9976    22.9977     8.3143     8.5307    253.983    260.594     2.6239     2.5287     0.0513     0.2571     3.3150     0.2161     0.0000 -125.36758   44.65032      99.68         24  0.000e+00
     227535   9480.583      4.203      4.237    15.9429    15.9427  39.795555  39.795018    15.9422    15.9421    31.4061    31.4058    22.9979    22.9977     8.3189     8.5306    254.126    260.592     2.6252     2.5287     0.0513     0.2571     3.3150     0.2161     0.0000 -125.36758   44.65032      99.68         24  0.000e+00
     227536   9480.625      4.249      4.284    15.9427    15.9430  39.795357  39.795018    15.9421    15.9423    31.4060    31.4055    22.9979    22.9975     8.3190     8.5255    254.129    260.435     2.6252     2.5275     0.0513     0.2571     3.3150     0.2161     0.0000 -125.36758   44.65032      99.68         24  0.000e+00
     227537   9480.667      4.203      4.237    15.9427    15.9427  39.795621  39.795018    15.9421    15.9421    31.4063    31.4058    22.9981    22.9977     8.3190     8.5255    254.127    260.435     2.6252     2.5275     0.0513     0.2571     3.3150     0.2161     0.0000 -125.36758   44.65032      99.68         24  0.000e+00
     227538   9480.708      4.203      4.237    15.9427    15.9429  39.795356  39.795216    15.9421    15.9422    31.4061    31.4058    22.9979    22.9977     8.3190     8.5306    254.127    260.591     2.6252     2.5287     0.0513     0.2571     3.3150     0.2161     0.0000 -125.36758   44.65032      99.68         24  0.000e+00
     227539   9480.750      4.156      4.190    15.9427    15.9429  39.794827  39.795613    15.9421    15.9422    31.4056    31.4062    22.9975    22.9979     8.3190     8.5305    254.127    260.589     2.6252     2.5287     0.0513     0.2571     3.3150     0.2161     0.0000 -125.36758   44.65032      99.68         24  0.000e+00
     227540   9480.792      4.203      4.237    15.9424    15.9431  39.795092  39.795745    15.9417    15.9425    31.4061    31.4061    22.9980    22.9978     8.3190     8.5305    254.129    260.589     2.6252     2.5287     0.0513     0.2571     3.3150     0.2161     0.0000 -125.36758   44.65032      99.68         24  0.000e+00
     227541   9480.833      4.156      4.190    15.9422    15.9430  39.794827  39.795745    15.9416    15.9424    31.4060    31.4062    22.9980    22.9979     8.3190     8.5253    254.128    260.431     2.6252     2.5275     0.0513     0.2571     3.3150     0.2161     0.0000 -125.36758   44.65032      99.68         24  0.000e+00
     227542   9480.875      4.156      4.190    15.9422    15.9434  39.794695  39.795745    15.9416    15.9427    31.4059    31.4059    22.9979    22.9976     8.3238     8.5253    254.274    260.429     2.6264     2.5275     0.0513     0.2571     3.3150     0.2161     0.0000 -125.36758   44.65032      99.68         24  0.000e+00
     227543   9480.917      4.156      4.190    15.9420    15.9431  39.794761  39.795414    15.9414    15.9425    31.4061    31.4058    22.9981    22.9976     8.3238     8.5253    254.274    260.431     2.6264     2.5275     0.0513     0.2571     3.3138     0.2161     0.0000 -125.36758   44.65032      99.68         24  0.000e+00
     227544   9480.958      4.103      4.137    15.9422    15.9430  39.795224  39.795613    15.9416    15.9424    31.4064    31.4061    22.9982    22.9978     8.3237     8.5304    254.271    260.586     2.6264     2.5287     0.0513     0.2571     3.3150     0.2161     0.0000 -125.36758   44.65032      99.68         24  0.000e+00
     227545   9481.000      4.103      4.137    15.9420    15.9434  39.794694  39.795943    15.9414    15.9428    31.4060    31.4061    22.9980    22.9978     8.3237     8.5304    254.273    260.585     2.6264     2.5287     0.0513     0.2571     3.3150     0.2161     0.0000 -125.36758   44.65032      99.68         24  0.000e+00
     227546   9481.042      4.156      4.190    15.9417    15.9436  39.794099  39.796274    15.9411    15.9429    31.4058    31.4062    22.9979    22.9978     8.3239     8.5252    254.276    260.428     2.6264     2.5275     0.0513     0.2571     3.3150     0.2161     0.0000 -125.36758   44.65032      99.68         24  0.000e+00
     227547   9481.083      4.057      4.090    15.9415    15.9438  39.794099  39.796142    15.9409    15.9432    31.4059    31.4059    22.9981    22.9976     8.3238     8.5302    254.274    260.581     2.6264     2.5287     0.0525     0.2876     3.3150     0.2161     0.0000 -125.36758   44.65032      99.68         24  0.000e+00
     227548   9481.125      4.103      4.137    15.9412    15.9437  39.793967  39.796076    15.9406    15.9431    31.4061    31.4059    22.9982    22.9976     8.3239     8.5303    254.277    260.583     2.6264     2.5287     0.0513     0.2571     3.3150     0.2161     0.0000 -125.36758   44.65032      99.68         24  0.000e+00
