West Coast/WCOA-7/CTD_Data/RB2102_CTD_043_01.ros
* Sea-Bird SBE 9 Data File:
* FileName = C:\Users\scs.user.rb\CTD\RB2102\Data\RB2102_CTD_043_01.hex
* Software Version Seasave V 7.26.7.107
* Temperature SN = 6202
* Conductivity SN = 4907
* Number of Bytes Per Scan = 41
* Number of Voltage Words = 4
* Number of Scans Averaged by the Deck Unit = 1
* NMEA Latitude = 47 06.91 N
* NMEA Longitude = 124 14.84 W
* NMEA UTC (Time) = Jul 02 2021  20:40:23
* NMEA baud rate = 4800
# nquan = 30
# nvalues = 470                                   
# units = specified
# name 0 = scan: Scan Count
# name 1 = timeS: Time, Elapsed [seconds]
# name 2 = depSM: Depth [salt water, m]
# name 3 = prDM: Pressure, Digiquartz [db]
# name 4 = t090C: Temperature [ITS-90, deg C]
# name 5 = t190C: Temperature, 2 [ITS-90, deg C]
# name 6 = c0mS/cm: Conductivity [mS/cm]
# name 7 = c1mS/cm: Conductivity, 2 [mS/cm]
# name 8 = potemp090C: Potential Temperature [ITS-90, deg C]
# name 9 = potemp190C: Potential Temperature, 2 [ITS-90, deg C]
# name 10 = sal00: Salinity, Practical [PSU]
# name 11 = sal11: Salinity, Practical, 2 [PSU]
# name 12 = sigma-é00: Density [sigma-theta, kg/m^3]
# name 13 = sigma-é11: Density, 2 [sigma-theta, kg/m^3]
# name 14 = sbeox0Mg/L: Oxygen, SBE 43 [mg/l]
# name 15 = sbeox1Mg/L: Oxygen, SBE 43, 2 [mg/l]
# name 16 = sbox0Mm/Kg: Oxygen, SBE 43 [umol/kg]
# name 17 = sbox1Mm/Kg: Oxygen, SBE 43, 2 [umol/kg]
# name 18 = sbeox0V: Oxygen raw, SBE 43 [V]
# name 19 = sbeox1V: Oxygen raw, SBE 43, 2 [V]
# name 20 = v4: Voltage 4
# name 21 = flECO-AFL: Fluorescence, WET Labs ECO-AFL/FL [mg/m^3]
# name 22 = v3: Voltage 3
# name 23 = v6: Voltage 6
# name 24 = v7: Voltage 7
# name 25 = longitude: Longitude [deg]
# name 26 = latitude: Latitude [deg]
# name 27 = altM: Altimeter [m]
# name 28 = nbf: Bottles Fired
# name 29 = flag:  0.000e+00
# interval = seconds: 0.0416667
# start_time = Jul 02 2021 20:40:23 [NMEA time, header]
# bad_flag = -9.990e-29
*END*
[from data line 49]
      11284    470.125     17.571     17.719    14.4629    14.4218  38.561441  38.532781    14.4604    14.4193    31.4848    31.4922    23.3773    23.3915     8.8486     9.1307    270.205    278.818     2.6911     2.5995     0.1722     3.2790     3.2857     0.7179     0.0000 -124.24724   47.11452       4.69          2  0.000e+00
      11285    470.167     17.472     17.619    14.4629    14.4142  38.563793  38.526450    14.4604    14.4117    31.4870    31.4926    23.3790    23.3934     8.8434     9.1268    270.048    278.696     2.6899     2.5983     0.1722     3.2790     3.2857     0.7167     0.0000 -124.24724   47.11452       4.69          2  0.000e+00
      11286    470.208     17.618     17.766    14.4645    14.4036  38.567910  38.521556    14.4620    14.4010    31.4894    31.4968    23.3805    23.3989     8.8383     9.1235    269.890    278.595     2.6886     2.5971     0.1722     3.2790     3.2857     0.7179     0.0000 -124.24724   47.11452       4.66          2  0.000e+00
      11287    470.250     17.525     17.673    14.4720    14.3934  38.578757  38.519729    14.4695    14.3908    31.4932    31.5035    23.3819    23.4061     8.8366     9.1250    269.838    278.640     2.6886     2.5971     0.1722     3.2790     3.2869     0.7179     0.0000 -124.24724   47.11452       4.69          2  0.000e+00
      11288    470.292     17.518     17.666    14.4938    14.3890  38.596141  38.521231    14.4913    14.3865    31.4913    31.5084    23.3759    23.4109     8.8327     9.1203    269.721    278.494     2.6886     2.5958     0.1722     3.2790     3.2869     0.7179     0.0000 -124.24724   47.11452       4.66          2  0.000e+00
      11289    470.333     17.571     17.719    14.5531    14.3925  38.617445  38.523842    14.5506    14.3900    31.4625    31.5079    23.3413    23.4097     8.8186     9.1197    269.300    278.475     2.6874     2.5958     0.1722     3.2790     3.2857     0.7179     0.0000 -124.24724   47.11452       4.69          2  0.000e+00
      11290    470.375     17.518     17.666    14.6202    14.3925  38.633260  38.524560    14.6177    14.3900    31.4225    31.5086    23.2964    23.4103     8.8036     9.1143    268.854    278.310     2.6862     2.5946     0.1722     3.2790     3.2869     0.7179     0.0000 -124.24724   47.11452       4.69          2  0.000e+00
      11291    470.417     17.571     17.719    14.6463    14.3915  38.633977  38.527302    14.6438    14.3890    31.4021    31.5118    23.2752    23.4130     8.8001     9.1090    268.751    278.149     2.6862     2.5934     0.1722     3.2790     3.2857     0.7179     0.0000 -124.24724   47.11452       4.66          2  0.000e+00
      11292    470.458     17.571     17.719    14.6446    14.3980  38.631688  38.534547    14.6421    14.3955    31.4014    31.5131    23.2750    23.4126     8.7955     9.1077    268.612    278.107     2.6850     2.5934     0.1722     3.2790     3.2869     0.7179     0.0000 -124.24724   47.11452       4.69          2  0.000e+00
      11293    470.500     17.571     17.719    14.6372    14.4036  38.634174  38.538921    14.6347    14.4010    31.4096    31.5126    23.2829    23.4111     8.7915     9.1013    268.488    277.913     2.6838     2.5922     0.1722     3.2790     3.2857     0.7179     0.0000 -124.24724   47.11452       4.69          2  0.000e+00
      11294    470.542     17.571     17.719    14.6303    14.4055  38.641303  38.540683    14.6278    14.4030    31.4216    31.5127    23.2936    23.4107     8.7872     9.0956    268.354    277.739     2.6825     2.5910     0.1722     3.2790     3.2869     0.7179     0.0000 -124.24724   47.11452       4.69          2  0.000e+00
      11295    470.583     17.518     17.666    14.6312    14.4090  38.658831  38.541988    14.6287    14.4065    31.4368    31.5110    23.3052    23.4087     8.7862     9.0896    268.320    277.557     2.6825     2.5897     0.1722     3.2790     3.2869     0.7179     0.0000 -124.24724   47.11452       4.69          2  0.000e+00
      11296    470.625     17.571     17.719    14.6487    14.4129  38.683884  38.544730    14.6461    14.4104    31.4454    31.5103    23.3081    23.4074     8.7778     9.0889    268.061    277.537     2.6813     2.5897     0.1722     3.2790     3.2857     0.7179     0.0000 -124.24724   47.11452       4.69          2  0.000e+00
      11297    470.667     17.518     17.666    14.6803    14.4193  38.707959  38.550541    14.6778    14.4168    31.4416    31.5104    23.2985    23.4061     8.7673     9.0823    267.744    277.334     2.6801     2.5885     0.1722     3.2790     3.2857     0.7179     0.0000 -124.24724   47.11452       4.69          2  0.000e+00
      11298    470.708     17.525     17.673    14.7184    14.4262  38.732040  38.556939    14.7159    14.4237    31.4325    31.5106    23.2835    23.4048     8.7560     9.0756    267.404    277.130     2.6789     2.5873     0.1722     3.2790     3.2857     0.7179     0.0000 -124.24724   47.11452       4.69          2  0.000e+00
      11299    470.750     17.571     17.719    14.7557    14.4322  38.752854  38.559550    14.7531    14.4297    31.4213    31.5081    23.2670    23.4016     8.7451     9.0693    267.075    276.939     2.6777     2.5861     0.1722     3.2790     3.2857     0.7179     0.0000 -124.24724   47.11452       4.74          2  0.000e+00
      11300    470.792     17.525     17.673    14.7938    14.4383  38.774064  38.561639    14.7912    14.4358    31.4097    31.5050    23.2500    23.3980     8.7388     9.0682    266.887    276.907     2.6777     2.5861     0.1722     3.2790     3.2857     0.7179     0.0000 -124.24724   47.11452       4.74          2  0.000e+00
      11301    470.833     17.518     17.666    14.8352    14.4465  38.791677  38.572610    14.8327    14.4439    31.3922    31.5084    23.2278    23.3989     8.7275     9.0611    266.546    276.689     2.6764     2.5849     0.1722     3.2790     3.2857     0.7179     0.0000 -124.24724   47.11452       4.74          2  0.000e+00
      11302    470.875     17.518     17.666    14.8611    14.4616  38.798027  38.592007    14.8585    14.4591    31.3771    31.5137    23.2107    23.3998     8.7188     9.0525    266.285    276.427     2.6752     2.5836     0.1722     3.2790     3.2845     0.7179     0.0000 -124.24724   47.11452       4.74          2  0.000e+00
      11303    470.917     17.472     17.619    14.8673    14.4853  38.800057  38.614544    14.8647    14.4828    31.3740    31.5150    23.2070    23.3959     8.7129     9.0424    266.107    276.120     2.6740     2.5824     0.1722     3.2790     3.2845     0.7179     0.0000 -124.24724   47.11452       4.74          2  0.000e+00
      11304    470.958     17.518     17.666    14.8723    14.5191  38.805297  38.634209    14.8698    14.5166    31.3746    31.5054    23.2064    23.3814     8.7072     9.0417    265.932    276.103     2.6728     2.5836     0.1722     3.2790     3.2869     0.7179     0.0000 -124.24724   47.11452       4.76          2  0.000e+00
      11305    471.000     17.472     17.619    14.8802    14.5519  38.810274  38.645642    14.8777    14.5494    31.3727    31.4891    23.2033    23.3621     8.7058     9.0256    265.891    275.614     2.6728     2.5812     0.1551     2.8517     3.2857     0.7179     0.0000 -124.24724   47.11452       4.81          2  0.000e+00
      11306    471.042     17.518     17.666    14.8883    14.5731  38.814139  38.653810    14.8858    14.5706    31.3697    31.4793    23.1992    23.3501     8.6997     9.0167    265.706    275.348     2.6716     2.5800     0.1368     2.3938     3.2845     0.7179     0.0000 -124.24724   47.11452       4.84          2  0.000e+00
      11307    471.083     17.472     17.619    14.8985    14.5956  38.821213  38.663874    14.8959    14.5931    31.3679    31.4702    23.1957    23.3383     8.6980     9.0128    265.653    275.231     2.6716     2.5800     0.1319     2.2717     3.2869     0.7179     0.0000 -124.24724   47.11452       4.84          2  0.000e+00
      11308    471.125     17.472     17.619    14.9111    14.6231  38.828091  38.673350    14.9085    14.6205    31.3640    31.4566    23.1900    23.3221     8.6911     9.0029    265.444    274.933     2.6703     2.5788     0.1331     2.3022     3.2869     0.7179     0.0000 -124.24724   47.11452       4.84          2  0.000e+00
      11309    471.167     17.426     17.572    14.9212    14.6427  38.833266  38.682239    14.9186    14.6401    31.3605    31.4488    23.1852    23.3120     8.6845     8.9942    265.245    274.670     2.6691     2.5775     0.1343     2.3328     3.2857     0.7179     0.0000 -124.24724   47.11452       4.84          2  0.000e+00
      11310    471.208     17.472     17.619    14.9323    14.6597  38.837197  38.695315    14.9298    14.6571    31.3551    31.4468    23.1786    23.3069     8.6829     8.9858    265.197    274.414     2.6691     2.5763     0.1343     2.3328     3.2869     0.7179     0.0000 -124.24724   47.11452       4.88          2  0.000e+00
      11311    471.250     17.419     17.566    14.9404    14.6842  38.840996  38.706037    14.9379    14.6817    31.3520    31.4367    23.1745    23.2939     8.6767     8.9815    265.009    274.287     2.6679     2.5763     0.1343     2.3328     3.2845     0.7179     0.0000 -124.24724   47.11452       4.91          2  0.000e+00
      11312    471.292     17.379     17.526    14.9507    14.7064  38.847024  38.711463    14.9481    14.7039    31.3492    31.4237    23.1702    23.2793     8.6701     8.9726    264.809    274.019     2.6667     2.5751     0.1343     2.3328     3.2869     0.7179     0.0000 -124.24724   47.11452       4.93          2  0.000e+00
      11313    471.333     17.419     17.566    14.9583    14.7183  38.850759  38.710611    14.9557    14.7158    31.3465    31.4133    23.1665    23.2687     8.6690     8.9709    264.775    273.971     2.6667     2.5751     0.1343     2.3328     3.2845     0.7179     0.0000 -124.24724   47.11452       4.93          2  0.000e+00
      11314    471.375     17.379     17.526    14.9635    14.7183  38.856001  38.706033    14.9610    14.7158    31.3470    31.4092    23.1658    23.2656     8.6631     8.9658    264.596    273.816     2.6654     2.5739     0.1343     2.3328     3.2845     0.7179     0.0000 -124.24724   47.11452       4.93          2  0.000e+00
      11315    471.417     17.373     17.519    14.9755    14.7124  38.864455  38.700932    14.9730    14.7099    31.3450    31.4094    23.1616    23.2669     8.6562     8.9617    264.387    273.688     2.6642     2.5726     0.1343     2.3328     3.2845     0.7179     0.0000 -124.24724   47.11452       4.91          2  0.000e+00
      11316    471.458     17.379     17.526    14.9861    14.7040  38.870812  38.697860    14.9835    14.7014    31.3422    31.4134    23.1573    23.2718     8.6497     8.9578    264.188    273.568     2.6630     2.5714     0.1343     2.3328     3.2845     0.7179     0.0000 -124.24724   47.11452       4.98          2  0.000e+00
      11317    471.500     17.326     17.472    14.9998    14.6960  38.878415  38.696683    14.9973    14.6935    31.3380    31.4188    23.1511    23.2776     8.6571     8.9590    264.416    273.603     2.6654     2.5714     0.1343     2.3328     3.2857     0.7179     0.0000 -124.24724   47.11452       5.03          2  0.000e+00
      11318    471.542     17.326     17.472    15.0147    14.6913  38.886280  38.697076    15.0121    14.6888    31.3332    31.4229    23.1442    23.2818     8.6499     8.9544    264.197    273.461     2.6642     2.5702     0.1343     2.3328     3.2845     0.7179     0.0000 -124.24724   47.11452       5.08          2  0.000e+00
      11319    471.583     17.326     17.472    15.0244    14.6877  38.892245  38.698058    15.0218    14.6852    31.3307    31.4267    23.1403    23.2855     8.6337     8.9495    263.705    273.313     2.6606     2.5690     0.1343     2.3328     3.2857     0.7179     0.0000 -124.24724   47.11452       5.05          2  0.000e+00
      11320    471.625     17.326     17.472    15.0331    14.6845  38.896375  38.701066    15.0306    14.6820    31.3274    31.4320    23.1359    23.2903     8.6372     8.9499    263.813    273.322     2.6618     2.5690     0.1343     2.3328     3.2845     0.7179     0.0000 -124.24724   47.11452       5.05          2  0.000e+00
      11321    471.667     17.280     17.426    15.0377    14.6843  38.898145  38.704990    15.0352    14.6818    31.3254    31.4358    23.1333    23.2932     8.6413     8.9444    263.939    273.153     2.6630     2.5678     0.1343     2.3328     3.2845     0.7179     0.0000 -124.24724   47.11452       5.03          2  0.000e+00
      11322    471.708     17.227     17.372    15.0407    14.6876  38.900439  38.710091    15.0382    14.6851    31.3250    31.4377    23.1324    23.2940     8.6310     8.9436    263.625    273.128     2.6606     2.5678     0.1343     2.3328     3.2845     0.7179     0.0000 -124.24724   47.11452       5.10          2  0.000e+00
      11323    471.750     17.280     17.426    15.0509    14.6965  38.907520  38.720425    15.0483    14.6940    31.3232    31.4398    23.1288    23.2937     8.6342     8.9418    263.724    273.074     2.6618     2.5678     0.1343     2.3328     3.2845     0.7167     0.0000 -124.24724   47.11452       5.18          2  0.000e+00
      11324    471.792     17.227     17.372    15.0616    14.7156  38.914995  38.733047    15.0590    14.7131    31.3214    31.4359    23.1252    23.2867     8.6276     8.9330    263.521    272.807     2.6606     2.5665     0.1343     2.3328     3.2845     0.7167     0.0000 -124.24722   47.11452       5.20          2  0.000e+00
      11325    471.833     17.234     17.379    15.0710    14.7322  38.918797  38.740045    15.0685    14.7297    31.3173    31.4288    23.1199    23.2777     8.6310     8.9302    263.626    272.724     2.6618     2.5665     0.1343     2.3328     3.2845     0.7167     0.0000 -124.24722   47.11452       5.18          2  0.000e+00
      11326    471.875     17.227     17.372    15.0777    14.7458  38.922272  38.744100    15.0752    14.7433    31.3150    31.4214    23.1168    23.2692     8.6250     8.9227    263.446    272.497     2.6606     2.5653     0.1343     2.3328     3.2845     0.7167     0.0000 -124.24722   47.11452       5.18          2  0.000e+00
      11327    471.917     17.181     17.325    15.0808    14.7533  38.923780  38.744295    15.0782    14.7508    31.3139    31.4156    23.1153    23.2631     8.6245     8.9215    263.430    272.463     2.6606     2.5653     0.1343     2.3328     3.2845     0.7167     0.0000 -124.24722   47.11452       5.20          2  0.000e+00
      11328    471.958     17.174     17.319    15.0839    14.7557  38.926731  38.744033    15.0813    14.7532    31.3141    31.4134    23.1148    23.2609     8.6191     8.9212    263.265    272.453     2.6593     2.5653     0.1343     2.3328     3.2857     0.7167     0.0000 -124.24722   47.11452       5.23          2  0.000e+00
      11329    472.000     17.174     17.319    15.0904    14.7579  38.932044  38.745276    15.0878    14.7554    31.3137    31.4128    23.1130    23.2600     8.6228     8.9208    263.380    272.441     2.6606     2.5653     0.1343     2.3328     3.2845     0.7167     0.0000 -124.24722   47.11452       5.23          2  0.000e+00
      11330    472.042     17.134     17.279    15.0946    14.7609  38.935191  38.746977    15.0921    14.7584    31.3131    31.4119    23.1117    23.2586     8.6221     8.9149    263.357    272.262     2.6606     2.5641     0.1343     2.3328     3.2857     0.7179     0.0000 -124.24722   47.11452       5.25          2  0.000e+00
