West Coast/WCOA-7/CTD_Data/RB2102_CTD_130_01.ros
* Sea-Bird SBE 9 Data File:
* FileName = C:\Users\scs.user.rb\CTD\RB2102\Data\RB2102_CTD_130_01.hex
* Software Version Seasave V 7.26.7.107
* Temperature SN = 6202
* Conductivity SN = 4907
* Number of Bytes Per Scan = 41
* Number of Voltage Words = 4
* Number of Scans Averaged by the Deck Unit = 1
* NMEA Latitude = 32 39.05 N
* NMEA Longitude = 119 28.96 W
* NMEA UTC (Time) = Jul 22 2021  01:30:53
* NMEA baud rate = 4800
# nquan = 30
# nvalues = 1127                                  
# units = specified
# name 0 = scan: Scan Count
# name 1 = timeS: Time, Elapsed [seconds]
# name 2 = depSM: Depth [salt water, m]
# name 3 = prDM: Pressure, Digiquartz [db]
# name 4 = t090C: Temperature [ITS-90, deg C]
# name 5 = t190C: Temperature, 2 [ITS-90, deg C]
# name 6 = c0mS/cm: Conductivity [mS/cm]
# name 7 = c1mS/cm: Conductivity, 2 [mS/cm]
# name 8 = potemp090C: Potential Temperature [ITS-90, deg C]
# name 9 = potemp190C: Potential Temperature, 2 [ITS-90, deg C]
# name 10 = sal00: Salinity, Practical [PSU]
# name 11 = sal11: Salinity, Practical, 2 [PSU]
# name 12 = sigma-é00: Density [sigma-theta, kg/m^3]
# name 13 = sigma-é11: Density, 2 [sigma-theta, kg/m^3]
# name 14 = sbeox0Mg/L: Oxygen, SBE 43 [mg/l]
# name 15 = sbeox1Mg/L: Oxygen, SBE 43, 2 [mg/l]
# name 16 = sbox0Mm/Kg: Oxygen, SBE 43 [umol/kg]
# name 17 = sbox1Mm/Kg: Oxygen, SBE 43, 2 [umol/kg]
# name 18 = sbeox0V: Oxygen raw, SBE 43 [V]
# name 19 = sbeox1V: Oxygen raw, SBE 43, 2 [V]
# name 20 = v4: Voltage 4
# name 21 = flECO-AFL: Fluorescence, WET Labs ECO-AFL/FL [mg/m^3]
# name 22 = v3: Voltage 3
# name 23 = v6: Voltage 6
# name 24 = v7: Voltage 7
# name 25 = longitude: Longitude [deg]
# name 26 = latitude: Latitude [deg]
# name 27 = altM: Altimeter [m]
# name 28 = nbf: Bottles Fired
# name 29 = flag:  0.000e+00
# interval = seconds: 0.0416667
# start_time = Jul 22 2021 01:30:53 [NMEA time, header]
# bad_flag = -9.990e-29
*END*
[from data line 629]
     101410   4225.375     99.315    100.042     9.9791     9.9802  37.006645  37.008455     9.9677     9.9688    33.8675    33.8683    26.0731    26.0736     3.9600     3.6917    120.607    112.437     1.3858     1.2735     0.0403    -0.0177     3.1429     0.0024     0.0000 -119.48308   32.65048      99.61         13  0.000e+00
     101411   4225.417     99.262     99.988     9.9793     9.9799  37.006773  37.008712     9.9679     9.9686    33.8675    33.8689    26.0731    26.0740     3.9653     3.6859    120.769    112.258     1.3871     1.2723     0.0403    -0.0177     3.1429     0.0024     0.0000 -119.48308   32.65048      99.61         13  0.000e+00
     101412   4225.458     99.315    100.042     9.9793     9.9798  37.006452  37.008262     9.9679     9.9684    33.8672    33.8685    26.0728    26.0738     3.9654     3.6918    120.770    112.438     1.3871     1.2735     0.0403    -0.0177     3.1429     0.0024     0.0000 -119.48308   32.65048      99.61         13  0.000e+00
     101413   4225.500     99.262     99.988     9.9792     9.9801  37.006452  37.008133     9.9679     9.9687    33.8672    33.8682    26.0729    26.0734     3.9600     3.6917    120.606    112.437     1.3858     1.2735     0.0403    -0.0177     3.1429     0.0024     0.0000 -119.48308   32.65048      99.61         13  0.000e+00
     101414   4225.542     99.209     99.935     9.9791     9.9799  37.006644  37.008647     9.9677     9.9686    33.8676    33.8688    26.0732    26.0740     3.9653     3.6917    120.769    112.436     1.3871     1.2735     0.0403    -0.0177     3.1416     0.0024     0.0000 -119.48308   32.65048      99.61         13  0.000e+00
     101415   4225.583     99.315    100.042     9.9791     9.9802  37.006516  37.008519     9.9677     9.9688    33.8674    33.8684    26.0730    26.0736     3.9600     3.6917    120.607    112.437     1.3858     1.2735     0.0403    -0.0177     3.1429     0.0024     0.0000 -119.48308   32.65048      99.61         13  0.000e+00
     101416   4225.625     99.163     99.888     9.9791     9.9801  37.006644  37.008197     9.9677     9.9688    33.8676    33.8682    26.0732    26.0735     3.9653     3.6858    120.768    112.257     1.3871     1.2723     0.0403    -0.0177     3.1429     0.0024     0.0000 -119.48308   32.65048      99.61         13  0.000e+00
     101417   4225.667     99.216     99.941     9.9791     9.9798  37.006516  37.008133     9.9677     9.9684    33.8675    33.8684    26.0731    26.0737     3.9653     3.6917    120.769    112.436     1.3871     1.2735     0.0403    -0.0177     3.1429     0.0024     0.0000 -119.48308   32.65048      99.61         13  0.000e+00
     105050   4377.042     80.471     81.056    10.4545    10.4488  37.225402  37.224691    10.4451    10.4394    33.6549    33.6595    25.8257    25.8303     5.4068     5.0184    164.712    152.878     1.7289     1.5629     0.0427     0.0434     3.1392     0.0037     0.0012 -119.48306   32.65046      99.41         14  0.000e+00
     105051   4377.083     80.418     81.003    10.4549    10.4485  37.225337  37.224562    10.4454    10.4390    33.6546    33.6597    25.8254    25.8305     5.4068     5.0184    164.710    152.878     1.7289     1.5629     0.0427     0.0434     3.1404     0.0037     0.0012 -119.48306   32.65046      99.39         14  0.000e+00
     105052   4377.125     80.471     81.056    10.4547    10.4485  37.225531  37.224691    10.4452    10.4390    33.6549    33.6598    25.8257    25.8306     5.4068     5.0184    164.711    152.879     1.7289     1.5629     0.0427     0.0434     3.1392     0.0037     0.0012 -119.48306   32.65046      99.41         14  0.000e+00
     105053   4377.167     80.418     81.003    10.4547    10.4481  37.225659  37.224756    10.4452    10.4387    33.6551    33.6602    25.8258    25.8310     5.4068     5.0184    164.710    152.879     1.7289     1.5629     0.0427     0.0434     3.1392     0.0037     0.0012 -119.48306   32.65046      99.41         14  0.000e+00
     105054   4377.208     80.471     81.056    10.4549    10.4480  37.225660  37.224756    10.4454    10.4385    33.6549    33.6603    25.8256    25.8311     5.4068     5.0185    164.711    152.880     1.7289     1.5629     0.0427     0.0434     3.1392     0.0037     0.0000 -119.48306   32.65046      99.39         14  0.000e+00
     105055   4377.250     80.472     81.056    10.4547    10.4475  37.225853  37.224563    10.4452    10.4380    33.6553    33.6606    25.8260    25.8314     5.4068     5.0185    164.711    152.881     1.7289     1.5629     0.0427     0.0434     3.1392     0.0037     0.0000 -119.48306   32.65046      99.41         14  0.000e+00
     105056   4377.292     80.472     81.057    10.4547    10.4473  37.225466  37.224498    10.4452    10.4379    33.6549    33.6607    25.8257    25.8314     5.4068     5.0185    164.711    152.882     1.7289     1.5629     0.0427     0.0434     3.1392     0.0037     0.0012 -119.48306   32.65046      99.39         14  0.000e+00
     105057   4377.333     80.472     81.057    10.4549    10.4473  37.225531  37.224176    10.4454    10.4379    33.6548    33.6604    25.8255    25.8312     5.4068     5.0185    164.711    152.882     1.7289     1.5629     0.0427     0.0434     3.1392     0.0037     0.0000 -119.48306   32.65046      99.39         14  0.000e+00
     105058   4377.375     80.472     81.057    10.4545    10.4473  37.225660  37.224627    10.4451    10.4379    33.6552    33.6608    25.8259    25.8315     5.4068     5.0185    164.711    152.882     1.7289     1.5629     0.0427     0.0434     3.1392     0.0037     0.0000 -119.48306   32.65046      99.39         14  0.000e+00
     105059   4377.417     80.472     81.057    10.4545    10.4474  37.225402  37.224498    10.4451    10.4380    33.6549    33.6606    25.8257    25.8314     5.4068     5.0185    164.712    152.882     1.7289     1.5629     0.0427     0.0434     3.1392     0.0037     0.0000 -119.48306   32.65046      99.41         14  0.000e+00
     105060   4377.458     80.419     81.003    10.4549    10.4472  37.225337  37.224434    10.4454    10.4377    33.6546    33.6608    25.8254    25.8316     5.4068     5.0185    164.710    152.881     1.7289     1.5629     0.0427     0.0434     3.1392     0.0037     0.0000 -119.48306   32.65046      99.39         14  0.000e+00
     105061   4377.500     80.518     81.103    10.4549    10.4472  37.225531  37.224434    10.4454    10.4377    33.6548    33.6608    25.8255    25.8315     5.4068     5.0244    164.712    153.060     1.7289     1.5641     0.0427     0.0434     3.1392     0.0037     0.0012 -119.48306   32.65046      99.41         14  0.000e+00
     105062   4377.542     80.459     81.043    10.4547    10.4472  37.225660  37.224434    10.4452    10.4377    33.6551    33.6608    25.8258    25.8316     5.4068     5.0185    164.711    152.882     1.7289     1.5629     0.0427     0.0434     3.1404     0.0037     0.0012 -119.48306   32.65046      99.39         14  0.000e+00
     105063   4377.583     80.472     81.057    10.4545    10.4472  37.225402  37.224498    10.4451    10.4377    33.6549    33.6609    25.8257    25.8316     5.4068     5.0243    164.712    153.059     1.7289     1.5641     0.0427     0.0434     3.1392     0.0037     0.0012 -119.48306   32.65046      99.41         14  0.000e+00
     105064   4377.625     80.518     81.104    10.4549    10.4472  37.225789  37.223919    10.4454    10.4377    33.6550    33.6603    25.8257    25.8311     5.4068     5.0186    164.711    152.884     1.7289     1.5629     0.0427     0.0434     3.1404     0.0037     0.0012 -119.48306   32.65046      99.41         14  0.000e+00
     105065   4377.667     80.419     81.003    10.4547    10.4475  37.225466  37.224305    10.4452    10.4380    33.6549    33.6604    25.8257    25.8312     5.4068     5.0185    164.710    152.881     1.7289     1.5629     0.0427     0.0434     3.1404     0.0037     0.0000 -119.48306   32.65046      99.39         14  0.000e+00
     105066   4377.708     80.518     81.104    10.4547    10.4478  37.225531  37.224434    10.4452    10.4383    33.6549    33.6602    25.8257    25.8310     5.4068     5.0243    164.712    153.058     1.7289     1.5641     0.0427     0.0434     3.1404     0.0037     0.0000 -119.48306   32.65046      99.39         14  0.000e+00
     105067   4377.750     80.472     81.057    10.4547    10.4480  37.225853  37.224949    10.4452    10.4385    33.6553    33.6605    25.8260    25.8312     5.4015     5.0242    164.549    153.056     1.7277     1.5641     0.0427     0.0434     3.1392     0.0037     0.0000 -119.48306   32.65046      99.39         14  0.000e+00
     105068   4377.792     80.519     81.104    10.4545    10.4480  37.225724  37.224370    10.4451    10.4385    33.6552    33.6599    25.8260    25.8308     5.4068     5.0185    164.712    152.881     1.7289     1.5629     0.0427     0.0434     3.1404     0.0037     0.0012 -119.48306   32.65046      99.41         14  0.000e+00
     105069   4377.833     80.519     81.104    10.4545    10.4481  37.225660  37.224112    10.4451    10.4387    33.6552    33.6596    25.8259    25.8304     5.4068     5.0185    164.712    152.881     1.7289     1.5629     0.0427     0.0434     3.1392     0.0037     0.0012 -119.48306   32.65046      99.39         14  0.000e+00
     105070   4377.875     80.472     81.057    10.4549    10.4488  37.225853  37.224627    10.4454    10.4394    33.6551    33.6595    25.8258    25.8302     5.4068     5.0184    164.710    152.878     1.7289     1.5629     0.0427     0.0434     3.1404     0.0037     0.0012 -119.48306   32.65046      99.39         14  0.000e+00
     105071   4377.917     80.519     81.104    10.4545    10.4486  37.225724  37.224498    10.4451    10.4392    33.6552    33.6595    25.8260    25.8303     5.4068     5.0184    164.712    152.880     1.7289     1.5629     0.0427     0.0434     3.1404     0.0037     0.0012 -119.48306   32.65046      99.39         14  0.000e+00
     105072   4377.958     80.519     81.104    10.4545    10.4480  37.225660  37.224434    10.4451    10.4385    33.6552    33.6600    25.8259    25.8308     5.4068     5.0185    164.712    152.881     1.7289     1.5629     0.0427     0.0434     3.1404     0.0037     0.0012 -119.48306   32.65046      99.41         14  0.000e+00
     105073   4378.000     80.472     81.057    10.4545    10.4481  37.225660  37.224434    10.4451    10.4387    33.6552    33.6599    25.8259    25.8307     5.4068     5.0242    164.711    153.056     1.7289     1.5641     0.0427     0.0434     3.1404     0.0037     0.0000 -119.48306   32.65046      99.41         14  0.000e+00
     105074   4378.042     80.565     81.151    10.4545    10.4478  37.225853  37.224241    10.4451    10.4383    33.6554    33.6600    25.8260    25.8308     5.4069     5.0243    164.713    153.059     1.7289     1.5641     0.0427     0.0434     3.1392     0.0037     0.0012 -119.48306   32.65046      99.41         14  0.000e+00
     105075   4378.083     80.519     81.104    10.4542    10.4480  37.225724  37.224370    10.4447    10.4385    33.6555    33.6599    25.8262    25.8308     5.4069     5.0243    164.713    153.058     1.7289     1.5641     0.0427     0.0434     3.1404     0.0037     0.0000 -119.48306   32.65046      99.41         14  0.000e+00
     105076   4378.125     80.519     81.104    10.4545    10.4477  37.225853  37.224241    10.4451    10.4382    33.6554    33.6601    25.8261    25.8309     5.4068     5.0243    164.712    153.059     1.7289     1.5641     0.0427     0.0434     3.1392     0.0037     0.0012 -119.48306   32.65046      99.41         14  0.000e+00
     105077   4378.167     80.519     81.104    10.4544    10.4478  37.225724  37.224370    10.4449    10.4383    33.6554    33.6602    25.8261    25.8310     5.4069     5.0243    164.713    153.058     1.7289     1.5641     0.0427     0.0434     3.1392     0.0037     0.0012 -119.48306   32.65046      99.39         14  0.000e+00
     105078   4378.208     80.519     81.104    10.4544    10.4475  37.225853  37.224434    10.4449    10.4380    33.6555    33.6605    25.8262    25.8313     5.4069     5.0243    164.713    153.059     1.7289     1.5641     0.0427     0.0434     3.1392     0.0037     0.0012 -119.48306   32.65046      99.41         14  0.000e+00
     105079   4378.250     80.519     81.104    10.4544    10.4475  37.225982  37.224434    10.4449    10.4380    33.6557    33.6605    25.8263    25.8313     5.4068     5.0243    164.712    153.059     1.7289     1.5641     0.0427     0.0434     3.1392     0.0037     0.0012 -119.48306   32.65046      99.39         14  0.000e+00
     105080   4378.292     80.519     81.104    10.4547    10.4480  37.225982  37.224434    10.4452    10.4385    33.6554    33.6600    25.8260    25.8308     5.4068     5.0243    164.712    153.058     1.7289     1.5641     0.0427     0.0434     3.1404     0.0037     0.0012 -119.48306   32.65046      99.39         14  0.000e+00
     105081   4378.333     80.566     81.151    10.4547    10.4483  37.225724  37.224241    10.4452    10.4388    33.6551    33.6595    25.8258    25.8303     5.4069     5.0243    164.713    153.058     1.7289     1.5641     0.0427     0.0434     3.1404     0.0037     0.0012 -119.48306   32.65046      99.39         14  0.000e+00
     105082   4378.375     80.519     81.104    10.4547    10.4486  37.225853  37.224176    10.4452    10.4392    33.6553    33.6591    25.8259    25.8300     5.4068     5.0242    164.712    153.056     1.7289     1.5641     0.0427     0.0434     3.1404     0.0037     0.0012 -119.48306   32.65046      99.41         14  0.000e+00
     105083   4378.417     80.519     81.105    10.4544    10.4491  37.225982  37.224112    10.4449    10.4397    33.6557    33.6586    25.8263    25.8295     5.4068     5.0242    164.712    153.055     1.7289     1.5641     0.0427     0.0434     3.1404     0.0037     0.0012 -119.48306   32.65046      99.41         14  0.000e+00
     105084   4378.458     80.566     81.151    10.4544    10.4488  37.225982  37.224627    10.4449    10.4393    33.6557    33.6594    25.8263    25.8302     5.4069     5.0242    164.713    153.056     1.7289     1.5641     0.0427     0.0434     3.1404     0.0037     0.0012 -119.48306   32.65046      99.39         14  0.000e+00
     105085   4378.500     80.519     81.105    10.4542    10.4485  37.225982  37.224241    10.4447    10.4390    33.6558    33.6593    25.8264    25.8302     5.4069     5.0242    164.713    153.056     1.7289     1.5641     0.0427     0.0434     3.1404     0.0037     0.0000 -119.48306   32.65046      99.39         14  0.000e+00
     105086   4378.542     80.566     81.151    10.4540    10.4480  37.225982  37.224370    10.4446    10.4385    33.6559    33.6599    25.8266    25.8307     5.4069     5.0243    164.714    153.059     1.7289     1.5641     0.0427     0.0434     3.1392     0.0037     0.0012 -119.48306   32.65046      99.39         14  0.000e+00
     105087   4378.583     80.519     81.105    10.4542    10.4477  37.225724  37.224177    10.4447    10.4382    33.6555    33.6600    25.8262    25.8309     5.4122     5.0243    164.875    153.059     1.7302     1.5641     0.0427     0.0434     3.1404     0.0037     0.0012 -119.48306   32.65046      99.39         14  0.000e+00
     105088   4378.625     80.566     81.152    10.4540    10.4472  37.225853  37.224370    10.4446    10.4377    33.6558    33.6607    25.8265    25.8315     5.4122     5.0244    164.876    153.061     1.7302     1.5641     0.0427     0.0434     3.1392     0.0037     0.0012 -119.48306   32.65046      99.39         14  0.000e+00
