West Coast/WCOA-7/CTD_Data/RB2102_CTD_080_01.ros
* Sea-Bird SBE 9 Data File:
* FileName = C:\Users\scs.user.rb\CTD\RB2102\Data\RB2102_CTD_080_01.hex
* Software Version Seasave V 7.26.7.107
* Temperature SN = 6202
* Conductivity SN = 4907
* Number of Bytes Per Scan = 41
* Number of Voltage Words = 4
* Number of Scans Averaged by the Deck Unit = 1
* NMEA Latitude = 37 48.81 N
* NMEA Longitude = 123 10.04 W
* NMEA UTC (Time) = Jul 10 2021  22:29:35
* NMEA baud rate = 4800
# nquan = 30
# nvalues = 738                                   
# units = specified
# name 0 = scan: Scan Count
# name 1 = timeS: Time, Elapsed [seconds]
# name 2 = depSM: Depth [salt water, m]
# name 3 = prDM: Pressure, Digiquartz [db]
# name 4 = t090C: Temperature [ITS-90, deg C]
# name 5 = t190C: Temperature, 2 [ITS-90, deg C]
# name 6 = c0mS/cm: Conductivity [mS/cm]
# name 7 = c1mS/cm: Conductivity, 2 [mS/cm]
# name 8 = potemp090C: Potential Temperature [ITS-90, deg C]
# name 9 = potemp190C: Potential Temperature, 2 [ITS-90, deg C]
# name 10 = sal00: Salinity, Practical [PSU]
# name 11 = sal11: Salinity, Practical, 2 [PSU]
# name 12 = sigma-é00: Density [sigma-theta, kg/m^3]
# name 13 = sigma-é11: Density, 2 [sigma-theta, kg/m^3]
# name 14 = sbeox0Mg/L: Oxygen, SBE 43 [mg/l]
# name 15 = sbeox1Mg/L: Oxygen, SBE 43, 2 [mg/l]
# name 16 = sbox0Mm/Kg: Oxygen, SBE 43 [umol/kg]
# name 17 = sbox1Mm/Kg: Oxygen, SBE 43, 2 [umol/kg]
# name 18 = sbeox0V: Oxygen raw, SBE 43 [V]
# name 19 = sbeox1V: Oxygen raw, SBE 43, 2 [V]
# name 20 = v4: Voltage 4
# name 21 = flECO-AFL: Fluorescence, WET Labs ECO-AFL/FL [mg/m^3]
# name 22 = v3: Voltage 3
# name 23 = v6: Voltage 6
# name 24 = v7: Voltage 7
# name 25 = longitude: Longitude [deg]
# name 26 = latitude: Latitude [deg]
# name 27 = altM: Altimeter [m]
# name 28 = nbf: Bottles Fired
# name 29 = flag:  0.000e+00
# interval = seconds: 0.0416667
# start_time = Jul 10 2021 22:29:35 [NMEA time, header]
# bad_flag = -9.990e-29
*END*
[from data line 484]
      29466   1227.708     19.597     19.745    11.9379    11.9598  38.686980  38.708612    11.9354    11.9573    33.7697    33.7709    25.6458    25.6426     8.2932     8.6171    252.685    262.557     2.4725     2.4029     0.1624     3.0348     3.2051     0.0427     0.0037 -123.16796   37.81314      61.00         11  0.000e+00
      29467   1227.750     19.544     19.692    11.9371    11.9565  38.686653  38.708154    11.9346    11.9540    33.7701    33.7734    25.6462    25.6452     8.2932     8.6120    252.687    262.401     2.4725     2.4017     0.1624     3.0348     3.2051     0.0427     0.0037 -123.16796   37.81314      61.00         11  0.000e+00
      29468   1227.792     19.597     19.745    11.9377    11.9549  38.687438  38.708547    11.9352    11.9523    33.7703    33.7753    25.6463    25.6469     8.2932     8.6123    252.685    262.409     2.4725     2.4017     0.1612     3.0043     3.2039     0.0427     0.0037 -123.16796   37.81314      60.98         11  0.000e+00
      29469   1227.833     19.544     19.692    11.9387    11.9545  38.688942  38.708481    11.9362    11.9519    33.7709    33.7756    25.6465    25.6473     8.2929     8.6123    252.676    262.409     2.4725     2.4017     0.1624     3.0348     3.2039     0.0427     0.0037 -123.16796   37.81314      60.98         11  0.000e+00
      29470   1227.875     19.597     19.745    11.9394    11.9539  38.691363  38.708220    11.9369    11.9514    33.7726    33.7759    25.6477    25.6476     8.2927     8.6070    252.671    262.245     2.4725     2.4005     0.1624     3.0348     3.2039     0.0440     0.0037 -123.16796   37.81314      61.00         11  0.000e+00
      29471   1227.917     19.590     19.739    11.9424    11.9559  38.693064  38.709332    11.9399    11.9534    33.7716    33.7751    25.6464    25.6466     8.2922     8.6066    252.657    262.234     2.4725     2.4005     0.1612     3.0043     3.2051     0.0440     0.0049 -123.16796   37.81314      61.00         11  0.000e+00
      29472   1227.958     19.544     19.692    11.9455    11.9576  38.694241  38.710770    11.9430    11.9551    33.7699    33.7750    25.6445    25.6462     8.2917     8.6062    252.641    262.223     2.4725     2.4005     0.1612     3.0043     3.2039     0.0464     0.0049 -123.16796   37.81314      60.98         11  0.000e+00
      29473   1228.000     19.590     19.739    11.9466    11.9593  38.694765  38.711947    11.9441    11.9568    33.7694    33.7746    25.6439    25.6456     8.2916     8.6060    252.638    262.215     2.4725     2.4005     0.1612     3.0043     3.2039     0.0476     0.0061 -123.16796   37.81314      60.95         11  0.000e+00
      29474   1228.042     19.590     19.739    11.9472    11.9611  38.696335  38.712601    11.9447    11.9586    33.7704    33.7736    25.6446    25.6444     8.2914     8.6057    252.633    262.206     2.4725     2.4005     0.1612     3.0043     3.2051     0.0476     0.0061 -123.16796   37.81314      60.95         11  0.000e+00
      29475   1228.083     19.544     19.692    11.9482    11.9622  38.697644  38.712797    11.9456    11.9597    33.7708    33.7728    25.6447    25.6436     8.2912     8.5999    252.625    262.031     2.4725     2.3993     0.1612     3.0043     3.2051     0.0476     0.0061 -123.16796   37.81314      60.95         11  0.000e+00
      29476   1228.125     19.590     19.739    11.9497    11.9640  38.698625  38.714628    11.9471    11.9615    33.7704    33.7729    25.6441    25.6433     8.2910     8.5996    252.619    262.022     2.4725     2.3993     0.1624     3.0348     3.2039     0.0464     0.0049 -123.16796   37.81314      60.95         11  0.000e+00
      29477   1228.167     19.597     19.745    11.9526    11.9663  38.699083  38.716721    11.9501    11.9637    33.7681    33.7729    25.6418    25.6429     8.2906     8.5992    252.607    262.009     2.4725     2.3993     0.1612     3.0043     3.2051     0.0464     0.0049 -123.16796   37.81314      60.98         11  0.000e+00
      29478   1228.208     19.590     19.739    11.9537    11.9677  38.699214  38.717833    11.9511    11.9652    33.7673    33.7727    25.6410    25.6424     8.2904     8.5989    252.603    262.000     2.4725     2.3993     0.1624     3.0348     3.2039     0.0452     0.0049 -123.16796   37.81314      60.88         11  0.000e+00
      29479   1228.250     19.597     19.745    11.9538    11.9687  38.698232  38.717179    11.9513    11.9662    33.7662    33.7711    25.6401    25.6411     8.2905     8.5988    252.604    261.997     2.4725     2.3993     0.1624     3.0348     3.2039     0.0440     0.0049 -123.16796   37.81314      60.81         11  0.000e+00
      29480   1228.292     19.590     19.739    11.9541    11.9682  38.697120  38.715347    11.9516    11.9657    33.7648    33.7698    25.6389    25.6401     8.2905     8.5989    252.605    262.003     2.4725     2.3993     0.1673     3.1569     3.2051     0.0440     0.0037 -123.16796   37.81314      60.78         11  0.000e+00
      29481   1228.333     19.597     19.745    11.9531    11.9679  38.697578  38.715282    11.9506    11.9654    33.7662    33.7700    25.6402    25.6404     8.2906     8.5934    252.608    261.835     2.4725     2.3980     0.1697     3.2180     3.2051     0.0440     0.0049 -123.16796   37.81314      60.78         11  0.000e+00
      29482   1228.375     19.637     19.785    11.9517    11.9687  38.697447  38.716263    11.9491    11.9662    33.7674    33.7702    25.6414    25.6404     8.2908     8.5933    252.615    261.832     2.4725     2.3980     0.1697     3.2180     3.2039     0.0440     0.0037 -123.16796   37.81314      60.78         11  0.000e+00
      29483   1228.417     19.597     19.745    11.9497    11.9694  38.696139  38.716786    11.9471    11.9669    33.7679    33.7701    25.6422    25.6402     8.2911     8.5932    252.624    261.826     2.4725     2.3980     0.1697     3.2180     3.2039     0.0440     0.0049 -123.16796   37.81314      60.78         11  0.000e+00
      29484   1228.458     19.637     19.785    11.9472    11.9677  38.693980  38.716002    11.9447    11.9652    33.7681    33.7709    25.6428    25.6410     8.2865     8.5879    252.483    261.667     2.4713     2.3968     0.1697     3.2180     3.2051     0.0440     0.0049 -123.16796   37.81314      60.76         11  0.000e+00
      29544   1230.958     19.935     20.086    12.0628    12.0574  38.802778  38.800537    12.0603    12.0548    33.7689    33.7716    25.6215    25.6247     8.2558     8.5376    251.552    260.139     2.4689     2.3895     0.1563     2.8822     3.2039     0.0452     0.0049 -123.16796   37.81314      59.93         12  0.000e+00
      29545   1231.000     19.988     20.139    12.0663    12.0584  38.804088  38.800929    12.0638    12.0558    33.7669    33.7710    25.6194    25.6241     8.2553     8.5375    251.538    260.135     2.4689     2.3895     0.1575     2.9127     3.2039     0.0452     0.0049 -123.16796   37.81314      59.98         12  0.000e+00
      29546   1231.042     19.935     20.086    12.0677    12.0584  38.804284  38.800798    12.0651    12.0558    33.7659    33.7710    25.6183    25.6240     8.2551     8.5375    251.531    260.134     2.4689     2.3895     0.1563     2.8822     3.2039     0.0464     0.0061 -123.16796   37.81314      60.00         12  0.000e+00
      29547   1231.083     19.988     20.139    12.0660    12.0542  38.802712  38.799293    12.0634    12.0517    33.7659    33.7732    25.6187    25.6266     8.2554     8.5437    251.542    260.324     2.4689     2.3907     0.1563     2.8822     3.2051     0.0476     0.0061 -123.16796   37.81314      59.98         12  0.000e+00
      29548   1231.125     19.981     20.132    12.0610    12.0492  38.800158  38.797657    12.0584    12.0466    33.7679    33.7762    25.6212    25.6298     8.2562     8.5445    251.565    260.348     2.4689     2.3907     0.1563     2.8822     3.2051     0.0476     0.0061 -123.16796   37.81314      59.98         12  0.000e+00
      29549   1231.167     19.988     20.139    12.0576    12.0456  38.797931  38.796348    12.0550    12.0430    33.7689    33.7782    25.6225    25.6321     8.2568     8.5451    251.582    260.366     2.4689     2.3907     0.1563     2.8822     3.2039     0.0464     0.0061 -123.16796   37.81314      59.98         12  0.000e+00
      29550   1231.208     19.935     20.086    12.0526    12.0430  38.794395  38.795694    12.0500    12.0404    33.7700    33.7800    25.6244    25.6339     8.2576     8.5455    251.606    260.376     2.4689     2.3907     0.1563     2.8822     3.2039     0.0464     0.0061 -123.16796   37.81314      59.95         12  0.000e+00
      29551   1231.250     19.988     20.139    12.0484    12.0430  38.792365  38.794385    12.0458    12.0405    33.7718    33.7786    25.6265    25.6329     8.2583     8.5456    251.627    260.380     2.4689     2.3907     0.1563     2.8822     3.2039     0.0464     0.0061 -123.16796   37.81314      59.93         12  0.000e+00
      29552   1231.292     19.981     20.132    12.0474    12.0436  38.790727  38.794123    12.0448    12.0410    33.7711    33.7779    25.6262    25.6322     8.2636     8.5511    251.788    260.546     2.4701     2.3919     0.1563     2.8822     3.2039     0.0464     0.0061 -123.16796   37.81314      59.93         12  0.000e+00
      29553   1231.333     19.988     20.139    12.0459    12.0457  38.788501  38.795825    12.0433    12.0432    33.7703    33.7776    25.6258    25.6315     8.2639     8.5507    251.798    260.534     2.4701     2.3919     0.1563     2.8822     3.2051     0.0464     0.0061 -123.16796   37.81314      59.93         12  0.000e+00
      29554   1231.375     19.981     20.132    12.0459    12.0520  38.789221  38.798573    12.0433    12.0495    33.7710    33.7745    25.6264    25.6280     8.2639     8.5496    251.797    260.503     2.4701     2.3919     0.1563     2.8822     3.2051     0.0464     0.0061 -123.16796   37.81314      59.93         12  0.000e+00
      29555   1231.417     19.988     20.139    12.0488    12.0572  38.792234  38.798638    12.0462    12.0546    33.7713    33.7699    25.6261    25.6234     8.2684     8.5489    251.936    260.481     2.4713     2.3919     0.1563     2.8822     3.2051     0.0464     0.0061 -123.16796   37.81314      59.93         12  0.000e+00
      29556   1231.458     19.981     20.132    12.0520    12.0576  38.794067  38.797525    12.0495    12.0550    33.7702    33.7685    25.6246    25.6223     8.2679     8.5544    251.920    260.650     2.4713     2.3932     0.1575     2.9127     3.2027     0.0476     0.0061 -123.16796   37.81314      59.83         12  0.000e+00
      29557   1231.500     19.988     20.139    12.0534    12.0567  38.793871  38.795365    12.0508    12.0541    33.7688    33.7672    25.6233    25.6214     8.2677     8.5546    251.915    260.658     2.4713     2.3932     0.1563     2.8822     3.2051     0.0464     0.0061 -123.16796   37.81314      59.71         12  0.000e+00
      29558   1231.542     19.981     20.132    12.0531    12.0527  38.793609  38.793074    12.0505    12.0501    33.7688    33.7686    25.6233    25.6232     8.2678     8.5553    251.917    260.678     2.4713     2.3932     0.1612     3.0043     3.2051     0.0464     0.0061 -123.16796   37.81314      59.68         12  0.000e+00
      29559   1231.583     19.988     20.139    12.0519    12.0492  38.793936  38.794711    12.0493    12.0466    33.7702    33.7734    25.6246    25.6276     8.2730     8.5613    252.076    260.859     2.4725     2.3944     0.1648     3.0959     3.2051     0.0452     0.0049 -123.16796   37.81314      59.68         12  0.000e+00
      29560   1231.625     20.027     20.179    12.0526    12.0519  38.794591  38.801389    12.0500    12.0493    33.7702    33.7774    25.6245    25.6302     8.2729     8.5606    252.074    260.837     2.4725     2.3944     0.1661     3.1264     3.2051     0.0464     0.0061 -123.16796   37.81314      59.68         12  0.000e+00
      29561   1231.667     19.935     20.086    12.0532    12.0584  38.794787  38.805970    12.0507    12.0558    33.7698    33.7760    25.6241    25.6279     8.2727     8.5593    252.068    260.798     2.4725     2.3944     0.1661     3.1264     3.2039     0.0452     0.0061 -123.16796   37.81314      59.68         12  0.000e+00
      29562   1231.708     20.027     20.179    12.0533    12.0610  38.794788  38.804203    12.0507    12.0584    33.7697    33.7718    25.6240    25.6242     8.2779     8.5646    252.225    260.962     2.4737     2.3956     0.1661     3.1264     3.2039     0.0464     0.0061 -123.16796   37.81314      59.61         12  0.000e+00
      29563   1231.750     19.981     20.132    12.0527    12.0579  38.794788  38.799162    12.0501    12.0553    33.7703    33.7698    25.6245    25.6232     8.2779     8.5653    252.226    260.983     2.4737     2.3956     0.1661     3.1264     3.2051     0.0464     0.0061 -123.16796   37.81314      59.54         12  0.000e+00
      29564   1231.792     20.034     20.186    12.0522    12.0524  38.794198  38.794711    12.0496    12.0498    33.7701    33.7704    25.6245    25.6247     8.2781     8.5664    252.231    261.015     2.4737     2.3956     0.1661     3.1264     3.2039     0.0464     0.0061 -123.16796   37.81314      59.54         12  0.000e+00
      29565   1231.833     19.981     20.132    12.0510    12.0480  38.794853  38.792028    12.0484    12.0455    33.7718    33.7718    25.6261    25.6266     8.2782     8.5726    252.232    261.205     2.4737     2.3968     0.1648     3.0959     3.2051     0.0464     0.0061 -123.16796   37.81314      59.54         12  0.000e+00
      29566   1231.875     20.034     20.186    12.0519    12.0451  38.795836  38.790915    12.0493    12.0425    33.7720    33.7734    25.6260    25.6284     8.2831     8.5787    252.384    261.390     2.4750     2.3980     0.1661     3.1264     3.2039     0.0476     0.0061 -123.16796   37.81314      59.54         12  0.000e+00
      29567   1231.917     20.027     20.179    12.0517    12.0451  38.795574  38.788952    12.0491    12.0425    33.7719    33.7715    25.6260    25.6269     8.2832     8.5788    252.385    261.393     2.4750     2.3980     0.1661     3.1264     3.2051     0.0464     0.0061 -123.16796   37.81314      59.54         12  0.000e+00
      29568   1231.958     19.988     20.139    12.0487    12.0444  38.793413  38.787577    12.0461    12.0418    33.7725    33.7708    25.6271    25.6265     8.2887     8.5789    252.554    261.397     2.4762     2.3980     0.1648     3.0959     3.2039     0.0464     0.0061 -123.16796   37.81314      59.54         12  0.000e+00
      29569   1232.000     19.981     20.132    12.0489    12.0416  38.792954  38.786137    12.0463    12.0391    33.7719    33.7719    25.6266    25.6279     8.2887     8.5849    252.554    261.580     2.4762     2.3993     0.1661     3.1264     3.2039     0.0464     0.0061 -123.16796   37.81314      59.51         12  0.000e+00
      29570   1232.042     20.034     20.186    12.0514    12.0425  38.795312  38.786399    12.0488    12.0400    33.7719    33.7713    25.6261    25.6273     8.2883     8.5849    252.542    261.577     2.4762     2.3993     0.1661     3.1264     3.2039     0.0464     0.0061 -123.16796   37.81314      59.51         12  0.000e+00
      29571   1232.083     20.027     20.179    12.0535    12.0456  38.797080  38.787250    12.0510    12.0430    33.7717    33.7694    25.6255    25.6252     8.2930     8.5899    252.685    261.731     2.4774     2.4005     0.1661     3.1264     3.2039     0.0464     0.0061 -123.16796   37.81314      59.51         12  0.000e+00
