West Coast/WCOA-7/CTD_Data/RB2102_CTD_090_01.ros
* Sea-Bird SBE 9 Data File:
* FileName = C:\Users\scs.user.rb\CTD\RB2102\Data\RB2102_CTD_090_01.hex
* Software Version Seasave V 7.26.7.107
* Temperature SN = 6202
* Conductivity SN = 4907
* Number of Bytes Per Scan = 41
* Number of Voltage Words = 4
* Number of Scans Averaged by the Deck Unit = 1
* NMEA Latitude = 37 48.61 N
* NMEA Longitude = 122 30.93 W
* NMEA UTC (Time) = Jul 12 2021  21:28:41
* NMEA baud rate = 4800
# nquan = 30
# nvalues = 485                                   
# units = specified
# name 0 = scan: Scan Count
# name 1 = timeS: Time, Elapsed [seconds]
# name 2 = depSM: Depth [salt water, m]
# name 3 = prDM: Pressure, Digiquartz [db]
# name 4 = t090C: Temperature [ITS-90, deg C]
# name 5 = t190C: Temperature, 2 [ITS-90, deg C]
# name 6 = c0mS/cm: Conductivity [mS/cm]
# name 7 = c1mS/cm: Conductivity, 2 [mS/cm]
# name 8 = potemp090C: Potential Temperature [ITS-90, deg C]
# name 9 = potemp190C: Potential Temperature, 2 [ITS-90, deg C]
# name 10 = sal00: Salinity, Practical [PSU]
# name 11 = sal11: Salinity, Practical, 2 [PSU]
# name 12 = sigma-é00: Density [sigma-theta, kg/m^3]
# name 13 = sigma-é11: Density, 2 [sigma-theta, kg/m^3]
# name 14 = sbeox0Mg/L: Oxygen, SBE 43 [mg/l]
# name 15 = sbeox1Mg/L: Oxygen, SBE 43, 2 [mg/l]
# name 16 = sbox0Mm/Kg: Oxygen, SBE 43 [umol/kg]
# name 17 = sbox1Mm/Kg: Oxygen, SBE 43, 2 [umol/kg]
# name 18 = sbeox0V: Oxygen raw, SBE 43 [V]
# name 19 = sbeox1V: Oxygen raw, SBE 43, 2 [V]
# name 20 = v4: Voltage 4
# name 21 = flECO-AFL: Fluorescence, WET Labs ECO-AFL/FL [mg/m^3]
# name 22 = v3: Voltage 3
# name 23 = v6: Voltage 6
# name 24 = v7: Voltage 7
# name 25 = longitude: Longitude [deg]
# name 26 = latitude: Latitude [deg]
# name 27 = altM: Altimeter [m]
# name 28 = nbf: Bottles Fired
# name 29 = flag:  0.000e+00
# interval = seconds: 0.0416667
# start_time = Jul 12 2021 21:28:41 [NMEA time, header]
# bad_flag = -9.990e-29
*END*
[from data line 49]
      16432    684.625     31.606     31.846    14.9971    14.9964  40.977882  40.977680    14.9924    14.9917    33.2271    33.2275    24.6070    24.6075     7.1219     7.3553    217.218    224.336     2.2967     2.2283     0.1441     2.5770     3.3028     0.0562     0.0891 -122.51558   37.81008       7.28          2  0.000e+00
      16433    684.667     31.653     31.893    14.9974    14.9973  40.977481  40.978350    14.9926    14.9926    33.2265    33.2274    24.6065    24.6072     7.1220     7.3552    217.220    224.333     2.2967     2.2283     0.1453     2.6075     3.3016     0.0562     0.0891 -122.51558   37.81008       7.25          2  0.000e+00
      16434    684.708     31.653     31.893    14.9975    14.9987  40.977615  40.979086    14.9927    14.9939    33.2265    33.2269    24.6065    24.6065     7.1220     7.3550    217.219    224.328     2.2967     2.2283     0.1441     2.5770     3.3028     0.0562     0.0891 -122.51558   37.81008       7.28          2  0.000e+00
      16435    684.750     31.600     31.840    14.9978    14.9995  40.978753  40.979286    14.9931    14.9947    33.2273    33.2264    24.6070    24.6060     7.1170     7.3549    217.068    224.323     2.2955     2.2283     0.1453     2.6075     3.3028     0.0562     0.0891 -122.51558   37.81008       7.28          2  0.000e+00
      16436    684.792     31.706     31.947    14.9988    14.9998  40.979088  40.979554    14.9941    14.9951    33.2267    33.2263    24.6064    24.6058     7.1218     7.3549    217.214    224.324     2.2967     2.2283     0.1453     2.6075     3.3016     0.0574     0.0891 -122.51558   37.81008       7.28          2  0.000e+00
      16437    684.833     31.600     31.840    14.9996    15.0002  40.979355  40.980156    14.9949    14.9955    33.2263    33.2266    24.6059    24.6060     7.1216     7.3547    217.209    224.319     2.2967     2.2283     0.1453     2.6075     3.3016     0.0562     0.0891 -122.51558   37.81008       7.25          2  0.000e+00
      16438    684.875     31.600     31.840    15.0017    15.0009  40.981096  40.980558    14.9970    14.9961    33.2261    33.2263    24.6053    24.6056     7.1213     7.3546    217.200    224.316     2.2967     2.2283     0.1441     2.5770     3.3016     0.0562     0.0891 -122.51558   37.81008       7.25          2  0.000e+00
      16439    684.917     31.653     31.893    15.0034    15.0022  40.981565  40.980892    14.9986    14.9975    33.2251    33.2255    24.6041    24.6047     7.1212     7.3545    217.195    224.313     2.2967     2.2283     0.1453     2.6075     3.3016     0.0562     0.0891 -122.51558   37.81008       7.25          2  0.000e+00
      16440    684.958     31.653     31.893    15.0046    15.0034  40.982167  40.982030    14.9998    14.9987    33.2246    33.2255    24.6035    24.6044     7.1210     7.3543    217.191    224.307     2.2967     2.2283     0.1453     2.6075     3.3016     0.0562     0.0891 -122.51558   37.81008       7.23          2  0.000e+00
      16441    685.000     31.606     31.846    15.0056    15.0051  40.982569  40.982966    15.0009    15.0004    33.2242    33.2249    24.6029    24.6036     7.1208     7.3541    217.186    224.299     2.2967     2.2283     0.1453     2.6075     3.3016     0.0562     0.0891 -122.51558   37.81008       7.23          2  0.000e+00
      16442    685.042     31.653     31.893    15.0064    15.0063  40.983439  40.983970    15.0017    15.0015    33.2242    33.2248    24.6028    24.6033     7.1208     7.3539    217.183    224.295     2.2967     2.2283     0.1441     2.5770     3.3028     0.0562     0.0891 -122.51558   37.81008       7.23          2  0.000e+00
      16443    685.083     31.653     31.893    15.0081    15.0073  40.984310  40.984439    15.0033    15.0026    33.2236    33.2244    24.6019    24.6027     7.1205     7.3538    217.177    224.291     2.2967     2.2283     0.1453     2.6075     3.3016     0.0562     0.0891 -122.51558   37.81008       7.23          2  0.000e+00
      16444    685.125     31.653     31.893    15.0088    15.0073  40.984711  40.984573    15.0041    15.0026    33.2233    33.2245    24.6016    24.6028     7.1204     7.3486    217.174    224.132     2.2967     2.2271     0.1465     2.6380     3.3016     0.0562     0.0891 -122.51558   37.81008       7.23          2  0.000e+00
      16445    685.167     31.600     31.840    15.0100    15.0073  40.985849  40.984372    15.0053    15.0026    33.2234    33.2243    24.6014    24.6027     7.1202     7.3485    217.168    224.130     2.2967     2.2271     0.1477     2.6685     3.3016     0.0562     0.0891 -122.51558   37.81008       7.23          2  0.000e+00
      16446    685.208     31.606     31.846    15.0115    15.0076  40.986184  40.984505    15.0067    15.0029    33.2224    33.2242    24.6003    24.6025     7.1249     7.3485    217.309    224.129     2.2979     2.2271     0.1490     2.6991     3.3016     0.0574     0.0891 -122.51558   37.81008       7.23          2  0.000e+00
      16447    685.250     31.653     31.893    15.0125    15.0078  40.987055  40.985108    15.0078    15.0031    33.2223    33.2245    24.6000    24.6027     7.1248     7.3485    217.306    224.129     2.2979     2.2271     0.1490     2.6991     3.3028     0.0562     0.0891 -122.51558   37.81008       7.23          2  0.000e+00
      16448    685.292     31.600     31.840    15.0135    15.0083  40.987523  40.985308    15.0087    15.0036    33.2219    33.2243    24.5995    24.6025     7.1198     7.3536    217.155    224.284     2.2967     2.2283     0.1490     2.6991     3.3016     0.0562     0.0891 -122.51558   37.81008       7.23          2  0.000e+00
      16449    685.333     31.653     31.893    15.0142    15.0095  40.987389  40.986112    15.0094    15.0047    33.2212    33.2240    24.5988    24.6020     7.1198     7.3482    217.154    224.122     2.2967     2.2271     0.1490     2.6991     3.3016     0.0562     0.0891 -122.51558   37.81008       7.23          2  0.000e+00
      16450    685.375     31.600     31.840    15.0153    15.0099  40.988326  40.986044    15.0106    15.0051    33.2211    33.2236    24.5984    24.6016     7.1244     7.3482    217.294    224.119     2.2979     2.2271     0.1490     2.6991     3.3028     0.0562     0.0891 -122.51558   37.81008       7.23          2  0.000e+00
      16451    685.417     31.653     31.893    15.0162    15.0100  40.988661  40.985978    15.0115    15.0053    33.2206    33.2235    24.5979    24.6014     7.1195     7.3482    217.146    224.120     2.2967     2.2271     0.1490     2.6991     3.3016     0.0562     0.0891 -122.51558   37.81008       7.23          2  0.000e+00
      16452    685.458     31.600     31.840    15.0174    15.0102  40.989465  40.986245    15.0127    15.0054    33.2203    33.2236    24.5974    24.6015     7.1241     7.3481    217.286    224.118     2.2979     2.2271     0.1490     2.6991     3.3016     0.0562     0.0891 -122.51558   37.81008       7.23          2  0.000e+00
      16453    685.500     31.600     31.840    15.0172    15.0103  40.989532  40.986580    15.0124    15.0056    33.2206    33.2237    24.5977    24.6016     7.1241     7.3481    217.287    224.117     2.2979     2.2271     0.1490     2.6991     3.3016     0.0562     0.0891 -122.51558   37.81008       7.23          2  0.000e+00
      16454    685.542     31.653     31.893    15.0164    15.0107  40.988862  40.986714    15.0117    15.0060    33.2206    33.2235    24.5979    24.6014     7.1243     7.3481    217.292    224.117     2.2979     2.2271     0.1490     2.6991     3.3016     0.0574     0.0891 -122.51558   37.81008       7.25          2  0.000e+00
      16455    685.583     31.653     31.893    15.0155    15.0119  40.988193  40.987182    15.0108    15.0072    33.2208    33.2229    24.5982    24.6006     7.1244     7.3531    217.295    224.271     2.2979     2.2283     0.1490     2.6991     3.3016     0.0562     0.0891 -122.51558   37.81008       7.23          2  0.000e+00
      16456    685.625     31.553     31.793    15.0154    15.0129  40.988527  40.987717    15.0106    15.0082    33.2212    33.2226    24.5986    24.6002     7.1243     7.3529    217.292    224.264     2.2979     2.2283     0.1477     2.6685     3.3028     0.0562     0.0879 -122.51558   37.81008       7.23          2  0.000e+00
      16457    685.667     31.653     31.893    15.0155    15.0122  40.988661  40.987450    15.0108    15.0075    33.2212    33.2229    24.5985    24.6006     7.1244     7.3531    217.295    224.270     2.2979     2.2283     0.1490     2.6991     3.3016     0.0562     0.0891 -122.51558   37.81008       7.23          2  0.000e+00
      16458    685.708     31.553     31.793    15.0159    15.0119  40.988996  40.987115    15.0112    15.0072    33.2212    33.2229    24.5984    24.6006     7.1242     7.3530    217.290    224.268     2.2979     2.2283     0.1490     2.6991     3.3016     0.0562     0.0891 -122.51558   37.81008       7.23          2  0.000e+00
      16459    685.750     31.653     31.893    15.0165    15.0122  40.989331  40.987249    15.0118    15.0075    33.2209    33.2227    24.5981    24.6004     7.1242     7.3531    217.291    224.270     2.2979     2.2283     0.1490     2.6991     3.3016     0.0562     0.0891 -122.51558   37.81008       7.23          2  0.000e+00
      16460    685.792     31.606     31.846    15.0166    15.0129  40.988862  40.988186    15.0118    15.0082    33.2205    33.2230    24.5977    24.6005     7.1242     7.3529    217.290    224.265     2.2979     2.2283     0.1490     2.6991     3.3016     0.0562     0.0891 -122.51558   37.81008       7.23          2  0.000e+00
      16461    685.833     31.553     31.793    15.0162    15.0136  40.988661  40.988453    15.0115    15.0089    33.2207    33.2227    24.5980    24.6001     7.1242     7.3528    217.290    224.261     2.2979     2.2283     0.1490     2.6991     3.3016     0.0562     0.0891 -122.51558   37.81008       7.23          2  0.000e+00
      16462    685.875     31.600     31.840    15.0157    15.0128  40.988460  40.987650    15.0110    15.0080    33.2209    33.2226    24.5982    24.6002     7.1243     7.3529    217.293    224.266     2.2979     2.2283     0.1477     2.6685     3.3028     0.0562     0.0891 -122.51558   37.81008       7.23          2  0.000e+00
      16463    685.917     31.600     31.840    15.0149    15.0129  40.987791  40.987918    15.0101    15.0082    33.2210    33.2228    24.5985    24.6003     7.1244     7.3529    217.296    224.265     2.2979     2.2283     0.1490     2.6991     3.3028     0.0562     0.0891 -122.51558   37.81008       7.25          2  0.000e+00
      16464    685.958     31.600     31.840    15.0128    15.0134  40.986318  40.988320    15.0081    15.0087    33.2214    33.2227    24.5993    24.6001     7.1247     7.3528    217.305    224.263     2.2979     2.2283     0.1477     2.6685     3.3028     0.0574     0.0891 -122.51558   37.81008       7.25          2  0.000e+00
      16465    686.000     31.606     31.846    15.0115    15.0139  40.985916  40.988721    15.0067    15.0092    33.2222    33.2226    24.6001    24.5999     7.1249     7.3528    217.310    224.261     2.2979     2.2283     0.1490     2.6991     3.3016     0.0562     0.0891 -122.51558   37.81008       7.25          2  0.000e+00
      16466    686.042     31.600     31.840    15.0113    15.0138  40.985782  40.988654    15.0066    15.0091    33.2222    33.2227    24.6002    24.6000     7.1249     7.3528    217.310    224.261     2.2979     2.2283     0.1490     2.6991     3.3028     0.0562     0.0891 -122.51558   37.81008       7.25          2  0.000e+00
      16467    686.083     31.553     31.793    15.0108    15.0132  40.985849  40.987985    15.0061    15.0085    33.2227    33.2226    24.6007    24.6000     7.1249     7.3528    217.310    224.262     2.2979     2.2283     0.1477     2.6685     3.3016     0.0562     0.0891 -122.51558   37.81008       7.23          2  0.000e+00
      16468    686.125     31.600     31.840    15.0103    15.0125  40.985648  40.987784    15.0056    15.0078    33.2229    33.2230    24.6010    24.6005     7.1250     7.3530    217.313    224.266     2.2979     2.2283     0.1490     2.6991     3.3016     0.0562     0.0891 -122.51558   37.81008       7.23          2  0.000e+00
      16469    686.167     31.553     31.793    15.0101    15.0114  40.985715  40.987182    15.0054    15.0067    33.2232    33.2234    24.6012    24.6011     7.1250     7.3531    217.313    224.270     2.2979     2.2283     0.1490     2.6991     3.3016     0.0562     0.0891 -122.51558   37.81008       7.25          2  0.000e+00
      16470    686.208     31.606     31.846    15.0105    15.0107  40.985849  40.986781    15.0057    15.0060    33.2230    33.2236    24.6010    24.6014     7.1298     7.3532    217.459    224.274     2.2991     2.2283     0.1490     2.6991     3.3028     0.0562     0.0891 -122.51558   37.81008       7.28          2  0.000e+00
      16471    686.250     31.600     31.840    15.0108    15.0105  40.986117  40.986714    15.0061    15.0058    33.2229    33.2237    24.6009    24.6015     7.1297     7.3585    217.458    224.434     2.2991     2.2295     0.1490     2.6991     3.3028     0.0562     0.0891 -122.51558   37.81008       7.28          2  0.000e+00
      16472    686.292     31.553     31.793    15.0103    15.0112  40.985380  40.987517    15.0056    15.0065    33.2227    33.2239    24.6008    24.6015     7.1298     7.3531    217.459    224.270     2.2991     2.2283     0.1502     2.7296     3.3016     0.0562     0.0891 -122.51558   37.81008       7.28          2  0.000e+00
      16473    686.333     31.600     31.840    15.0096    15.0121  40.985113  40.987985    15.0049    15.0073    33.2230    33.2235    24.6012    24.6011     7.1299     7.3582    217.463    224.427     2.2991     2.2295     0.1502     2.7296     3.3028     0.0562     0.0891 -122.51558   37.81008       7.28          2  0.000e+00
      16474    686.375     31.560     31.800    15.0086    15.0126  40.984644  40.988119    15.0039    15.0079    33.2235    33.2232    24.6017    24.6007     7.1300     7.3581    217.465    224.423     2.2991     2.2295     0.1502     2.7296     3.3016     0.0562     0.0891 -122.51558   37.81008       7.28          2  0.000e+00
      16475    686.417     31.553     31.793    15.0083    15.0127  40.984376  40.988119    15.0035    15.0080    33.2235    33.2231    24.6019    24.6006     7.1300     7.3581    217.467    224.423     2.2991     2.2295     0.1502     2.7296     3.3016     0.0562     0.0891 -122.51558   37.81008       7.28          2  0.000e+00
      16476    686.458     31.553     31.793    15.0083    15.0125  40.984443  40.987851    15.0036    15.0078    33.2236    33.2230    24.6019    24.6006     7.1300     7.3581    217.467    224.424     2.2991     2.2295     0.1502     2.7296     3.3016     0.0574     0.0891 -122.51558   37.81008       7.28          2  0.000e+00
      16477    686.500     31.553     31.793    15.0081    15.0122  40.983907  40.987784    15.0034    15.0075    33.2232    33.2233    24.6017    24.6008     7.1301     7.3582    217.468    224.425     2.2991     2.2295     0.1490     2.6991     3.3016     0.0562     0.0891 -122.51558   37.81008       7.28          2  0.000e+00
      16478    686.542     31.600     31.840    15.0074    15.0128  40.984176  40.988253    15.0027    15.0080    33.2241    33.2232    24.6025    24.6006     7.1302     7.3581    217.471    224.424     2.2991     2.2295     0.1502     2.7296     3.3028     0.0562     0.0891 -122.51558   37.81008       7.28          2  0.000e+00
