West Coast/WCOA-7/CTD_Data/RB2102_CTD_025_01.ros
* Sea-Bird SBE 9 Data File:
* FileName = C:\Users\scs.user.rb\CTD\RB2102\Data\RB2102_CTD_025_01.hex
* Software Version Seasave V 7.26.7.107
* Temperature SN = 6202
* Conductivity SN = 4907
* Number of Bytes Per Scan = 41
* Number of Voltage Words = 4
* Number of Scans Averaged by the Deck Unit = 1
* NMEA Latitude = 47 38.26 N
* NMEA Longitude = 124 29.27 W
* NMEA UTC (Time) = Jun 29 2021  21:29:49
* NMEA baud rate = 4800
# nquan = 30
# nvalues = 343                                   
# units = specified
# name 0 = scan: Scan Count
# name 1 = timeS: Time, Elapsed [seconds]
# name 2 = depSM: Depth [salt water, m]
# name 3 = prDM: Pressure, Digiquartz [db]
# name 4 = t090C: Temperature [ITS-90, deg C]
# name 5 = t190C: Temperature, 2 [ITS-90, deg C]
# name 6 = c0mS/cm: Conductivity [mS/cm]
# name 7 = c1mS/cm: Conductivity, 2 [mS/cm]
# name 8 = potemp090C: Potential Temperature [ITS-90, deg C]
# name 9 = potemp190C: Potential Temperature, 2 [ITS-90, deg C]
# name 10 = sal00: Salinity, Practical [PSU]
# name 11 = sal11: Salinity, Practical, 2 [PSU]
# name 12 = sigma-é00: Density [sigma-theta, kg/m^3]
# name 13 = sigma-é11: Density, 2 [sigma-theta, kg/m^3]
# name 14 = sbeox0Mg/L: Oxygen, SBE 43 [mg/l]
# name 15 = sbeox1Mg/L: Oxygen, SBE 43, 2 [mg/l]
# name 16 = sbox0Mm/Kg: Oxygen, SBE 43 [umol/kg]
# name 17 = sbox1Mm/Kg: Oxygen, SBE 43, 2 [umol/kg]
# name 18 = sbeox0V: Oxygen raw, SBE 43 [V]
# name 19 = sbeox1V: Oxygen raw, SBE 43, 2 [V]
# name 20 = v4: Voltage 4
# name 21 = flECO-AFL: Fluorescence, WET Labs ECO-AFL/FL [mg/m^3]
# name 22 = v3: Voltage 3
# name 23 = v6: Voltage 6
# name 24 = v7: Voltage 7
# name 25 = longitude: Longitude [deg]
# name 26 = latitude: Latitude [deg]
# name 27 = altM: Altimeter [m]
# name 28 = nbf: Bottles Fired
# name 29 = flag:  0.000e+00
# interval = seconds: 0.0416667
# start_time = Jun 29 2021 21:29:49 [NMEA time, header]
# bad_flag = -9.990e-29
*END*
[from data line 291]
      21750    906.208      3.506      3.536    15.6149    15.6082  39.899940  39.893583    15.6144    15.6077    31.7605    31.7602    23.3426    23.3439    12.3626    11.8227    377.526    361.037     3.6508     3.2967     0.1123     1.7833     3.1526     1.1074     0.0000 -124.48668   47.63756      20.39          6  0.000e+00
      21751    906.250      3.506      3.536    15.6156    15.6014  39.900072  39.892790    15.6150    15.6009    31.7600    31.7650    23.3421    23.3490    12.3625    11.8241    377.522    361.077     3.6508     3.2967     0.1123     1.7833     3.1514     1.1062     0.0000 -124.48668   47.63756      20.37          6  0.000e+00
      21752    906.292      3.506      3.536    15.6178    15.5965  39.899873  39.891864    15.6172    15.5959    31.7581    31.7681    23.3402    23.3526    12.3573    11.8251    377.365    361.107     3.6496     3.2967     0.1123     1.7833     3.1514     1.1074     0.0000 -124.48668   47.63756      20.37          6  0.000e+00
      21916    913.125      3.083      3.109    15.6790    15.7215  39.923648  39.947735    15.6785    15.7210    31.7301    31.7173    23.3051    23.2859    12.2244    11.6525    373.318    355.860     3.6190     3.2625     0.1026     1.5391     3.1514     1.1074     0.0000 -124.48668   47.63754      21.12          7  0.000e+00
      21917    913.167      3.162      3.189    15.6636    15.7114  39.916030  39.938530    15.6631    15.7109    31.7357    31.7172    23.3128    23.2881    12.2279    11.6551    373.422    355.939     3.6190     3.2625     0.1026     1.5391     3.1514     1.1074     0.0000 -124.48668   47.63754      21.10          7  0.000e+00
      21918    913.208      3.116      3.142    15.6592    15.6998  39.908743  39.929193    15.6587    15.6993    31.7328    31.7183    23.3116    23.2915    12.2292    11.6579    373.460    356.021     3.6190     3.2625     0.1026     1.5391     3.1526     1.1074     0.0000 -124.48668   47.63754      21.03          7  0.000e+00
      21919    913.250      3.116      3.142    15.6560    15.6901  39.903046  39.922770    15.6555    15.6896    31.7303    31.7204    23.3104    23.2953    12.2301    11.6549    373.490    355.930     3.6190     3.2613     0.1026     1.5391     3.1514     1.1074     0.0000 -124.48668   47.63754      21.00          7  0.000e+00
      21920    913.292      3.261      3.289    15.6413    15.6824  39.897352  39.918004    15.6408    15.6819    31.7371    31.7223    23.3188    23.2984    12.2382    11.6621    373.735    356.147     3.6203     3.2625     0.1026     1.5391     3.1514     1.1074     0.0000 -124.48668   47.63754      21.00          7  0.000e+00
      21921    913.333      3.162      3.189    15.6165    15.6759  39.891260  39.914032    15.6160    15.6754    31.7516    31.7240    23.3355    23.3012    12.2431    11.6582    373.878    356.029     3.6203     3.2613     0.1026     1.5391     3.1514     1.1062     0.0000 -124.48668   47.63754      21.00          7  0.000e+00
      21922    913.375      3.162      3.189    15.6034    15.6826  39.891196  39.916216    15.6029    15.6821    31.7621    31.7206    23.3464    23.2971    12.2456    11.6568    373.949    355.988     3.6203     3.2613     0.1026     1.5391     3.1526     1.1062     0.0000 -124.48668   47.63754      21.00          7  0.000e+00
      21923    913.417      3.261      3.289    15.6123    15.6824  39.896494  39.917077    15.6119    15.6819    31.7596    31.7215    23.3425    23.2978    12.2437    11.6570    373.893    355.991     3.6203     3.2613     0.1026     1.5391     3.1502     1.1074     0.0000 -124.48668   47.63754      21.00          7  0.000e+00
      21924    913.458      3.215      3.242    15.6240    15.6734  39.899606  39.912774    15.6235    15.6729    31.7529    31.7249    23.3348    23.3024    12.2460    11.6589    373.967    356.048     3.6215     3.2613     0.1026     1.5391     3.1526     1.1074     0.0000 -124.48668   47.63754      20.98          7  0.000e+00
      21925    913.500      3.228      3.256    15.6389    15.6684  39.902916  39.910325    15.6384    15.6679    31.7439    31.7267    23.3246    23.3049    12.2430    11.6600    373.880    356.081     3.6215     3.2613     0.1026     1.5391     3.1502     1.1074     0.0000 -124.48668   47.63754      20.98          7  0.000e+00
      21926    913.542      3.261      3.289    15.6367    15.6570  39.902321  39.907943    15.6362    15.6565    31.7452    31.7338    23.3260    23.3129    12.2435    11.6572    373.894    355.993     3.6215     3.2601     0.1026     1.5391     3.1514     1.1074     0.0000 -124.48668   47.63754      20.98          7  0.000e+00
      21927    913.583      3.215      3.242    15.6220    15.6449  39.898414  39.904369    15.6215    15.6444    31.7535    31.7404    23.3357    23.3206    12.2465    11.6648    373.980    356.222     3.6215     3.2613     0.1026     1.5391     3.1526     1.1074     0.0000 -124.48668   47.63754      20.98          7  0.000e+00
      21928    913.625      3.308      3.336    15.6093    15.6408  39.897356  39.902648    15.6088    15.6403    31.7627    31.7421    23.3456    23.3228    12.2538    11.6606    374.201    356.095     3.6227     3.2601     0.1026     1.5391     3.1526     1.1074     0.0000 -124.48668   47.63754      20.98          7  0.000e+00
      21929    913.667      3.261      3.289    15.6017    15.6462  39.896231  39.903641    15.6012    15.6457    31.7679    31.7386    23.3512    23.3189    12.2552    11.6595    374.243    356.061     3.6227     3.2601     0.1026     1.5391     3.1526     1.1074     0.0000 -124.48668   47.63754      20.98          7  0.000e+00
      21930    913.708      3.308      3.336    15.5959    15.6486  39.896165  39.903905    15.5954    15.6481    31.7725    31.7370    23.3560    23.3171    12.2564    11.6539    374.276    355.892     3.6227     3.2589     0.1026     1.5391     3.1526     1.1074     0.0000 -124.48668   47.63754      20.93          7  0.000e+00
      21931    913.750      3.308      3.336    15.5933    15.6394  39.896563  39.901655    15.5928    15.6389    31.7750    31.7423    23.3585    23.3233    12.2521    11.6610    374.144    356.105     3.6215     3.2601     0.1026     1.5391     3.1514     1.1074     0.0000 -124.48668   47.63754      20.90          7  0.000e+00
      21932    913.792      3.361      3.389    15.5914    15.6268  39.897359  39.898612    15.5909    15.6263    31.7772    31.7498    23.3606    23.3318    12.2573    11.6636    374.301    356.183     3.6227     3.2601     0.1026     1.5391     3.1514     1.1074     0.0000 -124.48668   47.63754      20.90          7  0.000e+00
      21933    913.833      3.361      3.389    15.5902    15.6173  39.897425  39.896031    15.5896    15.6168    31.7782    31.7552    23.3617    23.3380    12.2575    11.6656    374.307    356.241     3.6227     3.2601     0.1026     1.5391     3.1514     1.1074     0.0000 -124.48668   47.63754      20.90          7  0.000e+00
      21934    913.875      3.374      3.402    15.5886    15.6108  39.897094  39.894245    15.5880    15.6103    31.7792    31.7588    23.3628    23.3422    12.2578    11.6669    374.317    356.281     3.6227     3.2601     0.1026     1.5391     3.1514     1.1074     0.0000 -124.48668   47.63754      20.90          7  0.000e+00
      21935    913.917      3.361      3.389    15.5870    15.6060  39.898022  39.892458    15.5865    15.6055    31.7813    31.7611    23.3647    23.3450    12.2580    11.6628    374.323    356.152     3.6227     3.2589     0.1026     1.5391     3.1514     1.1074     0.0000 -124.48668   47.63754      20.90          7  0.000e+00
      21936    913.958      3.361      3.389    15.5869    15.6042  39.897558  39.891730    15.5864    15.6037    31.7810    31.7619    23.3645    23.3461    12.2533    11.6632    374.179    356.164     3.6215     3.2589     0.1026     1.5391     3.1502     1.1074     0.0000 -124.48668   47.63754      20.78          7  0.000e+00
      21937    914.000      3.407      3.436    15.5872    15.6055  39.898154  39.891068    15.5867    15.6050    31.7813    31.7602    23.3647    23.3444    12.2533    11.6630    374.178    356.160     3.6215     3.2589     0.1026     1.5391     3.1502     1.1074     0.0000 -124.48668   47.63754      20.76          7  0.000e+00
      21938    914.042      3.407      3.436    15.5855    15.6079  39.897558  39.889346    15.5850    15.6074    31.7821    31.7568    23.3657    23.3413    12.2489    11.6627    374.043    356.151     3.6203     3.2589     0.1026     1.5391     3.1526     1.1074     0.0000 -124.48668   47.63754      20.78          7  0.000e+00
      21939    914.083      3.453      3.482    15.5817    15.6072  39.897095  39.888684    15.5811    15.6067    31.7847    31.7567    23.3686    23.3414    12.2497    11.6681    374.067    356.316     3.6203     3.2601     0.1026     1.5391     3.1514     1.1074     0.0000 -124.48668   47.63754      20.78          7  0.000e+00
      21940    914.125      3.407      3.436    15.5799    15.6035  39.897029  39.889545    15.5794    15.6030    31.7861    31.7605    23.3700    23.3451    12.2452    11.6635    373.928    356.175     3.6190     3.2589     0.1026     1.5391     3.1514     1.1074     0.0000 -124.48668   47.63754      20.76          7  0.000e+00
      21941    914.167      3.453      3.482    15.5783    15.6023  39.896168  39.892458    15.5777    15.6018    31.7867    31.7640    23.3708    23.3481    12.2408    11.6636    373.796    356.177     3.6178     3.2589     0.1026     1.5391     3.1514     1.1074     0.0000 -124.48668   47.63754      20.76          7  0.000e+00
      21942    914.208      3.453      3.482    15.5784    15.6011  39.896168  39.894643    15.5779    15.6006    31.7865    31.7669    23.3707    23.3506    12.2408    11.6637    373.795    356.179     3.6178     3.2589     0.1026     1.5391     3.1514     1.1074     0.0000 -124.48668   47.63754      20.76          7  0.000e+00
      21943    914.250      3.420      3.449    15.5791    15.6007  39.896830  39.895967    15.5786    15.6002    31.7866    31.7684    23.3705    23.3518    12.2358    11.6585    373.642    356.019     3.6166     3.2576     0.1026     1.5391     3.1502     1.1074     0.0000 -124.48668   47.63754      20.76          7  0.000e+00
      21944    914.292      3.506      3.536    15.5799    15.5994  39.897228  39.896696    15.5794    15.5988    31.7862    31.7701    23.3701    23.3534    12.2310    11.6588    373.495    356.028     3.6154     3.2576     0.1026     1.5391     3.1514     1.1074     0.0000 -124.48668   47.63754      20.76          7  0.000e+00
      21945    914.333      3.506      3.536    15.5806    15.5977  39.897096  39.898087    15.5801    15.5971    31.7856    31.7727    23.3694    23.3558    12.2309    11.6590    373.492    356.035     3.6154     3.2576     0.1026     1.5391     3.1514     1.1074     0.0000 -124.48668   47.63754      20.73          7  0.000e+00
      21946    914.375      3.453      3.482    15.5817    15.5920  39.897029  39.898286    15.5811    15.5915    31.7847    31.7774    23.3685    23.3607    12.2258    11.6600    373.338    356.063     3.6142     3.2576     0.1026     1.5391     3.1514     1.1074     0.0000 -124.48668   47.63754      20.73          7  0.000e+00
      21947    914.417      3.506      3.536    15.5820    15.5856  39.896632  39.896764    15.5814    15.5851    31.7841    31.7813    23.3680    23.3650    12.2211    11.6614    373.194    356.104     3.6129     3.2576     0.1026     1.5391     3.1514     1.1074     0.0000 -124.48668   47.63754      20.73          7  0.000e+00
      21948    914.458      3.506      3.536    15.5808    15.5806  39.895572  39.895639    15.5802    15.5801    31.7841    31.7843    23.3683    23.3684    12.2214    11.6572    373.203    355.976     3.6129     3.2564     0.1026     1.5391     3.1514     1.1074     0.0000 -124.48668   47.63754      20.66          7  0.000e+00
      21949    914.500      3.506      3.536    15.5796    15.5783  39.894512  39.895176    15.5791    15.5778    31.7841    31.7857    23.3685    23.3701    12.2169    11.6577    373.066    355.989     3.6117     3.2564     0.1026     1.5391     3.1514     1.1074     0.0000 -124.48668   47.63754      20.61          7  0.000e+00
      21950    914.542      3.506      3.536    15.5789    15.5774  39.894115  39.894845    15.5784    15.5769    31.7843    31.7861    23.3688    23.3706    12.2123    11.6579    372.925    355.995     3.6105     3.2564     0.1026     1.5391     3.1526     1.1074     0.0000 -124.48668   47.63754      20.63          7  0.000e+00
      21951    914.583      3.519      3.549    15.5791    15.5773  39.893386  39.894845    15.5786    15.5767    31.7835    31.7863    23.3682    23.3707    12.2076    11.6528    372.780    355.838     3.6093     3.2552     0.1026     1.5391     3.1526     1.1074     0.0000 -124.48668   47.63754      20.63          7  0.000e+00
      21952    914.625      3.506      3.536    15.5801    15.5780  39.893452  39.894249    15.5796    15.5774    31.7827    31.7852    23.3674    23.3697    12.2026    11.6527    372.628    355.835     3.6081     3.2552     0.1026     1.5391     3.1502     1.1074     0.0000 -124.48668   47.63754      20.63          7  0.000e+00
      21953    914.667      3.552      3.582    15.5806    15.5780  39.893452  39.894051    15.5801    15.5774    31.7823    31.7850    23.3669    23.3696    12.1978    11.6476    372.482    355.680     3.6068     3.2540     0.1026     1.5391     3.1526     1.1074     0.0000 -124.48668   47.63754      20.61          7  0.000e+00
      21954    914.708      3.506      3.536    15.5808    15.5785  39.893519  39.894315    15.5802    15.5779    31.7823    31.7848    23.3669    23.3693    12.1929    11.6474    372.333    355.675     3.6056     3.2540     0.1026     1.5391     3.1502     1.1074     0.0000 -124.48668   47.63754      20.56          7  0.000e+00
      21955    914.750      3.552      3.582    15.5809    15.5783  39.894049  39.894117    15.5804    15.5778    31.7826    31.7848    23.3671    23.3693    12.1929    11.6475    372.333    355.678     3.6056     3.2540     0.1026     1.5391     3.1514     1.1074     0.0000 -124.48668   47.63754      20.54          7  0.000e+00
      21956    914.792      3.506      3.536    15.5811    15.5776  39.894446  39.893389    15.5806    15.5771    31.7828    31.7847    23.3672    23.3694    12.1880    11.6425    372.183    355.523     3.6044     3.2527     0.1026     1.5391     3.1514     1.1087     0.0000 -124.48668   47.63754      20.56          7  0.000e+00
      21957    914.833      3.552      3.582    15.5813    15.5764  39.894777  39.893058    15.5808    15.5759    31.7829    31.7854    23.3672    23.3702    12.1880    11.6428    372.184    355.533     3.6044     3.2527     0.1026     1.5391     3.1526     1.1074     0.0000 -124.48668   47.63754      20.56          7  0.000e+00
      21958    914.875      3.552      3.582    15.5806    15.5744  39.895175  39.893058    15.5801    15.5738    31.7839    31.7870    23.3681    23.3719    12.1833    11.6380    372.041    355.386     3.6032     3.2515     0.1026     1.5391     3.1514     1.1074     0.0000 -124.48668   47.63754      20.56          7  0.000e+00
      21959    914.917      3.552      3.582    15.5803    15.5721  39.895771  39.892728    15.5797    15.5716    31.7847    31.7885    23.3688    23.3736    12.1834    11.6384    372.041    355.399     3.6032     3.2515     0.1026     1.5391     3.1514     1.1074     0.0000 -124.48668   47.63754      20.56          7  0.000e+00
