West Coast/WCOA-7/CTD_Data/RB2102_CTD_027_01.ros
* Sea-Bird SBE 9 Data File:
* FileName = C:\Users\scs.user.rb\CTD\RB2102\Data\RB2102_CTD_027_01.hex
* Software Version Seasave V 7.26.7.107
* Temperature SN = 6202
* Conductivity SN = 4907
* Number of Bytes Per Scan = 41
* Number of Voltage Words = 4
* Number of Scans Averaged by the Deck Unit = 1
* NMEA Latitude = 46 14.52 N
* NMEA Longitude = 124 07.03 W
* NMEA UTC (Time) = Jun 30 2021  18:21:42
* NMEA baud rate = 4800
# nquan = 30
# nvalues = 637                                   
# units = specified
# name 0 = scan: Scan Count
# name 1 = timeS: Time, Elapsed [seconds]
# name 2 = depSM: Depth [salt water, m]
# name 3 = prDM: Pressure, Digiquartz [db]
# name 4 = t090C: Temperature [ITS-90, deg C]
# name 5 = t190C: Temperature, 2 [ITS-90, deg C]
# name 6 = c0mS/cm: Conductivity [mS/cm]
# name 7 = c1mS/cm: Conductivity, 2 [mS/cm]
# name 8 = potemp090C: Potential Temperature [ITS-90, deg C]
# name 9 = potemp190C: Potential Temperature, 2 [ITS-90, deg C]
# name 10 = sal00: Salinity, Practical [PSU]
# name 11 = sal11: Salinity, Practical, 2 [PSU]
# name 12 = sigma-é00: Density [sigma-theta, kg/m^3]
# name 13 = sigma-é11: Density, 2 [sigma-theta, kg/m^3]
# name 14 = sbeox0Mg/L: Oxygen, SBE 43 [mg/l]
# name 15 = sbeox1Mg/L: Oxygen, SBE 43, 2 [mg/l]
# name 16 = sbox0Mm/Kg: Oxygen, SBE 43 [umol/kg]
# name 17 = sbox1Mm/Kg: Oxygen, SBE 43, 2 [umol/kg]
# name 18 = sbeox0V: Oxygen raw, SBE 43 [V]
# name 19 = sbeox1V: Oxygen raw, SBE 43, 2 [V]
# name 20 = v4: Voltage 4
# name 21 = flECO-AFL: Fluorescence, WET Labs ECO-AFL/FL [mg/m^3]
# name 22 = v3: Voltage 3
# name 23 = v6: Voltage 6
# name 24 = v7: Voltage 7
# name 25 = longitude: Longitude [deg]
# name 26 = latitude: Latitude [deg]
# name 27 = altM: Altimeter [m]
# name 28 = nbf: Bottles Fired
# name 29 = flag:  0.000e+00
# interval = seconds: 0.0416667
# start_time = Jun 30 2021 18:21:42 [NMEA time, header]
# bad_flag = -9.990e-29
*END*
[from data line 484]
      24602   1025.042      4.021      4.055    17.6445    17.5895  21.505491  21.818773    17.6439    17.5889    15.2829    15.5471    10.3099    10.5225     9.2938     8.7637    287.472    271.017     2.7289     2.4603     0.2027     4.0422     3.1123     0.6190     0.0000 -124.11890   46.24454      15.21         10  0.000e+00
      24603   1025.083      4.021      4.055    17.6435    17.5912  21.550777  21.810331    17.6429    17.5907    15.3184    15.5399    10.3372    10.5166     9.2920     8.7637    287.409    271.021     2.7289     2.4603     0.2027     4.0422     3.1123     0.6190     0.0000 -124.11890   46.24454      15.21         10  0.000e+00
      24604   1025.125      4.035      4.068    17.6340    17.6045  21.644398  21.740245    17.6334    17.6039    15.3947    15.4803    10.3971    10.4685     9.2845     8.7644    287.159    271.055     2.7277     2.4603     0.2027     4.0422     3.1136     0.6190     0.0000 -124.11890   46.24454      15.12         10  0.000e+00
      24605   1025.167      4.121      4.155    17.6209    17.6146  21.721591  21.682295    17.6203    17.6140    15.4596    15.4314    10.4493    10.4292     9.2784     8.7598    286.955    270.921     2.7265     2.4591     0.2027     4.0422     3.1148     0.6190     0.0000 -124.11890   46.24454      14.99         10  0.000e+00
      24606   1025.208      4.021      4.055    17.6079    17.6166  21.780973  21.673133    17.6073    17.6160    15.5107    15.4236    10.4909    10.4228     9.2728     8.7652    286.770    271.090     2.7253     2.4603     0.2027     4.0422     3.1136     0.6190     0.0000 -124.11890   46.24454      14.99         10  0.000e+00
      24607   1025.250      3.975      4.008    17.5935    17.6141  21.852834  21.694197    17.5929    17.6136    15.5721    15.4409    10.5407    10.4365     9.2720     8.7592    286.732    270.901     2.7253     2.4591     0.2027     4.0422     3.1148     0.6190     0.0000 -124.11890   46.24454      14.99         10  0.000e+00
      24683   1028.417      3.386      3.414    16.6885    17.1195  26.812971  24.288801    16.6880    17.1190    19.9220    17.6852    14.0451    12.2491     9.1076     8.7102    280.675    268.903     2.7033     2.4542     0.1990     3.9506     3.1245     0.6190     0.0000 -124.11890   46.24456      14.48         11  0.000e+00
      24684   1028.458      3.486      3.514    16.7062    17.0905  26.004230  24.562177    16.7057    17.0900    19.2548    17.9162    13.5322    12.4311     9.1413     8.7035    281.856    268.649     2.7033     2.4542     0.1990     3.9506     3.1245     0.6190     0.0000 -124.11890   46.24456      14.48         11  0.000e+00
      24685   1028.500      3.486      3.514    16.8144    17.0141  24.968752  25.015899    16.8139    17.0136    18.3662    18.3137    12.8317    12.7501     9.1704     8.6967    282.949    268.355     2.7033     2.4542     0.1990     3.9506     3.1258     0.6190     0.0000 -124.11890   46.24456      14.48         11  0.000e+00
      24686   1028.542      3.486      3.514    16.9419    16.9473  24.204215  25.415322    16.9414    16.9468    17.6951    18.6653    12.2935    13.0322     9.1839     8.6906    283.515    268.091     2.7033     2.4542     0.1990     3.9506     3.1258     0.6190     0.0000 -124.11890   46.24456      14.48         11  0.000e+00
      24687   1028.583      3.439      3.468    17.0543    16.8673  23.823543  25.838989    17.0538    16.8668    17.3424    19.0445    12.0013    13.3381     9.1825     8.6854    283.553    267.850     2.7033     2.4542     0.1990     3.9506     3.1245     0.6190     0.0000 -124.11890   46.24456      14.48         11  0.000e+00
      24688   1028.625      3.552      3.581    17.1303    16.8099  23.794994  26.150864    17.1298    16.8094    17.2872    19.3243    11.9435    13.5636     9.1766     8.6814    283.387    267.668     2.7045     2.4542     0.1990     3.9506     3.1233     0.6178     0.0000 -124.11890   46.24456      14.60         11  0.000e+00
      24689   1028.667      3.486      3.514    17.1687    16.8007  23.963105  26.201304    17.1682    16.8002    17.4045    19.3696    12.0249    13.6001     9.1629     8.6807    282.942    267.635     2.7045     2.4542     0.1990     3.9506     3.1221     0.6178     0.0000 -124.11890   46.24456      14.77         11  0.000e+00
      24690   1028.708      3.486      3.514    17.1699    16.8279  24.282045  26.026715    17.1694    16.8274    17.6579    19.2151    12.2177    13.4765     9.1537     8.6838    282.605    267.763     2.7057     2.4542     0.1990     3.9506     3.1197     0.6178     0.0000 -124.11890   46.24456      14.80         11  0.000e+00
      24691   1028.750      3.585      3.615    17.1498    16.8939  24.567277  25.645165    17.1493    16.8934    17.8941    18.8754    12.4019    13.2036     9.1445     8.6841    282.269    267.845     2.7057     2.4530     0.1990     3.9506     3.1209     0.6178     0.0000 -124.11890   46.24456      14.80         11  0.000e+00
      24692   1028.792      3.532      3.561    17.1112    16.9497  24.875769  25.275000    17.1107    16.9492    18.1577    18.5512    12.6109    12.9447     9.1420     8.6908    282.135    268.119     2.7070     2.4530     0.1990     3.9506     3.1197     0.6178     0.0000 -124.11890   46.24456      14.77         11  0.000e+00
      24693   1028.833      3.486      3.514    17.0432    17.0155  25.330505  24.884390    17.0427    17.0150    18.5530    18.2075    12.9266    12.6689     9.1378     8.6966    281.915    268.373     2.7082     2.4530     0.1990     3.9506     3.1197     0.6178     0.0000 -124.11890   46.24456      14.77         11  0.000e+00
      24694   1028.875      3.532      3.561    16.9725    17.0869  25.716154  24.465859    16.9720    17.0864    18.8960    17.8408    13.2029    12.3744     9.1320     8.6973    281.659    268.471     2.7082     2.4518     0.1990     3.9506     3.1197     0.6178     0.0000 -124.11890   46.24456      14.92         11  0.000e+00
      24695   1028.917      3.532      3.561    16.9276    17.1286  25.704009  24.269625    16.9271    17.1281    18.9071    17.6659    13.2208    12.2324     9.1447     8.6933    282.046    268.386     2.7094     2.4505     0.1990     3.9506     3.1184     0.6178     0.0000 -124.11890   46.24456      15.12         11  0.000e+00
      24696   1028.958      3.585      3.615    16.9447    17.1216  25.307072  24.386956    16.9441    17.1211    18.5793    17.7626    12.9672    12.3076     9.1647     8.6896    282.736    268.252     2.7106     2.4505     0.1990     3.9506     3.1172     0.6178     0.0000 -124.11890   46.24456      15.16         11  0.000e+00
      24697   1029.000      3.552      3.581    16.9970    17.0974  24.868697  24.603396    16.9965    17.0969    18.2032    17.9461    12.6695    12.4525     9.1758     8.6789    283.161    267.885     2.7106     2.4493     0.1990     3.9506     3.1172     0.6190     0.0000 -124.11890   46.24456      15.14         11  0.000e+00
      24698   1029.042      3.585      3.615    17.0433    17.0679  24.647477  24.867420    17.0428    17.0674    18.0053    18.1704    12.5089    12.6297     9.1833     8.6672    283.436    267.476     2.7118     2.4481     0.1990     3.9506     3.1172     0.6190     0.0000 -124.11890   46.24456      15.14         11  0.000e+00
      24699   1029.083      3.532      3.561    17.0678    17.0080  24.584582  25.264435    17.0673    17.0075    17.9441    18.5160    12.4572    12.9057     9.1820     8.6601    283.412    267.184     2.7118     2.4481     0.1990     3.9506     3.1172     0.6178     0.0000 -124.11890   46.24456      15.14         11  0.000e+00
      24700   1029.125      3.585      3.615    17.0887    16.9313  24.475246  25.687138    17.0882    16.9308    17.8475    18.8918    12.3792    13.2083     9.1836     8.6492    283.482    266.767     2.7118     2.4469     0.1990     3.9506     3.1184     0.6178     0.0000 -124.11890   46.24456      15.21         11  0.000e+00
      24701   1029.167      3.532      3.561    17.1177    16.8796  24.283805  25.914444    17.1172    16.8791    17.6820    19.0997    12.2470    13.3777     9.1873     8.6477    283.633    266.678     2.7118     2.4469     0.1990     3.9506     3.1172     0.6178     0.0000 -124.11890   46.24456      15.29         11  0.000e+00
      24702   1029.208      3.631      3.661    17.1557    16.8853  24.044395  25.833049    17.1552    16.8848    17.4748    19.0312    12.0811    13.3242     9.1918     8.6504    283.820    266.773     2.7118     2.4469     0.1990     3.9506     3.1172     0.6178     0.0000 -124.11890   46.24456      15.34         11  0.000e+00
      24703   1029.250      3.585      3.615    17.2005    16.9189  23.786112  25.577473    17.2000    16.9184    17.2503    18.8091    11.9008    13.1478     9.1959     8.6558    283.996    266.986     2.7118     2.4469     0.2015     4.0116     3.1148     0.6178     0.0000 -124.11890   46.24456      15.31         11  0.000e+00
      24704   1029.292      3.532      3.561    17.2396    16.9570  23.609745  25.333943    17.2391    16.9564    17.0939    18.5953    11.7734    12.9768     9.2023     8.6599    284.229    267.159     2.7131     2.4469     0.2125     4.2864     3.1148     0.6178     0.0000 -124.11890   46.24456      15.31         11  0.000e+00
      24705   1029.333      3.552      3.581    17.2653    16.9762  23.510101  25.211327    17.2647    16.9757    17.0043    18.4879    11.6998    12.8909     9.2025     8.6620    284.257    267.246     2.7131     2.4469     0.2173     4.4085     3.1148     0.6190     0.0000 -124.11890   46.24456      15.31         11  0.000e+00
      24706   1029.375      3.631      3.661    17.2917    17.0097  23.352745  25.057778    17.2911    17.0092    16.8688    18.3492    11.5910    12.7782     9.2052     8.6577    284.371    267.144     2.7131     2.4457     0.2186     4.4390     3.1148     0.6190     0.0000 -124.11890   46.24456      15.56         11  0.000e+00
      24707   1029.417      3.631      3.661    17.3291    17.0696  23.089030  24.755334    17.3286    17.0691    16.6452    18.0799    11.4129    12.5603     9.2157     8.6662    284.745    267.465     2.7143     2.4469     0.2173     4.4085     3.1148     0.6178     0.0000 -124.11890   46.24456      15.90         11  0.000e+00
      24708   1029.458      3.631      3.661    17.3744    17.1396  22.795457  24.382016    17.3739    17.1391    16.3956    17.7507    11.2134    12.2948     9.2262     8.6651    285.125    267.501     2.7155     2.4457     0.2173     4.4085     3.1148     0.6178     0.0000 -124.11890   46.24456      15.97         11  0.000e+00
      24709   1029.500      3.585      3.615    17.4102    17.1879  22.684766  24.101598    17.4097    17.1874    16.2942    17.5064    11.1287    12.0985     9.2302     8.6744    285.272    267.840     2.7167     2.4469     0.2173     4.4085     3.1148     0.6178     0.0000 -124.11890   46.24456      15.95         11  0.000e+00
      24710   1029.542      3.631      3.661    17.4104    17.2270  22.829368  23.884676    17.4099    17.2265    16.4078    17.3173    11.2151    11.9462     9.2289     8.6717    285.209    267.797     2.7179     2.4457     0.2173     4.4085     3.1148     0.6178     0.0000 -124.11890   46.24456      15.95         11  0.000e+00
      24711   1029.583      3.585      3.615    17.3913    17.2601  23.038660  23.681592    17.3907    17.2596    16.5802    17.1422    11.3504    11.8059     9.2228     8.6802    284.983    268.095     2.7179     2.4469     0.2173     4.4085     3.1148     0.6178     0.0000 -124.11890   46.24456      15.95         11  0.000e+00
      24712   1029.625      3.631      3.661    17.3693    17.2954  23.179027  23.489681    17.3687    17.2949    16.6997    16.9755    11.4460    11.6716     9.2254     8.6825    285.035    268.201     2.7192     2.4469     0.2173     4.4085     3.1172     0.6178     0.0000 -124.11890   46.24456      16.00         11  0.000e+00
      24713   1029.667      3.631      3.661    17.3564    17.3155  23.230419  23.370389    17.3558    17.3150    16.7455    16.8728    11.4836    11.5891     9.2303     8.6842    285.176    268.275     2.7204     2.4469     0.2173     4.4085     3.1160     0.6178     0.0000 -124.11890   46.24456      16.07         11  0.000e+00
      24714   1029.708      3.644      3.675    17.3496    17.3194  23.228529  23.355148    17.3491    17.3189    16.7468    16.8592    11.4860    11.5779     9.2365     8.6842    285.368    268.278     2.7216     2.4469     0.2173     4.4085     3.1160     0.6178     0.0000 -124.11890   46.24456      16.09         11  0.000e+00
      24715   1029.750      3.631      3.661    17.3516    17.3196  23.191710  23.373632    17.3510    17.3191    16.7170    16.8737    11.4629    11.5889     9.2429     8.6888    285.571    268.419     2.7228     2.4481     0.2173     4.4085     3.1160     0.6178     0.0000 -124.11890   46.24456      16.07         11  0.000e+00
      24716   1029.792      3.684      3.715    17.3481    17.3217  23.227180  23.383578    17.3475    17.3211    16.7463    16.8807    11.4860    11.5938     9.2470     8.6881    285.691    268.396     2.7241     2.4481     0.2173     4.4085     3.1172     0.6178     0.0000 -124.11890   46.24456      16.07         11  0.000e+00
      24717   1029.833      3.631      3.661    17.3389    17.3106  23.281797  23.441451    17.3383    17.3100    16.7932    16.9311    11.5236    11.6345     9.2511     8.6929    285.807    268.534     2.7253     2.4493     0.2173     4.4085     3.1184     0.6178     0.0000 -124.11890   46.24456      16.07         11  0.000e+00
      24718   1029.875      3.684      3.715    17.3464    17.3030  23.267584  23.507985    17.3459    17.3024    16.7789    16.9868    11.5111    11.6786     9.2556     8.6915    285.950    268.477     2.7265     2.4493     0.2173     4.4085     3.1172     0.6178     0.0000 -124.11890   46.24456      15.97         11  0.000e+00
      24719   1029.917      3.631      3.661    17.3287    17.3006  23.403943  23.543906    17.3281    17.3000    16.8939    17.0162    11.6024    11.7015     9.2625     8.6958    286.138    268.604     2.7289     2.4505     0.2173     4.4085     3.1172     0.6178     0.0000 -124.11890   46.24456      15.80         11  0.000e+00
      24720   1029.958      3.684      3.715    17.2884    17.3023  23.652498  23.542172    17.2878    17.3018    17.1073    17.0141    11.7734    11.6995     9.2633     8.7011    286.112    268.768     2.7302     2.4518     0.2173     4.4085     3.1197     0.6190     0.0000 -124.11890   46.24456      15.78         11  0.000e+00
      24721   1030.000      3.631      3.661    17.2613    17.3099  23.810943  23.490546    17.2608    17.3094    17.2442    16.9702    11.8834    11.6644     9.2656     8.7019    286.155    268.803     2.7314     2.4518     0.2173     4.4085     3.1184     0.6178     0.0000 -124.11890   46.24456      15.78         11  0.000e+00
      24722   1030.042      3.697      3.728    17.2365    17.3031  23.930786  23.512481    17.2360    17.3026    17.3498    16.9903    11.9690    11.6812     9.2695     8.7022    286.250    268.807     2.7326     2.4518     0.2173     4.4085     3.1136     0.6178     0.0000 -124.11890   46.24456      15.78         11  0.000e+00
      24723   1030.083      3.631      3.661    17.2098    17.2849  24.082393  23.624486    17.2093    17.2844    17.4817    17.0866    12.0751    11.7583     9.2721     8.7004    286.300    268.732     2.7338     2.4518     0.2173     4.4085     3.1111     0.6178     0.0000 -124.11890   46.24456      15.78         11  0.000e+00
