West Coast/WCOA-7/CTD_Data/RB2102_CTD_086_01.ros
* Sea-Bird SBE 9 Data File:
* FileName = C:\Users\scs.user.rb\CTD\RB2102\Data\RB2102_CTD_086_01.hex
* Software Version Seasave V 7.26.7.107
* Temperature SN = 6202
* Conductivity SN = 4907
* Number of Bytes Per Scan = 41
* Number of Voltage Words = 4
* Number of Scans Averaged by the Deck Unit = 1
* NMEA Latitude = 37 49.43 N
* NMEA Longitude = 122 23.55 W
* NMEA UTC (Time) = Jul 12 2021  16:02:21
* NMEA baud rate = 4800
# nquan = 30
# nvalues = 441                                   
# units = specified
# name 0 = scan: Scan Count
# name 1 = timeS: Time, Elapsed [seconds]
# name 2 = depSM: Depth [salt water, m]
# name 3 = prDM: Pressure, Digiquartz [db]
# name 4 = t090C: Temperature [ITS-90, deg C]
# name 5 = t190C: Temperature, 2 [ITS-90, deg C]
# name 6 = c0mS/cm: Conductivity [mS/cm]
# name 7 = c1mS/cm: Conductivity, 2 [mS/cm]
# name 8 = potemp090C: Potential Temperature [ITS-90, deg C]
# name 9 = potemp190C: Potential Temperature, 2 [ITS-90, deg C]
# name 10 = sal00: Salinity, Practical [PSU]
# name 11 = sal11: Salinity, Practical, 2 [PSU]
# name 12 = sigma-é00: Density [sigma-theta, kg/m^3]
# name 13 = sigma-é11: Density, 2 [sigma-theta, kg/m^3]
# name 14 = sbeox0Mg/L: Oxygen, SBE 43 [mg/l]
# name 15 = sbeox1Mg/L: Oxygen, SBE 43, 2 [mg/l]
# name 16 = sbox0Mm/Kg: Oxygen, SBE 43 [umol/kg]
# name 17 = sbox1Mm/Kg: Oxygen, SBE 43, 2 [umol/kg]
# name 18 = sbeox0V: Oxygen raw, SBE 43 [V]
# name 19 = sbeox1V: Oxygen raw, SBE 43, 2 [V]
# name 20 = v4: Voltage 4
# name 21 = flECO-AFL: Fluorescence, WET Labs ECO-AFL/FL [mg/m^3]
# name 22 = v3: Voltage 3
# name 23 = v6: Voltage 6
# name 24 = v7: Voltage 7
# name 25 = longitude: Longitude [deg]
# name 26 = latitude: Latitude [deg]
# name 27 = altM: Altimeter [m]
# name 28 = nbf: Bottles Fired
# name 29 = flag:  0.000e+00
# interval = seconds: 0.0416667
# start_time = Jul 12 2021 16:02:21 [NMEA time, header]
# bad_flag = -9.990e-29
*END*
[from data line 146]
      11958    498.208     18.329     18.468    18.4076    18.4084  43.015791  43.013162    18.4044    18.4052    32.2211    32.2183    23.0464    23.0441     6.9595     7.1576    212.588    218.639     2.3700     2.2967     0.1709     3.2485     3.3590     0.1074     0.2601 -122.39230   37.82370       4.69          3  0.000e+00
      13641    568.333     14.993     15.106    18.3827    18.3801  43.001645  43.002641    18.3801    18.3776    32.2300    32.2328    23.0591    23.0619     6.9686     7.1337    212.862    217.905     2.3724     2.2906     0.1636     3.0654     3.3565     0.0757     0.2247 -122.39224   37.82364       8.08          4  0.000e+00
      13642    568.375     14.887     14.999    18.3829    18.3803  43.001576  43.002777    18.3803    18.3778    32.2298    32.2328    23.0589    23.0619     6.9639     7.1335    212.721    217.901     2.3712     2.2906     0.1648     3.0959     3.3565     0.0757     0.2234 -122.39224   37.82364       8.08          4  0.000e+00
      13643    568.417     14.986     15.099    18.3830    18.3807  43.001372  43.002436    18.3804    18.3781    32.2295    32.2322    23.0587    23.0613     6.9685     7.1336    212.862    217.903     2.3724     2.2906     0.1636     3.0654     3.3565     0.0757     0.2247 -122.39224   37.82364       8.08          4  0.000e+00
      13644    568.458     14.946     15.059    18.3830    18.3812  43.001303  43.002572    18.3805    18.3786    32.2294    32.2319    23.0586    23.0610     6.9685     7.1335    212.860    217.900     2.3724     2.2906     0.1636     3.0654     3.3565     0.0757     0.2234 -122.39224   37.82364       8.08          4  0.000e+00
      13645    568.500     14.940     15.052    18.3830    18.3808  43.001303  43.002436    18.3805    18.3783    32.2294    32.2321    23.0586    23.0612     6.9730     7.1335    212.998    217.901     2.3736     2.2906     0.1636     3.0654     3.3565     0.0757     0.2234 -122.39224   37.82364       8.11          4  0.000e+00
      13646    568.542     14.940     15.052    18.3827    18.3807  43.001849  43.002914    18.3801    18.3781    32.2301    32.2326    23.0593    23.0616     6.9685     7.1335    212.861    217.901     2.3724     2.2906     0.1648     3.0959     3.3565     0.0757     0.2234 -122.39224   37.82364       8.11          4  0.000e+00
      13647    568.583     14.993     15.106    18.3827    18.3807  43.001850  43.002504    18.3801    18.3781    32.2301    32.2322    23.0593    23.0614     6.9731     7.1336    213.000    217.903     2.3736     2.2906     0.1636     3.0654     3.3565     0.0757     0.2234 -122.39224   37.82364       8.08          4  0.000e+00
      13648    568.625     14.940     15.052    18.3827    18.3815  43.001440  43.002572    18.3801    18.3790    32.2298    32.2316    23.0590    23.0607     6.9730     7.1335    212.999    217.899     2.3736     2.2906     0.1636     3.0654     3.3578     0.0757     0.2234 -122.39224   37.82364       8.08          4  0.000e+00
      13649    568.667     14.946     15.059    18.3827    18.3822  43.001303  43.002982    18.3801    18.3797    32.2297    32.2314    23.0589    23.0604     6.9730     7.1334    212.999    217.897     2.3736     2.2906     0.1636     3.0654     3.3578     0.0757     0.2234 -122.39224   37.82364       8.08          4  0.000e+00
      13650    568.708     14.986     15.099    18.3822    18.3822  43.001030  43.003118    18.3796    18.3797    32.2299    32.2315    23.0592    23.0605     6.9731     7.1334    213.002    217.897     2.3736     2.2906     0.1636     3.0654     3.3565     0.0757     0.2234 -122.39224   37.82364       8.08          4  0.000e+00
      13651    568.750     14.940     15.052    18.3811    18.3822  43.001167  43.002845    18.3786    18.3797    32.2308    32.2313    23.0601    23.0603     6.9732     7.1334    213.004    217.897     2.3736     2.2906     0.1636     3.0654     3.3565     0.0757     0.2234 -122.39224   37.82364       8.08          4  0.000e+00
      13652    568.792     14.893     15.006    18.3811    18.3819  43.001098  43.002367    18.3786    18.3794    32.2307    32.2312    23.0601    23.0603     6.9732     7.1334    213.003    217.897     2.3736     2.2906     0.1636     3.0654     3.3578     0.0757     0.2234 -122.39224   37.82364       8.08          4  0.000e+00
      13653    568.833     14.986     15.099    18.3809    18.3812  43.000962  43.002299    18.3784    18.3786    32.2307    32.2317    23.0602    23.0608     6.9778     7.1384    213.144    218.051     2.3748     2.2918     0.1636     3.0654     3.3578     0.0757     0.2234 -122.39224   37.82364       8.11          4  0.000e+00
      13654    568.875     14.940     15.052    18.3810    18.3810  43.000962  43.002641    18.3784    18.3784    32.2307    32.2321    23.0601    23.0612     6.9777     7.1384    213.142    218.050     2.3748     2.2918     0.1636     3.0654     3.3565     0.0757     0.2234 -122.39224   37.82364       8.08          4  0.000e+00
      13655    568.917     14.946     15.059    18.3808    18.3812  43.000074  43.002436    18.3783    18.3786    32.2301    32.2318    23.0597    23.0609     6.9778     7.1384    213.144    218.049     2.3748     2.2918     0.1636     3.0654     3.3565     0.0757     0.2247 -122.39224   37.82364       8.08          4  0.000e+00
      13656    568.958     14.986     15.099    18.3806    18.3808  43.000348  43.002231    18.3780    18.3783    32.2305    32.2319    23.0601    23.0611     6.9778     7.1385    213.145    218.052     2.3748     2.2918     0.1636     3.0654     3.3578     0.0757     0.2247 -122.39224   37.82364       8.08          4  0.000e+00
      13657    569.000     14.940     15.052    18.3808    18.3810  43.000689  43.002641    18.3783    18.3784    32.2306    32.2321    23.0601    23.0612     6.9778     7.1384    213.143    218.050     2.3748     2.2918     0.1636     3.0654     3.3565     0.0757     0.2247 -122.39224   37.82364       8.08          4  0.000e+00
      13658    569.042     14.946     15.059    18.3810    18.3812  43.000006  43.002777    18.3784    18.3786    32.2299    32.2321    23.0595    23.0611     6.9778     7.1384    213.144    218.049     2.3748     2.2918     0.1636     3.0654     3.3565     0.0757     0.2247 -122.39224   37.82364       8.11          4  0.000e+00
      13659    569.083     14.940     15.052    18.3806    18.3815  43.000074  43.002777    18.3780    18.3790    32.2303    32.2318    23.0599    23.0608     6.9778     7.1383    213.145    218.048     2.3748     2.2918     0.1636     3.0654     3.3565     0.0757     0.2247 -122.39224   37.82364       8.08          4  0.000e+00
      13660    569.125     14.887     14.999    18.3803    18.3821  42.999869  43.002435    18.3777    18.3795    32.2304    32.2311    23.0600    23.0602     6.9823     7.1431    213.282    218.194     2.3761     2.2930     0.1648     3.0959     3.3565     0.0757     0.2234 -122.39224   37.82364       8.08          4  0.000e+00
      13661    569.167     14.946     15.059    18.3798    18.3819  42.999528  43.001958    18.3772    18.3793    32.2305    32.2309    23.0602    23.0600     6.9779     7.1383    213.148    218.048     2.3748     2.2918     0.1636     3.0654     3.3565     0.0757     0.2234 -122.39224   37.82364       8.08          4  0.000e+00
      13662    569.208     14.986     15.099    18.3786    18.3817  43.000075  43.002504    18.3760    18.3791    32.2319    32.2314    23.0616    23.0605     6.9781     7.1432    213.152    218.198     2.3748     2.2930     0.1636     3.0654     3.3578     0.0757     0.2234 -122.39224   37.82364       8.08          4  0.000e+00
      13663    569.250     14.887     14.999    18.3780    18.3817  42.999938  43.002777    18.3754    18.3791    32.2322    32.2317    23.0620    23.0607     6.9780     7.1383    213.151    218.046     2.3748     2.2918     0.1648     3.0959     3.3565     0.0769     0.2234 -122.39224   37.82364       8.08          4  0.000e+00
      13664    569.292     14.946     15.059    18.3777    18.3815  42.999528  43.002982    18.3751    18.3790    32.2321    32.2320    23.0620    23.0610     6.9826     7.1383    213.291    218.048     2.3761     2.2918     0.1612     3.0043     3.3578     0.0757     0.2234 -122.39224   37.82364       8.08          4  0.000e+00
      13665    569.333     14.940     15.052    18.3776    18.3817  42.999665  43.003255    18.3750    18.3791    32.2323    32.2321    23.0622    23.0610     6.9826     7.1432    213.292    218.195     2.3761     2.2930     0.1575     2.9127     3.3578     0.0757     0.2234 -122.39224   37.82364       8.08          4  0.000e+00
      13666    569.375     14.946     15.059    18.3771    18.3822  42.999529  43.003118    18.3746    18.3797    32.2325    32.2315    23.0625    23.0605     6.9782     7.1431    213.155    218.194     2.3748     2.2930     0.1563     2.8822     3.3565     0.0757     0.2234 -122.39224   37.82364       8.08          4  0.000e+00
      13667    569.417     14.940     15.052    18.3774    18.3821  42.999665  43.003664    18.3748    18.3795    32.2325    32.2321    23.0624    23.0610     6.9781     7.1382    213.154    218.045     2.3748     2.2918     0.1563     2.8822     3.3565     0.0757     0.2234 -122.39224   37.82364       8.08          4  0.000e+00
      13668    569.458     14.887     14.999    18.3770    18.3828  42.999938  43.003596    18.3745    18.3802    32.2330    32.2316    23.0628    23.0603     6.9781     7.1381    213.154    218.041     2.3748     2.2918     0.1563     2.8822     3.3565     0.0757     0.2234 -122.39224   37.82364       8.08          4  0.000e+00
      13669    569.500     14.946     15.059    18.3771    18.3834  42.999324  43.003323    18.3746    18.3809    32.2324    32.2308    23.0623    23.0596     6.9782     7.1381    213.156    218.041     2.3748     2.2918     0.1563     2.8822     3.3578     0.0757     0.2234 -122.39224   37.82364       8.08          4  0.000e+00
      13670    569.542     14.887     14.999    18.3770    18.3836  42.999323  43.003937    18.3745    18.3811    32.2325    32.2312    23.0624    23.0598     6.9781     7.1429    213.154    218.187     2.3748     2.2930     0.1563     2.8822     3.3565     0.0757     0.2234 -122.39224   37.82364       8.08          4  0.000e+00
      13671    569.583     14.940     15.052    18.3770    18.3834  42.999665  43.004210    18.3745    18.3809    32.2327    32.2315    23.0627    23.0602     6.9782     7.1381    213.155    218.040     2.3748     2.2918     0.1575     2.9127     3.3565     0.0757     0.2234 -122.39224   37.82364       8.08          4  0.000e+00
      13672    569.625     14.893     15.006    18.3773    18.3833  42.999801  43.003937    18.3748    18.3807    32.2327    32.2314    23.0625    23.0601     6.9781     7.1429    213.153    218.188     2.3748     2.2930     0.1563     2.8822     3.3565     0.0757     0.2234 -122.39224   37.82364       8.11          4  0.000e+00
      13673    569.667     14.887     14.999    18.3779    18.3836  43.000211  43.003732    18.3753    18.3811    32.2326    32.2310    23.0623    23.0597     6.9780     7.1429    213.151    218.187     2.3748     2.2930     0.1563     2.8822     3.3565     0.0757     0.2234 -122.39224   37.82364       8.11          4  0.000e+00
      13674    569.708     14.940     15.052    18.3786    18.3836  42.999665  43.003527    18.3760    18.3811    32.2315    32.2308    23.0614    23.0595     6.9780     7.1430    213.151    218.189     2.3748     2.2930     0.1563     2.8822     3.3565     0.0757     0.2234 -122.39224   37.82364       8.11          4  0.000e+00
      13675    569.750     14.893     15.006    18.3787    18.3834  42.999460  43.003732    18.3761    18.3809    32.2313    32.2311    23.0611    23.0599     6.9780     7.1429    213.149    218.188     2.3748     2.2930     0.1563     2.8822     3.3565     0.0757     0.2234 -122.39224   37.82364       8.11          4  0.000e+00
      13676    569.792     14.940     15.052    18.3789    18.3838  42.998845  43.004073    18.3764    18.3812    32.2306    32.2311    23.0605    23.0598     6.9780     7.1429    213.151    218.188     2.3748     2.2930     0.1563     2.8822     3.3565     0.0757     0.2234 -122.39224   37.82364       8.11          4  0.000e+00
      13677    569.833     14.887     14.999    18.3789    18.3838  42.999255  43.003937    18.3764    18.3812    32.2309    32.2310    23.0608    23.0597     6.9780     7.1429    213.149    218.187     2.3748     2.2930     0.1563     2.8822     3.3565     0.0757     0.2234 -122.39224   37.82364       8.11          4  0.000e+00
      13678    569.875     14.893     15.006    18.3785    18.3836  42.999596  43.003459    18.3760    18.3811    32.2315    32.2308    23.0614    23.0595     6.9735     7.1429    213.012    218.188     2.3736     2.2930     0.1563     2.8822     3.3578     0.0757     0.2234 -122.39224   37.82364       8.08          4  0.000e+00
      13679    569.917     14.887     14.999    18.3779    18.3829  42.999460  43.003732    18.3753    18.3804    32.2319    32.2315    23.0618    23.0603     6.9781     7.1430    213.152    218.190     2.3748     2.2930     0.1563     2.8822     3.3578     0.0757     0.2234 -122.39224   37.82364       8.08          4  0.000e+00
      13680    569.958     14.940     15.052    18.3776    18.3812  42.999187  43.004074    18.3750    18.3786    32.2319    32.2332    23.0619    23.0619     6.9781     7.1432    213.154    218.196     2.3748     2.2930     0.1563     2.8822     3.3565     0.0757     0.2222 -122.39224   37.82364       8.08          4  0.000e+00
      13681    570.000     14.893     15.006    18.3768    18.3807  42.999324  43.003118    18.3742    18.3781    32.2327    32.2328    23.0627    23.0618     6.9782     7.1432    213.155    218.198     2.3748     2.2930     0.1563     2.8822     3.3565     0.0757     0.2234 -122.39224   37.82364       8.08          4  0.000e+00
      13682    570.042     14.887     14.999    18.3762    18.3810  42.998846  43.002913    18.3736    18.3785    32.2327    32.2324    23.0629    23.0614     6.9737     7.1432    213.019    218.197     2.3736     2.2930     0.1563     2.8822     3.3578     0.0757     0.2222 -122.39224   37.82364       8.08          4  0.000e+00
      13683    570.083     14.893     15.006    18.3757    18.3821  42.999255  43.003391    18.3731    18.3795    32.2335    32.2319    23.0636    23.0608     6.9738     7.1480    213.021    218.342     2.3736     2.2943     0.1563     2.8822     3.3565     0.0757     0.2234 -122.39224   37.82364       8.08          4  0.000e+00
      13684    570.125     14.887     14.999    18.3747    18.3821  42.999255  43.002913    18.3722    18.3795    32.2342    32.2315    23.0643    23.0605     6.9739     7.1480    213.023    218.342     2.3736     2.2943     0.1575     2.9127     3.3565     0.0757     0.2234 -122.39224   37.82364       8.08          4  0.000e+00
      13685    570.167     14.887     14.999    18.3741    18.3821  42.998846  43.002777    18.3716    18.3795    32.2344    32.2314    23.0646    23.0604     6.9739     7.1480    213.025    218.342     2.3736     2.2943     0.1563     2.8822     3.3565     0.0757     0.2234 -122.39224   37.82364       8.08          4  0.000e+00
      13686    570.208     14.893     15.006    18.3744    18.3822  42.998436  43.002640    18.3719    18.3797    32.2338    32.2312    23.0641    23.0602     6.9739     7.1480    213.025    218.342     2.3736     2.2943     0.1563     2.8822     3.3565     0.0757     0.2234 -122.39224   37.82364       8.08          4  0.000e+00
