West Coast/WCOA-7/CTD_Data/RB2102_CTD_068_01.ros
* Sea-Bird SBE 9 Data File:
* FileName = C:\Users\scs.user.rb\CTD\RB2102\Data\RB2102_CTD_068_01.hex
* Software Version Seasave V 7.26.7.107
* Temperature SN = 6202
* Conductivity SN = 4907
* Number of Bytes Per Scan = 41
* Number of Voltage Words = 4
* Number of Scans Averaged by the Deck Unit = 1
* NMEA Latitude = 41 35.86 N
* NMEA Longitude = 124 09.19 W
* NMEA UTC (Time) = Jul 07 2021  05:05:10
* NMEA baud rate = 4800
# nquan = 30
# nvalues = 588                                   
# units = specified
# name 0 = scan: Scan Count
# name 1 = timeS: Time, Elapsed [seconds]
# name 2 = depSM: Depth [salt water, m]
# name 3 = prDM: Pressure, Digiquartz [db]
# name 4 = t090C: Temperature [ITS-90, deg C]
# name 5 = t190C: Temperature, 2 [ITS-90, deg C]
# name 6 = c0mS/cm: Conductivity [mS/cm]
# name 7 = c1mS/cm: Conductivity, 2 [mS/cm]
# name 8 = potemp090C: Potential Temperature [ITS-90, deg C]
# name 9 = potemp190C: Potential Temperature, 2 [ITS-90, deg C]
# name 10 = sal00: Salinity, Practical [PSU]
# name 11 = sal11: Salinity, Practical, 2 [PSU]
# name 12 = sigma-é00: Density [sigma-theta, kg/m^3]
# name 13 = sigma-é11: Density, 2 [sigma-theta, kg/m^3]
# name 14 = sbeox0Mg/L: Oxygen, SBE 43 [mg/l]
# name 15 = sbeox1Mg/L: Oxygen, SBE 43, 2 [mg/l]
# name 16 = sbox0Mm/Kg: Oxygen, SBE 43 [umol/kg]
# name 17 = sbox1Mm/Kg: Oxygen, SBE 43, 2 [umol/kg]
# name 18 = sbeox0V: Oxygen raw, SBE 43 [V]
# name 19 = sbeox1V: Oxygen raw, SBE 43, 2 [V]
# name 20 = v4: Voltage 4
# name 21 = flECO-AFL: Fluorescence, WET Labs ECO-AFL/FL [mg/m^3]
# name 22 = v3: Voltage 3
# name 23 = v6: Voltage 6
# name 24 = v7: Voltage 7
# name 25 = longitude: Longitude [deg]
# name 26 = latitude: Latitude [deg]
# name 27 = altM: Altimeter [m]
# name 28 = nbf: Bottles Fired
# name 29 = flag:  0.000e+00
# interval = seconds: 0.0416667
# start_time = Jul 07 2021 05:05:10 [NMEA time, header]
# bad_flag = -9.990e-29
*END*
[from data line 339]
      19647    818.583     10.417     10.499    12.8695    12.8740  38.998834  39.003620    12.8681    12.8726    33.2412    33.2418    25.0566    25.0561    10.0591    10.3856    306.668    316.621     2.9389     2.8352     0.4029     9.0483     3.3382     0.0952     0.0440 -124.15310   41.59806      24.91          7  0.000e+00
      19648    818.625     10.383     10.465    12.8692    12.8741  38.998572  39.003554    12.8678    12.8728    33.2413    33.2417    25.0567    25.0560    10.0592    10.3855    306.669    316.619     2.9389     2.8352     0.4029     9.0483     3.3382     0.0952     0.0440 -124.15310   41.59806      24.91          7  0.000e+00
      19649    818.667     10.370     10.452    12.8689    12.8741  38.999031  39.002702    12.8675    12.8728    33.2420    33.2409    25.0573    25.0554    10.0592    10.3856    306.669    316.620     2.9389     2.8352     0.4029     9.0483     3.3382     0.0952     0.0440 -124.15310   41.59806      24.91          7  0.000e+00
      19650    818.708     10.417     10.499    12.8689    12.8747  38.998966  39.002439    12.8675    12.8733    33.2419    33.2401    25.0572    25.0547    10.0592    10.3910    306.671    316.786     2.9389     2.8364     0.4042     9.0788     3.3382     0.0952     0.0440 -124.15310   41.59806      24.91          7  0.000e+00
      22011    917.083      5.483      5.526    13.0055    13.0145  39.106769  39.115436    13.0047    13.0138    33.2262    33.2265    25.0180    25.0164    10.3841    10.7433    316.587    327.539     3.0269     2.9243     0.4823    11.0324     3.3358     0.1563     0.0708 -124.15310   41.59792      29.79          8  0.000e+00
      22012    917.125      5.397      5.440    13.0044    13.0150  39.100592  39.116224    13.0037    13.0142    33.2213    33.2269    25.0145    25.0167    10.3845    10.7485    316.601    327.697     3.0269     2.9255     0.4823    11.0324     3.3358     0.1563     0.0720 -124.15310   41.59792      29.72          8  0.000e+00
      22013    917.167      5.483      5.526    12.9988    13.0131  39.091526  39.112152    12.9980    13.0124    33.2177    33.2246    25.0127    25.0153    10.3911    10.7492    316.803    327.719     3.0281     2.9255     0.4811    11.0019     3.3358     0.1563     0.0720 -124.15310   41.59792      29.69          8  0.000e+00
      22014    917.208      5.576      5.620    12.9916    13.0067  39.084760  39.104075    12.9908    13.0060    33.2175    33.2225    25.0140    25.0149    10.3878    10.7510    316.702    327.774     3.0269     2.9255     0.4823    11.0324     3.3346     0.1575     0.0733 -124.15310   41.59792      29.69          8  0.000e+00
      22015    917.250      5.483      5.526    12.9848    12.9987  39.081804  39.095933    12.9840    12.9979    33.2207    33.2219    25.0179    25.0161    10.3940    10.7528    316.889    327.830     3.0281     2.9255     0.4823    11.0324     3.3358     0.1575     0.0733 -124.15310   41.59792      29.69          8  0.000e+00
      22016    917.292      5.483      5.526    12.9792    12.9925  39.082528  39.094818    12.9785    12.9918    33.2263    33.2263    25.0233    25.0206    10.3949    10.7540    316.914    327.864     3.0281     2.9255     0.4823    11.0324     3.3358     0.1587     0.0733 -124.15310   41.59792      29.69          8  0.000e+00
      22017    917.333      5.529      5.573    12.9771    12.9920  39.085550  39.095278    12.9764    12.9912    33.2310    33.2272    25.0273    25.0214    10.3951    10.7541    316.920    327.868     3.0281     2.9255     0.4811    11.0019     3.3346     0.1587     0.0745 -124.15310   41.59792      29.69          8  0.000e+00
      22018    917.375      5.529      5.573    12.9771    12.9915  39.086667  39.093111    12.9764    12.9907    33.2321    33.2255    25.0282    25.0203    10.3950    10.7544    316.917    327.875     3.0281     2.9255     0.4823    11.0324     3.3346     0.1587     0.0745 -124.15310   41.59792      29.67          8  0.000e+00
      22019    917.417      5.483      5.526    12.9771    12.9885  39.085156  39.089762    12.9764    12.9877    33.2306    33.2250    25.0271    25.0205    10.4001    10.7551    317.071    327.896     3.0293     2.9255     0.4823    11.0324     3.3358     0.1587     0.0757 -124.15310   41.59792      29.65          8  0.000e+00
      22020    917.458      5.543      5.586    12.9762    12.9831  39.083711  39.086611    12.9755    12.9823    33.2300    33.2267    25.0267    25.0229    10.3954    10.7563    316.928    327.933     3.0281     2.9255     0.4811    11.0019     3.3370     0.1587     0.0757 -124.15310   41.59792      29.65          8  0.000e+00
      22021    917.500      5.483      5.526    12.9754    12.9795  39.083579  39.086612    12.9747    12.9788    33.2306    33.2299    25.0274    25.0260    10.3954    10.7569    316.930    327.949     3.0281     2.9255     0.4823    11.0324     3.3370     0.1587     0.0769 -124.15310   41.59792      29.65          8  0.000e+00
      22022    917.542      5.576      5.620    12.9748    12.9797  39.082923  39.088910    12.9740    12.9790    33.2305    33.2319    25.0274    25.0275    10.3957    10.7622    316.938    328.113     3.0281     2.9267     0.4811    11.0019     3.3346     0.1600     0.0769 -124.15310   41.59792      29.65          8  0.000e+00
      22023    917.583      5.529      5.573    12.9738    12.9806  39.081675  39.090617    12.9730    12.9798    33.2302    33.2328    25.0274    25.0280    10.4009    10.7565    317.096    327.937     3.0293     2.9255     0.4811    11.0019     3.3358     0.1600     0.0769 -124.15310   41.59792      29.65          8  0.000e+00
      22024    917.625      5.529      5.573    12.9732    12.9812  39.081018  39.089698    12.9725    12.9805    33.2301    33.2313    25.0274    25.0268    10.4010    10.7564    317.100    327.936     3.0293     2.9255     0.4811    11.0019     3.3370     0.1600     0.0769 -124.15310   41.59792      29.60          8  0.000e+00
      22025    917.667      5.529      5.573    12.9725    12.9823  39.080952  39.090288    12.9717    12.9816    33.2307    33.2309    25.0280    25.0263    10.3961    10.7616    316.951    328.094     3.0281     2.9267     0.4823    11.0324     3.3346     0.1600     0.0781 -124.15310   41.59792      29.57          8  0.000e+00
      22026    917.708      5.529      5.573    12.9723    12.9823  39.081215  39.090879    12.9716    12.9815    33.2311    33.2315    25.0284    25.0267    10.4012    10.7616    317.104    328.093     3.0293     2.9267     0.4933    11.3071     3.3346     0.1600     0.0781 -124.15310   41.59792      29.60          8  0.000e+00
      22027    917.750      5.543      5.586    12.9722    12.9817  39.081806  39.090682    12.9715    12.9810    33.2317    33.2318    25.0289    25.0270    10.4011    10.7617    317.104    328.097     3.0293     2.9267     0.5275    12.1618     3.3358     0.1612     0.0781 -124.15310   41.59792      29.60          8  0.000e+00
      22028    917.792      5.529      5.573    12.9721    12.9821  39.081215  39.091142    12.9714    12.9813    33.2313    33.2319    25.0285    25.0271    10.4012    10.7616    317.105    328.094     3.0293     2.9267     0.5409    12.4976     3.3346     0.1600     0.0781 -124.15310   41.59792      29.60          8  0.000e+00
      22029    917.833      5.529      5.573    12.9718    12.9821  39.080689  39.091536    12.9711    12.9813    33.2310    33.2323    25.0284    25.0274    10.4013    10.7616    317.107    328.093     3.0293     2.9267     0.5409    12.4976     3.3358     0.1600     0.0794 -124.15310   41.59792      29.60          8  0.000e+00
      22030    917.875      5.576      5.620    12.9713    12.9818  39.079836  39.090880    12.9705    12.9811    33.2307    33.2319    25.0282    25.0271    10.4015    10.7617    317.113    328.098     3.0293     2.9267     0.5385    12.4365     3.3370     0.1600     0.0794 -124.15310   41.59792      29.55          8  0.000e+00
      22031    917.917      5.529      5.573    12.9706    12.9806  39.079047  39.090617    12.9698    12.9798    33.2306    33.2328    25.0283    25.0280    10.4016    10.7619    317.117    328.103     3.0293     2.9267     0.5372    12.4060     3.3358     0.1600     0.0794 -124.15310   41.59792      29.55          8  0.000e+00
      22032    917.958      5.529      5.573    12.9700    12.9795  39.081478  39.090354    12.9692    12.9788    33.2334    33.2334    25.0306    25.0287    10.4015    10.7675    317.114    328.274     3.0293     2.9280     0.5385    12.4365     3.3346     0.1600     0.0794 -124.15310   41.59792      29.52          8  0.000e+00
      22033    918.000      5.529      5.573    12.9725    12.9789  39.090741  39.089501    12.9717    12.9781    33.2400    33.2332    25.0352    25.0287    10.4005    10.7623    317.083    328.114     3.0293     2.9267     0.5385    12.4365     3.3346     0.1600     0.0806 -124.15310   41.59792      29.55          8  0.000e+00
      22034    918.042      5.576      5.620    12.9802    12.9780  39.101253  39.089304    12.9795    12.9773    33.2431    33.2337    25.0361    25.0293    10.3987    10.7625    317.026    328.121     3.0293     2.9267     0.5385    12.4365     3.3370     0.1600     0.0818 -124.15310   41.59792      29.55          8  0.000e+00
      22035    918.083      5.496      5.540    12.9906    12.9774  39.105917  39.089501    12.9899    12.9766    33.2385    33.2345    25.0304    25.0300    10.3966    10.7679    316.964    328.286     3.0293     2.9280     0.5385    12.4365     3.3346     0.1600     0.0806 -124.15310   41.59792      29.55          8  0.000e+00
      22036    918.125      5.576      5.620    13.0002    12.9768  39.108347  39.089633    12.9995    12.9760    33.2323    33.2351    25.0237    25.0306    10.3949    10.7627    316.916    328.126     3.0293     2.9267     0.5385    12.4365     3.3358     0.1600     0.0818 -124.15310   41.59792      29.52          8  0.000e+00
      22037    918.167      5.529      5.573    13.0061    12.9769  39.112223  39.089829    13.0053    12.9761    33.2309    33.2352    25.0215    25.0307    10.3937    10.7680    316.879    328.289     3.0293     2.9280     0.5385    12.4365     3.3358     0.1600     0.0806 -124.15310   41.59792      29.52          8  0.000e+00
      22038    918.208      5.529      5.573    13.0109    12.9779  39.116429  39.091734    13.0102    12.9771    33.2306    33.2362    25.0203    25.0312    10.3926    10.7677    316.847    328.280     3.0293     2.9280     0.5385    12.4365     3.3358     0.1600     0.0818 -124.15310   41.59792      29.52          8  0.000e+00
      22039    918.250      5.529      5.573    13.0156    12.9814  39.117808  39.094885    13.0148    12.9807    33.2278    33.2361    25.0172    25.0304    10.3918    10.7669    316.822    328.254     3.0293     2.9280     0.5397    12.4671     3.3346     0.1600     0.0818 -124.15310   41.59792      29.52          8  0.000e+00
      22040    918.292      5.529      5.573    13.0181    12.9836  39.117808  39.096264    13.0173    12.9828    33.2256    33.2355    25.0151    25.0295    10.3914    10.7610    316.810    328.075     3.0293     2.9267     0.5385    12.4365     3.3358     0.1587     0.0818 -124.15310   41.59792      29.52          8  0.000e+00
      22041    918.333      5.529      5.573    13.0187    12.9842  39.115968  39.096461    13.0180    12.9834    33.2233    33.2351    25.0131    25.0291    10.3914    10.7609    316.811    328.071     3.0293     2.9267     0.5385    12.4365     3.3358     0.1587     0.0818 -124.15310   41.59792      29.52          8  0.000e+00
      22042    918.375      5.496      5.540    13.0185    12.9849  39.115113  39.099218    13.0178    12.9842    33.2226    33.2371    25.0127    25.0305    10.3964    10.7605    316.964    328.060     3.0305     2.9267     0.5385    12.4365     3.3370     0.1587     0.0818 -124.15310   41.59792      29.52          8  0.000e+00
      22043    918.417      5.529      5.573    13.0181    12.9894  39.112025  39.103946    13.0173    12.9887    33.2201    33.2376    25.0108    25.0300    10.3917    10.7595    316.822    328.027     3.0293     2.9267     0.5385    12.4365     3.3358     0.1587     0.0818 -124.15310   41.59792      29.52          8  0.000e+00
      22044    918.458      5.529      5.573    13.0146    12.9960  39.105322  39.108608    13.0138    12.9953    33.2168    33.2363    25.0090    25.0277    10.3977    10.7580    317.005    327.983     3.0305     2.9267     0.5385    12.4365     3.3358     0.1587     0.0818 -124.15310   41.59792      29.52          8  0.000e+00
      22045    918.500      5.529      5.573    13.0112    13.0034  39.107820  39.110249    13.0105    13.0027    33.2222    33.2313    25.0138    25.0224    10.3981    10.7620    317.016    328.106     3.0305     2.9280     0.5385    12.4365     3.3346     0.1587     0.0818 -124.15310   41.59792      29.50          8  0.000e+00
      22046    918.542      5.483      5.526    13.0111    13.0097  39.112288  39.109328    13.0103    13.0090    33.2265    33.2249    25.0172    25.0162    10.3978    10.7554    317.005    327.908     3.0305     2.9267     0.5385    12.4365     3.3358     0.1575     0.0818 -124.15310   41.59792      29.52          8  0.000e+00
      22047    918.583      5.529      5.573    13.0124    13.0098  39.113931  39.107227    13.0116    13.0090    33.2269    33.2228    25.0172    25.0146    10.3975    10.7556    316.997    327.914     3.0305     2.9267     0.5385    12.4365     3.3346     0.1575     0.0818 -124.15310   41.59792      29.52          8  0.000e+00
      22048    918.625      5.483      5.526    13.0144    13.0067  39.115114  39.104600    13.0137    13.0060    33.2263    33.2231    25.0163    25.0153    10.3971    10.7562    316.983    327.934     3.0305     2.9267     0.5385    12.4365     3.3370     0.1575     0.0818 -124.15310   41.59792      29.55          8  0.000e+00
      22049    918.667      5.529      5.573    13.0159    13.0037  39.115639  39.102106    13.0151    13.0029    33.2255    33.2234    25.0154    25.0162    10.3969    10.7570    316.977    327.957     3.0305     2.9267     0.5385    12.4365     3.3358     0.1575     0.0806 -124.15310   41.59792      29.57          8  0.000e+00
      22050    918.708      5.443      5.486    13.0156    13.0004  39.115968  39.100201    13.0148    12.9997    33.2261    33.2245    25.0159    25.0177    10.3968    10.7576    316.974    327.975     3.0305     2.9267     0.5385    12.4365     3.3358     0.1575     0.0818 -124.15310   41.59792      29.57          8  0.000e+00
      22051    918.750      5.529      5.573    13.0136    12.9985  39.116494  39.099020    13.0128    12.9978    33.2283    33.2250    25.0180    25.0184    10.3972    10.7581    316.986    327.991     3.0305     2.9267     0.5385    12.4365     3.3358     0.1575     0.0806 -124.15310   41.59792      29.57          8  0.000e+00
      22052    918.792      5.483      5.526    13.0136    13.0007  39.118268  39.100595    13.0128    13.0000    33.2300    33.2246    25.0194    25.0177    10.4020    10.7576    317.133    327.974     3.0317     2.9267     0.5336    12.3144     3.3346     0.1563     0.0818 -124.15310   41.59794      29.57          8  0.000e+00
      22053    918.833      5.483      5.526    13.0150    13.0019  39.118859  39.103222    13.0143    13.0011    33.2293    33.2260    25.0185    25.0186    10.3967    10.7572    316.972    327.962     3.0305     2.9267     0.4957    11.3682     3.3358     0.1563     0.0806 -124.15310   41.59794      29.57          8  0.000e+00
