West Coast/WCOA-7/CTD_Data/RB2102_CTD_041_01.ros
* Sea-Bird SBE 9 Data File:
* FileName = C:\Users\scs.user.rb\CTD\RB2102\Data\RB2102_CTD_041_01.hex
* Software Version Seasave V 7.26.7.107
* Temperature SN = 6202
* Conductivity SN = 4907
* Number of Bytes Per Scan = 41
* Number of Voltage Words = 4
* Number of Scans Averaged by the Deck Unit = 1
* NMEA Latitude = 47 06.93 N
* NMEA Longitude = 124 38.69 W
* NMEA UTC (Time) = Jul 02 2021  17:12:06
* NMEA baud rate = 4800
# nquan = 30
# nvalues = 686                                   
# units = specified
# name 0 = scan: Scan Count
# name 1 = timeS: Time, Elapsed [seconds]
# name 2 = depSM: Depth [salt water, m]
# name 3 = prDM: Pressure, Digiquartz [db]
# name 4 = t090C: Temperature [ITS-90, deg C]
# name 5 = t190C: Temperature, 2 [ITS-90, deg C]
# name 6 = c0mS/cm: Conductivity [mS/cm]
# name 7 = c1mS/cm: Conductivity, 2 [mS/cm]
# name 8 = potemp090C: Potential Temperature [ITS-90, deg C]
# name 9 = potemp190C: Potential Temperature, 2 [ITS-90, deg C]
# name 10 = sal00: Salinity, Practical [PSU]
# name 11 = sal11: Salinity, Practical, 2 [PSU]
# name 12 = sigma-é00: Density [sigma-theta, kg/m^3]
# name 13 = sigma-é11: Density, 2 [sigma-theta, kg/m^3]
# name 14 = sbeox0Mg/L: Oxygen, SBE 43 [mg/l]
# name 15 = sbeox1Mg/L: Oxygen, SBE 43, 2 [mg/l]
# name 16 = sbox0Mm/Kg: Oxygen, SBE 43 [umol/kg]
# name 17 = sbox1Mm/Kg: Oxygen, SBE 43, 2 [umol/kg]
# name 18 = sbeox0V: Oxygen raw, SBE 43 [V]
# name 19 = sbeox1V: Oxygen raw, SBE 43, 2 [V]
# name 20 = v4: Voltage 4
# name 21 = flECO-AFL: Fluorescence, WET Labs ECO-AFL/FL [mg/m^3]
# name 22 = v3: Voltage 3
# name 23 = v6: Voltage 6
# name 24 = v7: Voltage 7
# name 25 = longitude: Longitude [deg]
# name 26 = latitude: Latitude [deg]
# name 27 = altM: Altimeter [m]
# name 28 = nbf: Bottles Fired
# name 29 = flag:  0.000e+00
# interval = seconds: 0.0416667
# start_time = Jul 02 2021 17:12:06 [NMEA time, header]
# bad_flag = -9.990e-29
*END*
[from data line 629]
      47730   1988.708      3.448      3.477    16.8442    16.8401  40.822298  40.821646    16.8436    16.8395    31.5895    31.5922    22.9347    22.9377     8.8465     9.0026    270.258    275.026     2.8046     2.6838     0.0574     0.4097     3.2552     0.9915     0.0000 -124.64460   47.11616      90.21         13  0.000e+00
      47731   1988.750      3.415      3.444    16.8440    16.8445  40.822231  40.823717    16.8435    16.8440    31.5896    31.5905    22.9348    22.9353     8.8465     9.0018    270.258    275.003     2.8046     2.6838     0.0586     0.4402     3.2540     0.9915     0.0000 -124.64460   47.11616      90.18         13  0.000e+00
      47732   1988.792      3.448      3.477    16.8441    16.8469  40.822164  40.824786    16.8435    16.8463    31.5895    31.5895    22.9347    22.9340     8.8465     9.0015    270.259    274.993     2.8046     2.6838     0.0586     0.4402     3.2540     0.9915     0.0000 -124.64460   47.11616      90.21         13  0.000e+00
      47733   1988.833      3.448      3.477    16.8440    16.8472  40.822164  40.824585    16.8435    16.8467    31.5896    31.5891    22.9347    22.9336     8.8465     9.0014    270.259    274.992     2.8046     2.6838     0.0586     0.4402     3.2540     0.9915     0.0000 -124.64460   47.11616      90.21         13  0.000e+00
      47734   1988.875      3.402      3.430    16.8437    16.8476  40.821897  40.824318    16.8431    16.8471    31.5896    31.5886    22.9348    22.9331     8.8418     9.0013    270.116    274.989     2.8034     2.6838     0.0574     0.4097     3.2552     0.9915     0.0000 -124.64460   47.11616      90.21         13  0.000e+00
      47735   1988.917      3.402      3.430    16.8438    16.8467  40.821830  40.823316    16.8433    16.8462    31.5894    31.5884    22.9346    22.9332     8.8418     9.0015    270.116    274.994     2.8034     2.6838     0.0586     0.4402     3.2540     0.9915     0.0000 -124.64460   47.11616      90.21         13  0.000e+00
      47736   1988.958      3.402      3.430    16.8438    16.8458  40.822030  40.822915    16.8433    16.8452    31.5896    31.5888    22.9348    22.9338     8.8418     9.0017    270.116    274.999     2.8034     2.6838     0.0586     0.4402     3.2540     0.9915     0.0000 -124.64460   47.11616      90.21         13  0.000e+00
      47737   1989.000      3.356      3.384    16.8440    16.8457  40.821629  40.822981    16.8435    16.8452    31.5891    31.5889    22.9344    22.9338     8.8418     9.0016    270.114    274.997     2.8034     2.6838     0.0586     0.4402     3.2540     0.9915     0.0000 -124.64460   47.11616      90.31         13  0.000e+00
      47935   1997.250      3.064      3.090    16.8394    16.8408  40.818018  40.822045    16.8389    16.8403    31.5897    31.5921    22.9359    22.9374     8.8702     9.0020    270.981    275.009     2.8107     2.6838     0.0562     0.3792     3.2540     0.9841     0.0000 -124.64460   47.11616      90.92         14  0.000e+00
      47936   1997.292      3.117      3.143    16.8387    16.8425  40.817350  40.822380    16.8382    16.8420    31.5897    31.5911    22.9360    22.9362     8.8704     9.0018    270.987    275.004     2.8107     2.6838     0.0574     0.4097     3.2540     0.9841     0.0000 -124.64460   47.11616      90.84         14  0.000e+00
      47937   1997.333      3.018      3.043    16.8379    16.8433  40.817216  40.822513    16.8374    16.8428    31.5903    31.5906    22.9367    22.9356     8.8704     9.0016    270.987    274.996     2.8107     2.6838     0.0574     0.4097     3.2540     0.9841     0.0000 -124.64460   47.11616      90.82         14  0.000e+00
      47938   1997.375      3.064      3.090    16.8372    16.8438  40.816414  40.822646    16.8367    16.8433    31.5901    31.5902    22.9367    22.9353     8.8705     9.0066    270.993    275.150     2.8107     2.6850     0.0574     0.4097     3.2540     0.9841     0.0000 -124.64460   47.11616      90.84         14  0.000e+00
      47939   1997.417      3.064      3.090    16.8369    16.8447  40.816213  40.822847    16.8364    16.8442    31.5902    31.5897    22.9368    22.9347     8.8659     9.0014    270.852    274.992     2.8095     2.6838     0.0562     0.3792     3.2552     0.9841     0.0000 -124.64460   47.11616      90.84         14  0.000e+00
      47940   1997.458      3.117      3.143    16.8367    16.8443  40.816147  40.821912    16.8362    16.8438    31.5902    31.5892    22.9369    22.9343     8.8614     9.0066    270.712    275.151     2.8083     2.6850     0.0574     0.4097     3.2540     0.9841     0.0000 -124.64460   47.11616      88.67         14  0.000e+00
      47941   1997.500      3.064      3.090    16.8365    16.8440  40.816147  40.821778    16.8360    16.8435    31.5904    31.5894    22.9371    22.9345     8.8660     9.0066    270.853    275.150     2.8095     2.6850     0.0562     0.3792     3.2552     0.9841     0.0000 -124.64460   47.11616      59.27         14  0.000e+00
      47942   1997.542      3.064      3.090    16.8364    16.8431  40.815879  40.820842    16.8359    16.8426    31.5903    31.5892    22.9370    22.9347     8.8614     9.0068    270.712    275.155     2.8083     2.6850     0.0562     0.3792     3.2552     0.9841     0.0000 -124.64460   47.11616      43.57         14  0.000e+00
      47943   1997.583      3.164      3.190    16.8363    16.8419  40.816013  40.819373    16.8358    16.8414    31.5904    31.5889    22.9371    22.9346     8.8615     9.0071    270.715    275.166     2.8083     2.6850     0.0562     0.3792     3.2552     0.9841     0.0000 -124.64460   47.11616      42.34         14  0.000e+00
      47944   1997.625      3.018      3.043    16.8364    16.8401  40.815879  40.816967    16.8359    16.8396    31.5903    31.5883    22.9370    22.9347     8.8613     9.0074    270.710    275.173     2.8083     2.6850     0.0562     0.3792     3.2552     0.9841     0.0000 -124.64460   47.11616      43.93         14  0.000e+00
      47945   1997.667      3.117      3.144    16.8360    16.8387  40.815813  40.816500    16.8355    16.8382    31.5905    31.5890    22.9373    22.9355     8.8615     9.0077    270.715    275.183     2.8083     2.6850     0.0562     0.3792     3.2540     0.9841     0.0000 -124.64460   47.11616      44.59         14  0.000e+00
      47946   1997.708      3.084      3.110    16.8358    16.8375  40.815545  40.816366    16.8353    16.8370    31.5904    31.5898    22.9372    22.9364     8.8568     9.0078    270.573    275.187     2.8071     2.6850     0.0562     0.3792     3.2540     0.9841     0.0000 -124.64460   47.11616      47.94         14  0.000e+00
      47947   1997.750      3.117      3.144    16.8355    16.8368  40.814877  40.816500    16.8350    16.8363    31.5901    31.5905    22.9370    22.9371     8.8569     9.0080    270.576    275.191     2.8071     2.6850     0.0574     0.4097     3.2540     0.9841     0.0000 -124.64460   47.11616      77.58         14  0.000e+00
      47948   1997.792      3.118      3.144    16.8345    16.8363  40.813941  40.816099    16.8340    16.8358    31.5901    31.5905    22.9373    22.9372     8.8571     9.0081    270.582    275.193     2.8071     2.6850     0.0562     0.3792     3.2552     0.9841     0.0000 -124.64460   47.11616      92.04         14  0.000e+00
      47949   1997.833      3.065      3.090    16.8333    16.8358  40.812871  40.815097    16.8328    16.8353    31.5901    31.5901    22.9376    22.9370     8.8572     9.0081    270.586    275.195     2.8071     2.6850     0.0562     0.3792     3.2552     0.9841     0.0000 -124.64460   47.11616      92.84         14  0.000e+00
      47950   1997.875      3.065      3.090    16.8319    16.8349  40.812604  40.814362    16.8314    16.8344    31.5909    31.5901    22.9386    22.9372     8.8528     9.0083    270.449    275.200     2.8059     2.6850     0.0574     0.4097     3.2540     0.9841     0.0000 -124.64460   47.11616      91.28         14  0.000e+00
      47951   1997.917      3.164      3.190    16.8311    16.8346  40.812070  40.814897    16.8306    16.8341    31.5911    31.5908    22.9389    22.9378     8.8530     9.0084    270.457    275.204     2.8059     2.6850     0.0574     0.4097     3.2540     0.9841     0.0000 -124.64460   47.11616      90.70         14  0.000e+00
      47952   1997.958      3.118      3.144    16.8303    16.8347  40.811735  40.815231    16.8298    16.8342    31.5914    31.5910    22.9393    22.9379     8.8577     9.0083    270.601    275.201     2.8071     2.6850     0.0562     0.3792     3.2552     0.9841     0.0000 -124.64460   47.11616      90.70         14  0.000e+00
      47953   1998.000      3.065      3.090    16.8299    16.8349  40.811267  40.815699    16.8294    16.8344    31.5914    31.5913    22.9394    22.9381     8.8531     9.0082    270.459    275.198     2.8059     2.6850     0.0574     0.4097     3.2540     0.9841     0.0000 -124.64460   47.11616      90.92         14  0.000e+00
      47954   1998.042      3.164      3.191    16.8295    16.8352  40.810934  40.815899    16.8290    16.8347    31.5914    31.5911    22.9394    22.9379     8.8533     9.0083    270.464    275.200     2.8059     2.6850     0.0574     0.4097     3.2552     0.9841     0.0000 -124.64460   47.11616      90.99         14  0.000e+00
      47955   1998.083      3.118      3.144    16.8294    16.8356  40.810867  40.815899    16.8289    16.8351    31.5914    31.5909    22.9395    22.9376     8.8532     9.0082    270.463    275.197     2.8059     2.6850     0.0574     0.4097     3.2540     0.9841     0.0000 -124.64460   47.11616      90.99         14  0.000e+00
      47956   1998.125      3.118      3.144    16.8285    16.8361  40.810265  40.816233    16.8280    16.8356    31.5916    31.5908    22.9398    22.9374     8.8534     9.0030    270.468    275.040     2.8059     2.6838     0.0562     0.3792     3.2552     0.9841     0.0000 -124.64460   47.11616      90.99         14  0.000e+00
      47957   1998.167      3.118      3.144    16.8280    16.8363  40.810131  40.816500    16.8275    16.8358    31.5918    31.5909    22.9401    22.9375     8.8535     9.0030    270.470    275.039     2.8059     2.6838     0.0574     0.4097     3.2540     0.9841     0.0000 -124.64460   47.11616      90.99         14  0.000e+00
      47958   1998.208      3.164      3.191    16.8278    16.8361  40.809864  40.816100    16.8273    16.8356    31.5918    31.5906    22.9402    22.9373     8.8536     9.0031    270.473    275.042     2.8059     2.6838     0.0574     0.4097     3.2552     0.9841     0.0000 -124.64460   47.11616      90.96         14  0.000e+00
      47959   1998.250      3.118      3.144    16.8274    16.8361  40.809797  40.816367    16.8269    16.8356    31.5921    31.5909    22.9405    22.9375     8.8536     9.0030    270.473    275.040     2.8059     2.6838     0.0574     0.4097     3.2540     0.9841     0.0000 -124.64460   47.11616      90.74         14  0.000e+00
      47960   1998.292      3.131      3.157    16.8273    16.8361  40.810332  40.816100    16.8268    16.8356    31.5926    31.5906    22.9409    22.9373     8.8582     9.0030    270.615    275.041     2.8071     2.6838     0.0574     0.4097     3.2540     0.9841     0.0000 -124.64460   47.11616      90.62         14  0.000e+00
      47961   1998.333      3.164      3.191    16.8279    16.8360  40.810533  40.816166    16.8274    16.8354    31.5923    31.5908    22.9405    22.9375     8.8582     9.0031    270.614    275.042     2.8071     2.6838     0.0574     0.4097     3.2540     0.9841     0.0000 -124.64460   47.11616      90.62         14  0.000e+00
      47962   1998.375      3.164      3.191    16.8280    16.8360  40.810733  40.816033    16.8274    16.8354    31.5924    31.5907    22.9406    22.9374     8.8535     9.0031    270.471    275.042     2.8059     2.6838     0.0574     0.4097     3.2540     0.9841     0.0000 -124.64460   47.11616      90.62         14  0.000e+00
      47963   1998.417      3.164      3.191    16.8282    16.8360  40.810399  40.815899    16.8277    16.8354    31.5919    31.5906    22.9402    22.9373     8.8535     9.0031    270.470    275.043     2.8059     2.6838     0.0562     0.3792     3.2552     0.9829     0.0000 -124.64460   47.11616      90.62         14  0.000e+00
      47964   1998.458      3.164      3.191    16.8287    16.8356  40.810666  40.815699    16.8281    16.8351    31.5918    31.5907    22.9400    22.9375     8.8581     9.0032    270.611    275.044     2.8071     2.6838     0.0574     0.4097     3.2540     0.9829     0.0000 -124.64460   47.11616      90.62         14  0.000e+00
      47965   1998.500      3.118      3.144    16.8292    16.8356  40.810867  40.815832    16.8287    16.8351    31.5915    31.5908    22.9396    22.9376     8.8579     8.9981    270.606    274.889     2.8071     2.6825     0.0574     0.4097     3.2540     0.9841     0.0000 -124.64460   47.11616      90.65         14  0.000e+00
      47966   1998.542      3.211      3.238    16.8293    16.8356  40.811669  40.816167    16.8288    16.8351    31.5921    31.5911    22.9401    22.9378     8.8533     9.0032    270.466    275.045     2.8059     2.6838     0.0574     0.4097     3.2540     0.9841     0.0000 -124.64460   47.11616      90.62         14  0.000e+00
      47967   1998.583      3.165      3.191    16.8309    16.8360  40.812939  40.816835    16.8304    16.8354    31.5920    31.5914    22.9396    22.9380     8.8530     8.9980    270.456    274.887     2.8059     2.6825     0.0562     0.3792     3.2540     0.9841     0.0000 -124.64460   47.11616      90.65         14  0.000e+00
      47968   1998.625      3.211      3.238    16.8326    16.8366  40.814944  40.817436    16.8321    16.8361    31.5924    31.5914    22.9395    22.9378     8.8574     9.0030    270.590    275.039     2.8071     2.6838     0.0562     0.3792     3.2552     0.9841     0.0000 -124.64460   47.11616      90.62         14  0.000e+00
      47969   1998.667      3.165      3.191    16.8350    16.8373  40.816482  40.817970    16.8345    16.8368    31.5918    31.5913    22.9385    22.9376     8.8523     9.0028    270.435    275.034     2.8059     2.6838     0.0562     0.3792     3.2540     0.9841     0.0000 -124.64460   47.11616      90.65         14  0.000e+00
      47970   1998.708      3.165      3.191    16.8367    16.8378  40.817350  40.817703    16.8362    16.8373    31.5913    31.5907    22.9377    22.9370     8.8520     9.0028    270.427    275.032     2.8059     2.6838     0.0574     0.4097     3.2540     0.9829     0.0000 -124.64460   47.11616      90.62         14  0.000e+00
      47971   1998.750      3.211      3.238    16.8384    16.8383  40.817551  40.818238    16.8379    16.8378    31.5901    31.5907    22.9364    22.9369     8.8565     8.9977    270.564    274.877     2.8071     2.6825     0.0574     0.4097     3.2540     0.9841     0.0000 -124.64460   47.11616      90.43         14  0.000e+00
      47972   1998.792      3.264      3.291    16.8386    16.8388  40.817016  40.819106    16.8380    16.8383    31.5895    31.5910    22.9359    22.9370     8.8566     9.0027    270.566    275.029     2.8071     2.6838     0.0574     0.4097     3.2540     0.9829     0.0000 -124.64460   47.11616      90.33         14  0.000e+00
      47973   1998.833      3.178      3.205    16.8381    16.8393  40.816281  40.818972    16.8376    16.8388    31.5892    31.5906    22.9358    22.9365     8.8566     8.9975    270.566    274.870     2.8071     2.6825     0.0574     0.4097     3.2540     0.9841     0.0000 -124.64460   47.11616      90.33         14  0.000e+00
