West Coast/WCOA-7/CTD_Data/RB2102_CTD_109_01.ros
* Sea-Bird SBE 9 Data File:
* FileName = C:\Users\scs.user.rb\CTD\RB2102\Data\RB2102_CTD_109_01.hex
* Software Version Seasave V 7.26.7.107
* Temperature SN = 6202
* Conductivity SN = 4907
* Number of Bytes Per Scan = 41
* Number of Voltage Words = 4
* Number of Scans Averaged by the Deck Unit = 1
* NMEA Latitude = 33 29.00 N
* NMEA Longitude = 122 31.94 W
* NMEA UTC (Time) = Jul 17 2021  02:10:54
* NMEA baud rate = 4800
# nquan = 30
# nvalues = 1176                                  
# units = specified
# name 0 = scan: Scan Count
# name 1 = timeS: Time, Elapsed [seconds]
# name 2 = depSM: Depth [salt water, m]
# name 3 = prDM: Pressure, Digiquartz [db]
# name 4 = t090C: Temperature [ITS-90, deg C]
# name 5 = t190C: Temperature, 2 [ITS-90, deg C]
# name 6 = c0mS/cm: Conductivity [mS/cm]
# name 7 = c1mS/cm: Conductivity, 2 [mS/cm]
# name 8 = potemp090C: Potential Temperature [ITS-90, deg C]
# name 9 = potemp190C: Potential Temperature, 2 [ITS-90, deg C]
# name 10 = sal00: Salinity, Practical [PSU]
# name 11 = sal11: Salinity, Practical, 2 [PSU]
# name 12 = sigma-é00: Density [sigma-theta, kg/m^3]
# name 13 = sigma-é11: Density, 2 [sigma-theta, kg/m^3]
# name 14 = sbeox0Mg/L: Oxygen, SBE 43 [mg/l]
# name 15 = sbeox1Mg/L: Oxygen, SBE 43, 2 [mg/l]
# name 16 = sbox0Mm/Kg: Oxygen, SBE 43 [umol/kg]
# name 17 = sbox1Mm/Kg: Oxygen, SBE 43, 2 [umol/kg]
# name 18 = sbeox0V: Oxygen raw, SBE 43 [V]
# name 19 = sbeox1V: Oxygen raw, SBE 43, 2 [V]
# name 20 = v4: Voltage 4
# name 21 = flECO-AFL: Fluorescence, WET Labs ECO-AFL/FL [mg/m^3]
# name 22 = v3: Voltage 3
# name 23 = v6: Voltage 6
# name 24 = v7: Voltage 7
# name 25 = longitude: Longitude [deg]
# name 26 = latitude: Latitude [deg]
# name 27 = altM: Altimeter [m]
# name 28 = nbf: Bottles Fired
# name 29 = flag:  0.000e+00
# interval = seconds: 0.0416667
# start_time = Jul 17 2021 02:10:54 [NMEA time, header]
# bad_flag = -9.990e-29
*END*
[from data line 1016]
     286378  11932.375     10.272     10.346    16.7631    16.7616  42.432190  42.432443    16.7614    16.7599    33.0472    33.0487    24.0716    24.0731     7.9798     8.1338    243.510    248.211     2.5910     2.4860     0.0977     1.4170     3.1673     0.1172     0.0000 -122.53312   33.48282      99.66         21  0.000e+00
     286379  11932.417     10.219     10.292    16.7633    16.7616  42.432326  42.432104    16.7616    16.7600    33.0472    33.0484    24.0716    24.0729     7.9751     8.1338    243.366    248.210     2.5897     2.4860     0.0977     1.4170     3.1685     0.1160     0.0000 -122.53312   33.48282      99.66         21  0.000e+00
     286380  11932.458     10.285     10.359    16.7631    16.7615  42.432801  42.432579    16.7615    16.7599    33.0477    33.0489    24.0720    24.0733     7.9751     8.1339    243.368    248.211     2.5897     2.4860     0.0977     1.4170     3.1673     0.1160     0.0000 -122.53312   33.48282      99.66         21  0.000e+00
     286381  11932.500     10.272     10.346    16.7631    16.7618  42.432598  42.433122    16.7614    16.7601    33.0476    33.0491    24.0719    24.0734     7.9751     8.1288    243.368    248.056     2.5897     2.4847     0.0977     1.4170     3.1661     0.1160     0.0000 -122.53312   33.48282      99.63         21  0.000e+00
     286382  11932.542     10.272     10.346    16.7624    16.7620  42.432054  42.433054    16.7607    16.7604    33.0477    33.0489    24.0722    24.0732     7.9752     8.1287    243.371    248.055     2.5897     2.4847     0.0977     1.4170     3.1685     0.1160     0.0000 -122.53312   33.48282      99.66         21  0.000e+00
     286383  11932.583     10.272     10.345    16.7621    16.7621  42.431375  42.433665    16.7604    16.7605    33.0474    33.0493    24.0720    24.0735     7.9753     8.1287    243.373    248.054     2.5897     2.4847     0.0977     1.4170     3.1685     0.1160     0.0000 -122.53312   33.48282      99.66         21  0.000e+00
     286384  11932.625     10.318     10.392    16.7618    16.7624  42.430628  42.433529    16.7601    16.7607    33.0469    33.0490    24.0717    24.0732     7.9708     8.1287    243.235    248.055     2.5885     2.4847     0.0989     1.4475     3.1673     0.1172     0.0000 -122.53312   33.48282      99.66         21  0.000e+00
     286385  11932.667     10.318     10.392    16.7617    16.7627  42.431036  42.434073    16.7601    16.7610    33.0473    33.0492    24.0720    24.0733     7.9708     8.1287    243.235    248.053     2.5885     2.4847     0.0989     1.4475     3.1661     0.1160     0.0000 -122.53312   33.48282      99.63         21  0.000e+00
     286386  11932.708     10.272     10.345    16.7617    16.7629  42.431443  42.434547    16.7601    16.7612    33.0477    33.0495    24.0723    24.0734     7.9707     8.1286    243.233    248.050     2.5885     2.4847     0.0989     1.4475     3.1673     0.1160     0.0000 -122.53312   33.48282      99.66         21  0.000e+00
     286387  11932.750     10.331     10.405    16.7617    16.7633  42.431919  42.434276    16.7601    16.7617    33.0481    33.0488    24.0726    24.0728     7.9707     8.1286    243.234    248.051     2.5885     2.4847     0.0989     1.4475     3.1685     0.1160     0.0000 -122.53312   33.48282      99.66         21  0.000e+00
     286388  11932.792     10.318     10.392    16.7618    16.7635  42.431104  42.435091    16.7601    16.7618    33.0474    33.0494    24.0721    24.0732     7.9708     8.1235    243.235    247.896     2.5885     2.4835     0.1001     1.4781     3.1673     0.1160     0.0000 -122.53312   33.48284      99.66         21  0.000e+00
     286389  11932.833     10.318     10.392    16.7614    16.7639  42.430560  42.434412    16.7597    16.7622    33.0472    33.0485    24.0720    24.0724     7.9708     8.1235    243.237    247.895     2.5885     2.4835     0.0989     1.4475     3.1673     0.1160     0.0000 -122.53312   33.48284      99.66         21  0.000e+00
     286390  11932.875     10.318     10.392    16.7607    16.7637  42.430493  42.434548    16.7590    16.7620    33.0477    33.0488    24.0726    24.0727     7.9709     8.1285    243.239    248.049     2.5885     2.4847     0.0989     1.4475     3.1673     0.1160     0.0000 -122.53312   33.48284      99.66         21  0.000e+00
     290353  12098.000      3.910      3.938    16.7585    16.7608  42.425238  42.428820    16.7578    16.7601    33.0474    33.0486    24.0726    24.0730     7.9834     8.1375    243.620    248.323     2.5934     2.4884     0.1026     1.5391     3.1661     0.1368     0.0000 -122.53312   33.48284      99.66         22  0.000e+00
     290354  12098.042      4.009      4.038    16.7589    16.7608  42.426189  42.428141    16.7583    16.7601    33.0478    33.0480    24.0728    24.0725     7.9834     8.1377    243.620    248.328     2.5934     2.4884     0.1026     1.5391     3.1636     0.1368     0.0000 -122.53312   33.48284      99.66         22  0.000e+00
     290355  12098.083      3.863      3.891    16.7590    16.7610  42.426460  42.428344    16.7584    16.7603    33.0480    33.0480    24.0730    24.0725     7.9832     8.1375    243.615    248.322     2.5934     2.4884     0.1013     1.5086     3.1648     0.1380     0.0000 -122.53312   33.48284      99.66         22  0.000e+00
     290356  12098.125      3.956      3.984    16.7590    16.7611  42.426120  42.428616    16.7584    16.7605    33.0477    33.0481    24.0727    24.0726     7.9833     8.1375    243.619    248.324     2.5934     2.4884     0.1013     1.5086     3.1661     0.1380     0.0000 -122.53312   33.48284      99.66         22  0.000e+00
     290357  12098.167      4.055      4.084    16.7593    16.7611  42.425781  42.428752    16.7587    16.7605    33.0471    33.0482    24.0722    24.0726     7.9834     8.1376    243.621    248.327     2.5934     2.4884     0.1013     1.5086     3.1648     0.1380     0.0000 -122.53312   33.48284      99.66         22  0.000e+00
     290358  12098.208      4.009      4.038    16.7593    16.7609  42.425713  42.428820    16.7587    16.7603    33.0470    33.0484    24.0721    24.0728     7.9834     8.1376    243.620    248.326     2.5934     2.4884     0.1013     1.5086     3.1636     0.1392     0.0000 -122.53312   33.48284      90.33         22  0.000e+00
     290359  12098.250      4.009      4.038    16.7596    16.7610  42.426256  42.428141    16.7589    16.7603    33.0473    33.0478    24.0723    24.0723     7.9833     8.1376    243.618    248.327     2.5934     2.4884     0.1013     1.5086     3.1624     0.1392     0.0000 -122.53312   33.48284      81.56         22  0.000e+00
     290360  12098.292      4.055      4.084    16.7598    16.7611  42.426460  42.428549    16.7592    16.7604    33.0472    33.0480    24.0722    24.0725     7.9833     8.1376    243.618    248.327     2.5934     2.4884     0.1013     1.5086     3.1636     0.1404     0.0000 -122.53312   33.48284      80.00         22  0.000e+00
     290361  12098.333      4.009      4.038    16.7597    16.7610  42.425102  42.428413    16.7590    16.7603    33.0462    33.0480    24.0714    24.0725     7.9834     8.1376    243.619    248.326     2.5934     2.4884     0.1013     1.5086     3.1636     0.1416     0.0000 -122.53312   33.48284      80.63         22  0.000e+00
     290362  12098.375      4.102      4.131    16.7595    16.7608  42.425442  42.428413    16.7588    16.7601    33.0466    33.0482    24.0718    24.0727     7.9835     8.1377    243.622    248.330     2.5934     2.4884     0.1013     1.5086     3.1636     0.1416     0.0000 -122.53312   33.48284      81.03         22  0.000e+00
     290363  12098.417      4.055      4.084    16.7596    16.7608  42.425713  42.428481    16.7589    16.7602    33.0468    33.0482    24.0719    24.0727     7.9834     8.1377    243.620    248.328     2.5934     2.4884     0.1001     1.4781     3.1636     0.1429     0.0000 -122.53312   33.48284      84.32         22  0.000e+00
     290364  12098.458      4.102      4.131    16.7593    16.7609  42.425917  42.428345    16.7587    16.7603    33.0472    33.0480    24.0722    24.0725     7.9835     8.1427    243.622    248.482     2.5934     2.4896     0.0977     1.4170     3.1648     0.1441     0.0000 -122.53312   33.48284      96.21         22  0.000e+00
     290365  12098.500      4.155      4.184    16.7598    16.7606  42.427683  42.428413    16.7592    16.7599    33.0483    33.0483    24.0730    24.0728     7.9880     8.1428    243.761    248.485     2.5946     2.4896     0.0977     1.4170     3.1648     0.1441     0.0000 -122.53312   33.48284     100.00         22  0.000e+00
     290366  12098.542      4.155      4.184    16.7600    16.7606  42.428091  42.428481    16.7593    16.7600    33.0485    33.0483    24.0731    24.0728     7.9833     8.1378    243.618    248.332     2.5934     2.4884     0.0977     1.4170     3.1661     0.1441     0.0000 -122.53312   33.48284     100.00         22  0.000e+00
     290367  12098.583      4.155      4.184    16.7601    16.7606  42.427411  42.428074    16.7594    16.7599    33.0478    33.0480    24.0726    24.0726     7.9834     8.1428    243.619    248.486     2.5934     2.4896     0.0977     1.4170     3.1661     0.1453     0.0000 -122.53312   33.48284      99.58         22  0.000e+00
     290368  12098.625      4.155      4.184    16.7605    16.7608  42.426596  42.428821    16.7599    16.7601    33.0467    33.0485    24.0716    24.0729     7.9833     8.1378    243.619    248.331     2.5934     2.4884     0.0977     1.4170     3.1648     0.1477     0.0000 -122.53312   33.48284      99.71         22  0.000e+00
     290369  12098.667      4.201      4.231    16.7607    16.7609  42.426665  42.429025    16.7600    16.7603    33.0467    33.0485    24.0715    24.0729     7.9880     8.1428    243.761    248.484     2.5946     2.4896     0.0977     1.4170     3.1636     0.1490     0.0000 -122.53312   33.48284      99.68         22  0.000e+00
     290370  12098.708      4.254      4.284    16.7607    16.7614  42.427344  42.429093    16.7600    16.7607    33.0472    33.0482    24.0720    24.0726     7.9880     8.1428    243.761    248.485     2.5946     2.4896     0.0977     1.4170     3.1648     0.1502     0.0000 -122.53312   33.48284      99.66         22  0.000e+00
     290371  12098.750      4.201      4.231    16.7605    16.7614  42.427887  42.429703    16.7599    16.7608    33.0479    33.0487    24.0725    24.0729     7.9880     8.1427    243.760    248.482     2.5946     2.4896     0.0977     1.4170     3.1648     0.1514     0.0000 -122.53312   33.48284      99.66         22  0.000e+00
     290372  12098.792      4.254      4.284    16.7605    16.7615  42.427616  42.429500    16.7598    16.7608    33.0477    33.0484    24.0724    24.0727     7.9880     8.1378    243.762    248.331     2.5946     2.4884     0.0977     1.4170     3.1661     0.1526     0.0000 -122.53312   33.48284      99.66         22  0.000e+00
     290373  12098.833      4.300      4.331    16.7604    16.7616  42.426937  42.429772    16.7597    16.7609    33.0471    33.0486    24.0720    24.0728     7.9881     8.1378    243.765    248.331     2.5946     2.4884     0.0977     1.4170     3.1648     0.1538     0.0000 -122.53312   33.48284      99.66         22  0.000e+00
     290374  12098.875      4.254      4.284    16.7602    16.7616  42.426529  42.429500    16.7595    16.7609    33.0469    33.0484    24.0719    24.0726     7.9881     8.1377    243.764    248.330     2.5946     2.4884     0.0977     1.4170     3.1648     0.1538     0.0000 -122.53312   33.48284      99.66         22  0.000e+00
     290375  12098.917      4.346      4.378    16.7604    16.7619  42.426665  42.429772    16.7597    16.7612    33.0469    33.0484    24.0718    24.0726     7.9882     8.1378    243.766    248.332     2.5946     2.4884     0.0977     1.4170     3.1648     0.1551     0.0000 -122.53312   33.48284      99.66         22  0.000e+00
     290376  12098.958      4.346      4.378    16.7605    16.7620  42.427888  42.429907    16.7598    16.7613    33.0479    33.0484    24.0725    24.0726     7.9928     8.1378    243.906    248.331     2.5958     2.4884     0.0977     1.4170     3.1648     0.1563     0.0000 -122.53312   33.48284      99.66         22  0.000e+00
     290377  12099.000      4.300      4.331    16.7605    16.7620  42.428295  42.429500    16.7598    16.7613    33.0482    33.0480    24.0727    24.0723     7.9927     8.1377    243.903    248.330     2.5958     2.4884     0.0977     1.4170     3.1648     0.1563     0.0000 -122.53312   33.48284      99.66         22  0.000e+00
     290378  12099.042      4.346      4.378    16.7609    16.7620  42.427752  42.429772    16.7602    16.7613    33.0474    33.0483    24.0721    24.0725     7.9927     8.1378    243.904    248.331     2.5958     2.4884     0.0977     1.4170     3.1648     0.1575     0.0000 -122.53312   33.48284      99.66         22  0.000e+00
     290379  12099.083      4.399      4.431    16.7609    16.7620  42.427548  42.429500    16.7602    16.7613    33.0472    33.0480    24.0719    24.0722     7.9928     8.1378    243.906    248.333     2.5958     2.4884     0.0977     1.4170     3.1648     0.1575     0.0000 -122.53312   33.48284      99.66         22  0.000e+00
     290380  12099.125      4.346      4.377    16.7611    16.7616  42.427276  42.429500    16.7604    16.7609    33.0468    33.0483    24.0716    24.0726     7.9927     8.1378    243.904    248.333     2.5958     2.4884     0.0977     1.4170     3.1648     0.1587     0.0000 -122.53312   33.48284      99.66         22  0.000e+00
     290381  12099.167      4.446      4.478    16.7609    16.7619  42.427684  42.429568    16.7601    16.7611    33.0473    33.0481    24.0720    24.0724     7.9928     8.1379    243.908    248.335     2.5958     2.4884     0.0977     1.4170     3.1636     0.1587     0.0000 -122.53312   33.48284      99.66         22  0.000e+00
     290382  12099.208      4.446      4.477    16.7610    16.7620  42.427956  42.429161    16.7603    16.7613    33.0474    33.0477    24.0721    24.0720     7.9928     8.1379    243.907    248.335     2.5958     2.4884     0.0977     1.4170     3.1648     0.1600     0.0000 -122.53312   33.48284      99.66         22  0.000e+00
     290383  12099.250      4.399      4.431    16.7612    16.7618  42.428431  42.429976    16.7605    16.7611    33.0477    33.0486    24.0722    24.0728     7.9927     8.1379    243.904    248.334     2.5958     2.4884     0.0977     1.4170     3.1661     0.1600     0.0000 -122.53312   33.48284      99.66         22  0.000e+00
     290384  12099.292      4.499      4.531    16.7611    16.7620  42.428024  42.429908    16.7604    16.7613    33.0474    33.0483    24.0720    24.0725     7.9928     8.1379    243.908    248.336     2.5958     2.4884     0.0977     1.4170     3.1661     0.1600     0.0000 -122.53312   33.48284      99.66         22  0.000e+00
     290385  12099.333      4.446      4.477    16.7610    16.7620  42.427616  42.430179    16.7603    16.7613    33.0471    33.0486    24.0718    24.0727     7.9928     8.1379    243.907    248.334     2.5958     2.4884     0.0977     1.4170     3.1648     0.1612     0.0000 -122.53312   33.48284      99.66         22  0.000e+00
     290386  12099.375      4.499      4.531    16.7614    16.7620  42.427752  42.429976    16.7607    16.7613    33.0469    33.0483    24.0716    24.0725     7.9928     8.1379    243.907    248.336     2.5958     2.4884     0.0977     1.4170     3.1648     0.1612     0.0000 -122.53312   33.48284      99.66         22  0.000e+00
