West Coast/WCOA-7/CTD_Data/RB2102_CTD_097_01.ros
* Sea-Bird SBE 9 Data File:
* FileName = C:\Users\scs.user.rb\CTD\RB2102\Data\RB2102_CTD_097_01.hex
* Software Version Seasave V 7.26.7.107
* Temperature SN = 6202
* Conductivity SN = 4907
* Number of Bytes Per Scan = 41
* Number of Voltage Words = 4
* Number of Scans Averaged by the Deck Unit = 1
* NMEA Latitude = 36 27.66 N
* NMEA Longitude = 122 46.87 W
* NMEA UTC (Time) = Jul 14 2021  09:37:52
* NMEA baud rate = 4800
# nquan = 30
# nvalues = 1176                                  
# units = specified
# name 0 = scan: Scan Count
# name 1 = timeS: Time, Elapsed [seconds]
# name 2 = depSM: Depth [salt water, m]
# name 3 = prDM: Pressure, Digiquartz [db]
# name 4 = t090C: Temperature [ITS-90, deg C]
# name 5 = t190C: Temperature, 2 [ITS-90, deg C]
# name 6 = c0mS/cm: Conductivity [mS/cm]
# name 7 = c1mS/cm: Conductivity, 2 [mS/cm]
# name 8 = potemp090C: Potential Temperature [ITS-90, deg C]
# name 9 = potemp190C: Potential Temperature, 2 [ITS-90, deg C]
# name 10 = sal00: Salinity, Practical [PSU]
# name 11 = sal11: Salinity, Practical, 2 [PSU]
# name 12 = sigma-é00: Density [sigma-theta, kg/m^3]
# name 13 = sigma-é11: Density, 2 [sigma-theta, kg/m^3]
# name 14 = sbeox0Mg/L: Oxygen, SBE 43 [mg/l]
# name 15 = sbeox1Mg/L: Oxygen, SBE 43, 2 [mg/l]
# name 16 = sbox0Mm/Kg: Oxygen, SBE 43 [umol/kg]
# name 17 = sbox1Mm/Kg: Oxygen, SBE 43, 2 [umol/kg]
# name 18 = sbeox0V: Oxygen raw, SBE 43 [V]
# name 19 = sbeox1V: Oxygen raw, SBE 43, 2 [V]
# name 20 = v4: Voltage 4
# name 21 = flECO-AFL: Fluorescence, WET Labs ECO-AFL/FL [mg/m^3]
# name 22 = v3: Voltage 3
# name 23 = v6: Voltage 6
# name 24 = v7: Voltage 7
# name 25 = longitude: Longitude [deg]
# name 26 = latitude: Latitude [deg]
# name 27 = altM: Altimeter [m]
# name 28 = nbf: Bottles Fired
# name 29 = flag:  0.000e+00
# interval = seconds: 0.0416667
# start_time = Jul 14 2021 09:37:52 [NMEA time, header]
# bad_flag = -9.990e-29
*END*
[from data line 677]
     215758   8989.875     79.279     79.881    10.1924    10.1906  37.178920  37.179398    10.1832    10.1814    33.8521    33.8543    26.0246    26.0265     4.7106     4.8095    143.474    146.485     1.5641     1.5140     0.0452     0.1044     3.2088     0.1319     0.0024 -122.78328   36.45926      99.49         14  0.000e+00
     215759   8989.917     79.213     79.815    10.1924    10.1908  37.178791  37.178947    10.1832    10.1816    33.8520    33.8537    26.0245    26.0260     4.7106     4.8094    143.473    146.484     1.5641     1.5140     0.0452     0.1044     3.2100     0.1319     0.0024 -122.78328   36.45926      99.49         14  0.000e+00
     215760   8989.958     79.226     79.828    10.1923    10.1908  37.179500  37.179205    10.1831    10.1816    33.8528    33.8539    26.0251    26.0262     4.7105     4.8094    143.473    146.484     1.5641     1.5140     0.0452     0.1044     3.2100     0.1331     0.0024 -122.78328   36.45926      99.49         14  0.000e+00
     215761   8990.000     79.226     79.828    10.1924    10.1908  37.179500  37.179205    10.1832    10.1816    33.8528    33.8539    26.0250    26.0262     4.7105     4.8094    143.473    146.484     1.5641     1.5140     0.0452     0.1044     3.2100     0.1331     0.0024 -122.78328   36.45926      99.51         14  0.000e+00
     215762   8990.042     79.226     79.828    10.1928    10.1911  37.179628  37.179334    10.1836    10.1819    33.8525    33.8537    26.0248    26.0260     4.7105     4.8094    143.471    146.483     1.5641     1.5140     0.0452     0.1044     3.2100     0.1331     0.0024 -122.78328   36.45926      99.51         14  0.000e+00
     215763   8990.083     79.226     79.828    10.1930    10.1911  37.179499  37.179205    10.1838    10.1819    33.8522    33.8536    26.0245    26.0259     4.7105     4.8094    143.471    146.483     1.5641     1.5140     0.0452     0.1044     3.2100     0.1343     0.0024 -122.78328   36.45926      99.49         14  0.000e+00
     215764   8990.125     79.226     79.828    10.1933    10.1911  37.179499  37.179334    10.1841    10.1819    33.8519    33.8537    26.0242    26.0260     4.7105     4.8094    143.470    146.483     1.5641     1.5140     0.0452     0.1044     3.2088     0.1343     0.0024 -122.78328   36.45926      99.51         14  0.000e+00
     215765   8990.167     79.213     79.815    10.1935    10.1911  37.179435  37.178947    10.1843    10.1819    33.8516    33.8534    26.0240    26.0257     4.7104     4.8094    143.470    146.483     1.5641     1.5140     0.0440     0.0739     3.2100     0.1355     0.0024 -122.78328   36.45926      99.49         14  0.000e+00
     215766   8990.208     79.180     79.781    10.1930    10.1909  37.179435  37.178561    10.1838    10.1818    33.8521    33.8531    26.0244    26.0256     4.7105     4.8094    143.470    146.483     1.5641     1.5140     0.0452     0.1044     3.2088     0.1355     0.0024 -122.78328   36.45926      99.49         14  0.000e+00
     219208   9133.625     59.033     59.479    11.1010    11.1497  37.950124  37.990799    11.0938    11.1424    33.7927    33.7883    25.8186    25.8064     6.1868     6.2865    188.473    191.513     1.9341     1.8571     0.0574     0.4097     3.2076     0.1404     0.0000 -122.78326   36.45930      99.32         15  0.000e+00
     219209   9133.667     58.914     59.359    11.0985    11.1488  37.949085  37.990669    11.0913    11.1416    33.7940    33.7890    25.8200    25.8071     6.1870     6.2865    188.478    191.513     1.9341     1.8571     0.0574     0.4097     3.2076     0.1404     0.0000 -122.78326   36.45930      99.32         15  0.000e+00
     219210   9133.708     59.060     59.506    11.0959    11.1483  37.947463  37.990085    11.0887    11.1411    33.7947    33.7888    25.8211    25.8070     6.1874     6.2867    188.492    191.518     1.9341     1.8571     0.0562     0.3792     3.2076     0.1404     0.0000 -122.78326   36.45930      99.32         15  0.000e+00
     219211   9133.750     58.888     59.332    11.0948    11.1478  37.946683  37.989500    11.0876    11.1406    33.7951    33.7888    25.8215    25.8071     6.1874     6.2866    188.492    191.517     1.9341     1.8571     0.0562     0.3792     3.2088     0.1392     0.0000 -122.78326   36.45930      99.32         15  0.000e+00
     219212   9133.792     58.914     59.359    11.0938    11.1468  37.945580  37.988202    11.0866    11.1396    33.7949    33.7884    25.8216    25.8070     6.1876     6.2868    188.497    191.522     1.9341     1.8571     0.0574     0.4097     3.2088     0.1392     0.0000 -122.78326   36.45930      99.32         15  0.000e+00
     219213   9133.833     58.961     59.406    11.0927    11.1456  37.944477  37.986709    11.0854    11.1384    33.7948    33.7880    25.8217    25.8069     6.1930     6.2870    188.662    191.529     1.9353     1.8571     0.0562     0.3792     3.2088     0.1380     0.0000 -122.78326   36.45930      99.32         15  0.000e+00
     219214   9133.875     58.841     59.285    11.0913    11.1445  37.944476  37.985216    11.0841    11.1373    33.7961    33.7876    25.8229    25.8068     6.1878     6.2871    188.504    191.532     1.9341     1.8571     0.0574     0.4097     3.2076     0.1380     0.0000 -122.78326   36.45930      99.32         15  0.000e+00
     219215   9133.917     58.861     59.305    11.0921    11.1423  37.944087  37.983983    11.0849    11.1351    33.7950    33.7884    25.8219    25.8078     6.1930     6.2874    188.662    191.541     1.9353     1.8571     0.0574     0.4097     3.2076     0.1355     0.0000 -122.78326   36.45930      99.32         15  0.000e+00
     219216   9133.958     58.914     59.359    11.0928    11.1399  37.944152  37.983594    11.0856    11.1326    33.7944    33.7902    25.8213    25.8097     6.1929     6.2877    188.661    191.550     1.9353     1.8571     0.0562     0.3792     3.2088     0.1343     0.0000 -122.78326   36.45930      99.32         15  0.000e+00
     219217   9134.000     58.788     59.232    11.0923    11.1395  37.944021  37.983918    11.0851    11.1323    33.7948    33.7909    25.8217    25.8102     6.1929     6.2876    188.659    191.548     1.9353     1.8571     0.0574     0.4097     3.2088     0.1343     0.0000 -122.78326   36.45930      99.32         15  0.000e+00
     219218   9134.042     58.861     59.305    11.0928    11.1395  37.944931  37.984438    11.0856    11.1323    33.7952    33.7914    25.8220    25.8106     6.1929     6.2877    188.658    191.549     1.9353     1.8571     0.0562     0.3792     3.2076     0.1331     0.0000 -122.78326   36.45930      99.32         15  0.000e+00
     219219   9134.083     58.861     59.305    11.0945    11.1405  37.946229  37.984373    11.0873    11.1333    33.7949    33.7905    25.8215    25.8097     6.1927     6.2932    188.652    191.719     1.9353     1.8584     0.0574     0.4097     3.2076     0.1331     0.0000 -122.78326   36.45930      99.32         15  0.000e+00
     219220   9134.125     58.788     59.232    11.0954    11.1405  37.947332  37.982750    11.0883    11.1333    33.7951    33.7889    25.8215    25.8085     6.1925     6.2876    188.646    191.546     1.9353     1.8571     0.0562     0.3792     3.2088     0.1319     0.0000 -122.78326   36.45930      99.32         15  0.000e+00
     219221   9134.167     58.815     59.259    11.0964    11.1385  37.947787  37.979310    11.0892    11.1313    33.7947    33.7873    25.8210    25.8076     6.1924     6.2880    188.643    191.558     1.9353     1.8571     0.0562     0.3792     3.2088     0.1319     0.0000 -122.78326   36.45930      99.32         15  0.000e+00
     219222   9134.208     58.815     59.259    11.0976    11.1336  37.948696  37.973274    11.0904    11.1264    33.7945    33.7858    25.8206    25.8074     6.1922     6.2944    188.638    191.754     1.9353     1.8584     0.0574     0.4097     3.2076     0.1306     0.0000 -122.78326   36.45930      99.32         15  0.000e+00
     219223   9134.250     58.788     59.232    11.1009    11.1256  37.951162  37.966850    11.0937    11.1183    33.7940    33.7868    25.8196    25.8096     6.1970     6.2955    188.784    191.788     1.9365     1.8584     0.0562     0.3792     3.2088     0.1306     0.0000 -122.78326   36.45930      99.32         15  0.000e+00
     219224   9134.292     58.762     59.205    11.1034    11.1186  37.952655  37.963541    11.0962    11.1114    33.7932    33.7900    25.8185    25.8133     6.1966     6.2964    188.774    191.813     1.9365     1.8584     0.0562     0.3792     3.2088     0.1294     0.0000 -122.78326   36.45930      99.32         15  0.000e+00
     219225   9134.333     58.815     59.259    11.1053    11.1162  37.954149  37.963477    11.0981    11.1090    33.7928    33.7921    25.8179    25.8153     6.1964     6.2967    188.767    191.822     1.9365     1.8584     0.0574     0.4097     3.2076     0.1294     0.0000 -122.78326   36.45930      99.32         15  0.000e+00
     219226   9134.375     58.742     59.185    11.1071    11.1173  37.957070  37.963671    11.0999    11.1101    33.7941    33.7913    25.8185    25.8146     6.1909     6.2965    188.597    191.817     1.9353     1.8584     0.0562     0.3792     3.2088     0.1294     0.0000 -122.78326   36.45930      99.32         15  0.000e+00
     219227   9134.417     58.815     59.259    11.1116    11.1159  37.962914  37.962179    11.1044    11.1087    33.7957    33.7911    25.8190    25.8146     6.1902     6.2968    188.578    191.825     1.9353     1.8584     0.0574     0.4097     3.2076     0.1294     0.0000 -122.78326   36.45930      99.32         15  0.000e+00
     219228   9134.458     58.762     59.205    11.1183    11.1121  37.967848  37.961205    11.1111    11.1049    33.7945    33.7936    25.8168    25.8173     6.1945     6.2972    188.710    191.837     1.9365     1.8584     0.0562     0.3792     3.2088     0.1306     0.0000 -122.78326   36.45930      99.32         15  0.000e+00
     219229   9134.500     58.742     59.185    11.1220    11.1090  37.970056  37.960232    11.1147    11.1018    33.7934    33.7955    25.8153    25.8193     6.1888     6.3032    188.537    192.020     1.9353     1.8596     0.0562     0.3792     3.2076     0.1306     0.0000 -122.78326   36.45930      99.32         15  0.000e+00
     219230   9134.542     58.762     59.205    11.1246    11.1078  37.971290  37.959259    11.1173    11.1006    33.7922    33.7957    25.8139    25.8197     6.1938     6.2977    188.687    191.853     1.9365     1.8584     0.0562     0.3792     3.2088     0.1306     0.0000 -122.78326   36.45930      99.32         15  0.000e+00
     219231   9134.583     58.762     59.205    11.1260    11.1096  37.971614  37.959259    11.1188    11.1024    33.7911    33.7940    25.8128    25.8180     6.1936     6.2975    188.682    191.847     1.9365     1.8584     0.0574     0.4097     3.2076     0.1306     0.0000 -122.78326   36.45930      99.32         15  0.000e+00
     219232   9134.625     58.788     59.232    11.1272    11.1108  37.972588  37.958805    11.1200    11.1036    33.7910    33.7924    25.8125    25.8166     6.1882     6.3031    188.519    192.018     1.9353     1.8596     0.0574     0.4097     3.2076     0.1306     0.0000 -122.78326   36.45930      99.32         15  0.000e+00
     219233   9134.667     58.762     59.205    11.1303    11.1128  37.975900  37.960427    11.1231    11.1056    33.7914    33.7922    25.8123    25.8161     6.1878     6.3028    188.505    192.009     1.9353     1.8596     0.0562     0.3792     3.2088     0.1319     0.0000 -122.78326   36.45930      99.32         15  0.000e+00
     219234   9134.708     58.841     59.285    11.1354    11.1141  37.979667  37.962439    11.1282    11.1069    33.7905    33.7930    25.8106    25.8164     6.1872     6.3027    188.487    192.004     1.9353     1.8596     0.0562     0.3792     3.2063     0.1319     0.0000 -122.78326   36.45930      99.32         15  0.000e+00
     219235   9134.750     58.762     59.205    11.1396    11.1134  37.983108  37.961530    11.1323    11.1062    33.7901    33.7927    25.8096    25.8163     6.1866     6.3027    188.469    192.005     1.9353     1.8596     0.0574     0.4097     3.2088     0.1319     0.0000 -122.78326   36.45930      99.32         15  0.000e+00
     219236   9134.792     58.815     59.259    11.1435    11.1113  37.986420  37.959713    11.1363    11.1041    33.7897    33.7929    25.8086    25.8168     6.1861     6.3087    188.454    192.189     1.9353     1.8608     0.0562     0.3792     3.2076     0.1319     0.0000 -122.78326   36.45930      99.32         15  0.000e+00
     219237   9134.833     58.788     59.232    11.1468    11.1108  37.989018  37.959129    11.1396    11.1036    33.7893    33.7928    25.8076    25.8168     6.1856     6.3088    188.440    192.190     1.9353     1.8608     0.0574     0.4097     3.2076     0.1319     0.0000 -122.78326   36.45930      99.32         15  0.000e+00
     219238   9134.875     58.815     59.259    11.1498    11.1116  37.991096  37.961011    11.1426    11.1044    33.7886    33.7939    25.8066    25.8176     6.1800     6.3086    188.271    192.186     1.9341     1.8608     0.0562     0.3792     3.2076     0.1319     0.0000 -122.78326   36.45930      99.32         15  0.000e+00
     219239   9134.917     58.815     59.259    11.1524    11.1137  37.993110  37.963412    11.1452    11.1065    33.7882    33.7943    25.8058    25.8175     6.1797     6.3083    188.260    192.176     1.9341     1.8608     0.0562     0.3792     3.2088     0.1319     0.0000 -122.78326   36.45930      99.32         15  0.000e+00
     219240   9134.958     58.841     59.285    11.1542    11.1173  37.994344  37.967305    11.1470    11.1100    33.7877    33.7949    25.8051    25.8173     6.1795     6.3078    188.254    192.160     1.9341     1.8608     0.0562     0.3792     3.2088     0.1306     0.0000 -122.78326   36.45930      99.32         15  0.000e+00
     219241   9135.000     58.861     59.305    11.1554    11.1243  37.993824  37.973081    11.1481    11.1171    33.7862    33.7941    25.8037    25.8155     6.1794     6.3068    188.252    192.131     1.9341     1.8608     0.0574     0.4097     3.2076     0.1306     0.0000 -122.78326   36.45930      99.32         15  0.000e+00
     219242   9135.042     58.914     59.359    11.1557    11.1316  37.993370  37.979960    11.1485    11.1243    33.7854    33.7943    25.8030    25.8143     6.1794     6.3058    188.253    192.100     1.9341     1.8608     0.0574     0.4097     3.2076     0.1306     0.0000 -122.78326   36.45930      99.32         15  0.000e+00
     219243   9135.083     58.841     59.285    11.1557    11.1387  37.993499  37.985801    11.1485    11.1315    33.7855    33.7935    25.8031    25.8124     6.1794     6.3047    188.251    192.067     1.9341     1.8608     0.0562     0.3792     3.2088     0.1306     0.0000 -122.78326   36.45930      99.32         15  0.000e+00
     219244   9135.125     58.914     59.359    11.1552    11.1440  37.992525  37.989111    11.1480    11.1368    33.7850    33.7919    25.8028    25.8102     6.1795     6.3097    188.255    192.221     1.9341     1.8620     0.0562     0.3792     3.2088     0.1294     0.0000 -122.78326   36.45930      99.32         15  0.000e+00
     219245   9135.167     58.914     59.359    11.1523    11.1473  37.988433  37.988592    11.1450    11.1401    33.7837    33.7884    25.8023    25.8069     6.1800     6.3094    188.269    192.211     1.9341     1.8620     0.0562     0.3792     3.2088     0.1294     0.0000 -122.78326   36.45930      99.32         15  0.000e+00
     219246   9135.208     58.941     59.385    11.1460    11.1448  37.983693  37.984567    11.1387    11.1376    33.7847    33.7866    25.8043    25.8060     6.1808     6.3099    188.295    192.225     1.9341     1.8620     0.0574     0.4097     3.2063     0.1294     0.0000 -122.78326   36.45930      99.32         15  0.000e+00
