West Coast/WCOA-7/CTD_Data/RB2102_CTD_020_01.ros
* Sea-Bird SBE 9 Data File:
* FileName = C:\Users\scs.user.rb\CTD\RB2102\Data\RB2102_CTD_020_01.hex
* Software Version Seasave V 7.26.7.107
* Temperature SN = 6202
* Conductivity SN = 4907
* Number of Bytes Per Scan = 41
* Number of Voltage Words = 4
* Number of Scans Averaged by the Deck Unit = 1
* NMEA Latitude = 48 07.87 N
* NMEA Longitude = 125 10.49 W
* NMEA UTC (Time) = Jun 28 2021  23:06:56
* NMEA baud rate = 4800
# nquan = 30
# nvalues = 879                                   
# units = specified
# name 0 = scan: Scan Count
# name 1 = timeS: Time, Elapsed [seconds]
# name 2 = depSM: Depth [salt water, m]
# name 3 = prDM: Pressure, Digiquartz [db]
# name 4 = t090C: Temperature [ITS-90, deg C]
# name 5 = t190C: Temperature, 2 [ITS-90, deg C]
# name 6 = c0mS/cm: Conductivity [mS/cm]
# name 7 = c1mS/cm: Conductivity, 2 [mS/cm]
# name 8 = potemp090C: Potential Temperature [ITS-90, deg C]
# name 9 = potemp190C: Potential Temperature, 2 [ITS-90, deg C]
# name 10 = sal00: Salinity, Practical [PSU]
# name 11 = sal11: Salinity, Practical, 2 [PSU]
# name 12 = sigma-é00: Density [sigma-theta, kg/m^3]
# name 13 = sigma-é11: Density, 2 [sigma-theta, kg/m^3]
# name 14 = sbeox0Mg/L: Oxygen, SBE 43 [mg/l]
# name 15 = sbeox1Mg/L: Oxygen, SBE 43, 2 [mg/l]
# name 16 = sbox0Mm/Kg: Oxygen, SBE 43 [umol/kg]
# name 17 = sbox1Mm/Kg: Oxygen, SBE 43, 2 [umol/kg]
# name 18 = sbeox0V: Oxygen raw, SBE 43 [V]
# name 19 = sbeox1V: Oxygen raw, SBE 43, 2 [V]
# name 20 = v4: Voltage 4
# name 21 = flECO-AFL: Fluorescence, WET Labs ECO-AFL/FL [mg/m^3]
# name 22 = v3: Voltage 3
# name 23 = v6: Voltage 6
# name 24 = v7: Voltage 7
# name 25 = longitude: Longitude [deg]
# name 26 = latitude: Latitude [deg]
# name 27 = altM: Altimeter [m]
# name 28 = nbf: Bottles Fired
# name 29 = flag:  0.000e+00
# interval = seconds: 0.0416667
# start_time = Jun 28 2021 23:06:56 [NMEA time, header]
# bad_flag = -9.990e-29
*END*
[from data line 291]
      33224   1384.292    123.968    125.056     6.9764     6.9756  34.331566  34.330114     6.9649     6.9642    33.9129    33.9120    26.5672    26.5666     3.1522     3.1137     95.958     94.785     1.1514     1.1050     0.0415     0.0129     3.4799     1.6496     0.0147 -125.17472   48.13116      99.73          6  0.000e+00
      33225   1384.333    124.014    125.103     6.9762     6.9756  34.331754  34.330239     6.9647     6.9642    33.9133    33.9122    26.5675    26.5667     3.1522     3.1137     95.959     94.786     1.1514     1.1050     0.0427     0.0434     3.4786     1.6496     0.0147 -125.17472   48.13116      99.73          6  0.000e+00
      33226   1384.375    124.014    125.103     6.9765     6.9753  34.331629  34.330239     6.9651     6.9639    33.9128    33.9125    26.5671    26.5670     3.1464     3.1137     95.782     94.786     1.1502     1.1050     0.0427     0.0434     3.4786     1.6496     0.0147 -125.17472   48.13116      99.73          6  0.000e+00
      37183   1549.250     99.423    100.290     6.9982     6.9993  34.325990  34.327161     6.9891     6.9901    33.8974    33.8976    26.5517    26.5517     3.1927     3.1526     97.194     95.972     1.1624     1.1148     0.0403    -0.0177     3.4762     1.6496     0.0147 -125.17470   48.13116      99.73          7  0.000e+00
      37184   1549.292     99.383    100.250     6.9981     6.9991  34.326364  34.326350     6.9890     6.9900    33.8979    33.8969    26.5521    26.5512     3.1927     3.1526     97.193     95.972     1.1624     1.1148     0.0403    -0.0177     3.4762     1.6496     0.0147 -125.17470   48.13116      99.73          7  0.000e+00
      37185   1549.333     99.423    100.290     6.9973     6.9991  34.326115  34.326849     6.9881     6.9899    33.8984    33.8975    26.5527    26.5517     3.1928     3.1526     97.195     95.972     1.1624     1.1148     0.0415     0.0129     3.4750     1.6496     0.0147 -125.17470   48.13116      99.73          7  0.000e+00
      37186   1549.375     99.482    100.350     6.9970     6.9993  34.326365  34.326849     6.9879     6.9901    33.8989    33.8973    26.5531    26.5515     3.1871     3.1526     97.021     95.973     1.1612     1.1148     0.0415     0.0129     3.4762     1.6496     0.0147 -125.17470   48.13116      99.73          7  0.000e+00
      37187   1549.417     99.376    100.243     6.9969     6.9989  34.326489  34.326786     6.9878     6.9898    33.8992    33.8976    26.5533    26.5518     3.1870     3.1526     97.019     95.972     1.1612     1.1148     0.0403    -0.0177     3.4762     1.6496     0.0147 -125.17470   48.13116      99.73          7  0.000e+00
      37188   1549.458     99.429    100.296     6.9971     6.9991  34.326302  34.326974     6.9880     6.9899    33.8988    33.8976    26.5529    26.5518     3.1928     3.1526     97.196     95.972     1.1624     1.1148     0.0403    -0.0177     3.4750     1.6496     0.0147 -125.17470   48.13116      99.73          7  0.000e+00
      37189   1549.500     99.423    100.290     6.9967     6.9989  34.326178  34.326599     6.9875     6.9898    33.8991    33.8974    26.5532    26.5516     3.1928     3.1526     97.196     95.973     1.1624     1.1148     0.0403    -0.0177     3.4750     1.6496     0.0147 -125.17470   48.13116      99.73          7  0.000e+00
      37190   1549.542     99.383    100.250     6.9966     6.9988  34.325990  34.326225     6.9875     6.9896    33.8989    33.8971    26.5531    26.5514     3.1928     3.1526     97.196     95.973     1.1624     1.1148     0.0403    -0.0177     3.4750     1.6496     0.0147 -125.17470   48.13116      99.73          7  0.000e+00
      37191   1549.583     99.423    100.290     6.9969     6.9991  34.326365  34.326599     6.9877     6.9899    33.8991    33.8972    26.5532    26.5514     3.1928     3.1526     97.196     95.973     1.1624     1.1148     0.0403    -0.0177     3.4762     1.6496     0.0147 -125.17470   48.13116      99.73          7  0.000e+00
      37192   1549.625     99.430    100.297     6.9968     6.9988  34.325990  34.326537     6.9876     6.9896    33.8988    33.8974    26.5530    26.5516     3.1871     3.1526     97.021     95.973     1.1612     1.1148     0.0403    -0.0177     3.4750     1.6496     0.0147 -125.17470   48.13116      99.73          7  0.000e+00
      37193   1549.667     99.377    100.243     6.9967     6.9989  34.325928  34.326662     6.9875     6.9898    33.8988    33.8974    26.5530    26.5516     3.1928     3.1526     97.196     95.972     1.1624     1.1148     0.0403    -0.0177     3.4750     1.6496     0.0147 -125.17470   48.13116      99.73          7  0.000e+00
      37194   1549.708     99.430    100.297     6.9968     6.9989  34.325865  34.326288     6.9876     6.9898    33.8986    33.8970    26.5529    26.5513     3.1928     3.1526     97.197     95.973     1.1624     1.1148     0.0403    -0.0177     3.4762     1.6484     0.0147 -125.17470   48.13116      99.73          7  0.000e+00
      37195   1549.750     99.383    100.250     6.9966     6.9989  34.325928  34.326599     6.9875     6.9898    33.8989    33.8974    26.5531    26.5516     3.1928     3.1526     97.196     95.972     1.1624     1.1148     0.0403    -0.0177     3.4762     1.6484     0.0147 -125.17470   48.13116      99.73          7  0.000e+00
      37196   1549.792     99.423    100.290     6.9969     6.9989  34.326115  34.326537     6.9877     6.9898    33.8988    33.8973    26.5530    26.5515     3.1928     3.1526     97.196     95.973     1.1624     1.1148     0.0403    -0.0177     3.4762     1.6484     0.0147 -125.17470   48.13116      99.71          7  0.000e+00
      37197   1549.833     99.383    100.250     6.9968     6.9988  34.325990  34.326662     6.9876     6.9896    33.8988    33.8976    26.5530    26.5518     3.1928     3.1526     97.196     95.973     1.1624     1.1148     0.0403    -0.0177     3.4750     1.6484     0.0147 -125.17470   48.13116      99.73          7  0.000e+00
      37198   1549.875     99.423    100.290     6.9970     6.9989  34.326115  34.326537     6.9879     6.9898    33.8987    33.8973    26.5529    26.5515     3.1928     3.1526     97.196     95.973     1.1624     1.1148     0.0403    -0.0177     3.4762     1.6484     0.0147 -125.17470   48.13116      99.73          7  0.000e+00
      37199   1549.917     99.383    100.250     6.9971     6.9988  34.326614  34.326475     6.9880     6.9896    33.8992    33.8974    26.5532    26.5516     3.1928     3.1526     97.195     95.973     1.1624     1.1148     0.0415     0.0129     3.4750     1.6484     0.0147 -125.17470   48.13116      99.73          7  0.000e+00
      37200   1549.958     99.377    100.243     6.9977     6.9989  34.326427  34.326475     6.9885     6.9898    33.8984    33.8972    26.5526    26.5515     3.1927     3.1526     97.194     95.972     1.1624     1.1148     0.0415     0.0129     3.4750     1.6496     0.0147 -125.17470   48.13116      99.73          7  0.000e+00
      37201   1550.000     99.430    100.297     6.9979     6.9989  34.326427  34.326662     6.9888     6.9898    33.8981    33.8974    26.5523    26.5516     3.1928     3.1526     97.194     95.973     1.1624     1.1148     0.0415     0.0129     3.4750     1.6484     0.0147 -125.17470   48.13116      99.73          7  0.000e+00
      37202   1550.042     99.377    100.243     6.9982     6.9988  34.326739  34.326537     6.9891     6.9896    33.8982    33.8975    26.5523    26.5517     3.1927     3.1526     97.193     95.973     1.1624     1.1148     0.0415     0.0129     3.4750     1.6484     0.0147 -125.17470   48.13116      99.73          7  0.000e+00
      37203   1550.083     99.430    100.297     6.9985     6.9984  34.327238  34.326475     6.9893     6.9893    33.8985    33.8977    26.5525    26.5519     3.1927     3.1464     97.193     95.782     1.1624     1.1136     0.0403    -0.0177     3.4750     1.6484     0.0147 -125.17470   48.13116      99.73          7  0.000e+00
      37204   1550.125     99.377    100.243     6.9986     6.9978  34.326926  34.325976     6.9894     6.9887    33.8981    33.8978    26.5522    26.5521     3.1927     3.1527     97.192     95.975     1.1624     1.1148     0.0403    -0.0177     3.4750     1.6484     0.0147 -125.17470   48.13116      99.73          7  0.000e+00
      37205   1550.167     99.430    100.297     6.9986     6.9973  34.326801  34.325602     6.9895     6.9882    33.8979    33.8978    26.5520    26.5522     3.1927     3.1528     97.193     95.977     1.1624     1.1148     0.0403    -0.0177     3.4750     1.6484     0.0147 -125.17470   48.13116      99.73          7  0.000e+00
      37206   1550.208     99.377    100.243     6.9986     6.9972  34.326801  34.325290     6.9894     6.9880    33.8980    33.8977    26.5521    26.5521     3.1927     3.1527     97.192     95.976     1.1624     1.1148     0.0403    -0.0177     3.4762     1.6496     0.0147 -125.17470   48.13116      99.73          7  0.000e+00
      37207   1550.250     99.430    100.297     6.9985     6.9971  34.326802  34.324978     6.9893     6.9880    33.8980    33.8973    26.5522    26.5518     3.1927     3.1528     97.193     95.977     1.1624     1.1148     0.0415     0.0129     3.4750     1.6484     0.0147 -125.17470   48.13116      99.73          7  0.000e+00
      37208   1550.292     99.423    100.290     6.9986     6.9965  34.327238  34.325103     6.9894     6.9873    33.8984    33.8981    26.5524    26.5525     3.1927     3.1528     97.192     95.978     1.1624     1.1148     0.0403    -0.0177     3.4762     1.6484     0.0147 -125.17470   48.13116      99.73          7  0.000e+00
      37209   1550.333     99.383    100.250     6.9984     6.9965  34.327425  34.325228     6.9893     6.9873    33.8988    33.8983    26.5528    26.5526     3.1869     3.1528     97.016     95.978     1.1612     1.1148     0.0415     0.0129     3.4737     1.6484     0.0147 -125.17470   48.13116      99.73          7  0.000e+00
      37210   1550.375     99.423    100.290     6.9986     6.9965  34.327114  34.325477     6.9895     6.9873    33.8982    33.8985    26.5523    26.5528     3.1927     3.1528     97.192     95.978     1.1624     1.1148     0.0403    -0.0177     3.4762     1.6496     0.0147 -125.17470   48.13116      99.73          7  0.000e+00
      37211   1550.417     99.430    100.297     6.9988     6.9970  34.327051  34.325727     6.9896     6.9878    33.8980    33.8983    26.5521    26.5526     3.1927     3.1528     97.192     95.977     1.1624     1.1148     0.0403    -0.0177     3.4750     1.6484     0.0147 -125.17470   48.13116      99.73          7  0.000e+00
      37212   1550.458     99.423    100.290     6.9986     6.9975  34.327363  34.325851     6.9895     6.9883    33.8985    33.8980    26.5525    26.5523     3.1927     3.1527     97.192     95.976     1.1624     1.1148     0.0403    -0.0177     3.4762     1.6484     0.0147 -125.17470   48.13116      99.73          7  0.000e+00
      37213   1550.500     99.430    100.297     6.9986     6.9975  34.327114  34.326038     6.9894     6.9883    33.8983    33.8982    26.5523    26.5524     3.1927     3.1527     97.193     95.976     1.1624     1.1148     0.0415     0.0129     3.4750     1.6484     0.0147 -125.17470   48.13116      99.73          7  0.000e+00
      37214   1550.542     99.423    100.290     6.9986     6.9978  34.327363  34.325914     6.9895     6.9886    33.8985    33.8977    26.5525    26.5520     3.1927     3.1527     97.192     95.975     1.1624     1.1148     0.0403    -0.0177     3.4762     1.6484     0.0147 -125.17470   48.13116      99.73          7  0.000e+00
      37215   1550.583     99.430    100.297     6.9986     6.9976  34.327363  34.326288     6.9894     6.9885    33.8985    33.8983    26.5526    26.5525     3.1927     3.1527     97.192     95.975     1.1624     1.1148     0.0415     0.0129     3.4750     1.6484     0.0147 -125.17470   48.13116      99.73          7  0.000e+00
      37216   1550.625     99.483    100.350     6.9988     6.9979  34.327363  34.326226     6.9896     6.9888    33.8983    33.8979    26.5524    26.5521     3.1927     3.1527     97.193     95.976     1.1624     1.1148     0.0403    -0.0177     3.4762     1.6484     0.0147 -125.17470   48.13116      99.73          7  0.000e+00
      37217   1550.667     99.377    100.243     6.9986     6.9976  34.327425  34.326163     6.9895     6.9885    33.8986    33.8982    26.5526    26.5524     3.1927     3.1527     97.192     95.975     1.1624     1.1148     0.0415     0.0129     3.4762     1.6484     0.0147 -125.17470   48.13116      99.73          7  0.000e+00
      37218   1550.708     99.483    100.350     6.9986     6.9968  34.327114  34.325664     6.9894     6.9877    33.8982    33.8984    26.5523    26.5526     3.1927     3.1528     97.193     95.978     1.1624     1.1148     0.0403    -0.0177     3.4762     1.6484     0.0147 -125.17470   48.13116      99.73          7  0.000e+00
      37219   1550.750     99.423    100.290     6.9986     6.9961  34.326864  34.325290     6.9895     6.9870    33.8980    33.8986    26.5521    26.5530     3.1869     3.1528     97.017     95.979     1.1612     1.1148     0.0403    -0.0177     3.4762     1.6484     0.0147 -125.17470   48.13116      99.73          7  0.000e+00
      37220   1550.792     99.529    100.397     6.9984     6.9955  34.326989  34.325228     6.9893     6.9864    33.8982    33.8991    26.5523    26.5534     3.1928     3.1529     97.194     95.981     1.1624     1.1148     0.0403    -0.0177     3.4762     1.6484     0.0147 -125.17470   48.13116      99.73          7  0.000e+00
      37221   1550.833     99.423    100.290     6.9988     6.9952  34.327800  34.324978     6.9896     6.9860    33.8988    33.8993    26.5527    26.5536     3.1869     3.1529     97.016     95.981     1.1612     1.1148     0.0415     0.0129     3.4750     1.6484     0.0147 -125.17470   48.13116      99.73          7  0.000e+00
      37222   1550.875     99.483    100.350     6.9988     6.9949  34.327301  34.324417     6.9896     6.9857    33.8983    33.8989    26.5523    26.5533     3.1927     3.1529     97.193     95.982     1.1624     1.1148     0.0403    -0.0177     3.4750     1.6484     0.0147 -125.17470   48.13116      99.73          7  0.000e+00
      37223   1550.917     99.476    100.344     6.9988     6.9945  34.327239  34.324293     6.9896     6.9854    33.8982    33.8991    26.5523    26.5535     3.1927     3.1530     97.193     95.983     1.1624     1.1148     0.0403    -0.0177     3.4762     1.6484     0.0147 -125.17470   48.13116      99.73          7  0.000e+00
      37224   1550.958     99.529    100.397     6.9991     6.9939  34.327176  34.324293     6.9899     6.9848    33.8978    33.8997    26.5519    26.5541     3.1869     3.1530     97.017     95.985     1.1612     1.1148     0.0403    -0.0177     3.4750     1.6484     0.0147 -125.17470   48.13116      99.73          7  0.000e+00
      37225   1551.000     99.476    100.344     6.9990     6.9934  34.327301  34.323856     6.9899     6.9843    33.8980    33.8997    26.5520    26.5542     3.1869     3.1530     97.017     95.985     1.1612     1.1148     0.0403    -0.0177     3.4762     1.6484     0.0147 -125.17470   48.13116      99.73          7  0.000e+00
      37226   1551.042     99.529    100.397     6.9989     6.9931  34.327176  34.323233     6.9898     6.9839    33.8979    33.8993    26.5520    26.5539     3.1870     3.1531     97.018     95.987     1.1612     1.1148     0.0403    -0.0177     3.4750     1.6484     0.0147 -125.17470   48.13116      99.73          7  0.000e+00
