West Coast/WCOA-7/CTD_Data/RB2102_CTD_022_01.ros
* Sea-Bird SBE 9 Data File:
* FileName = C:\Users\scs.user.rb\CTD\RB2102\Data\RB2102_CTD_022_01.hex
* Software Version Seasave V 7.26.7.107
* Temperature SN = 6202
* Conductivity SN = 4907
* Number of Bytes Per Scan = 41
* Number of Voltage Words = 4
* Number of Scans Averaged by the Deck Unit = 1
* NMEA Latitude = 47 57.23 N
* NMEA Longitude = 124 54.45 W
* NMEA UTC (Time) = Jun 29 2021  09:13:31
* NMEA baud rate = 4800
# nquan = 30
# nvalues = 833                                   
# units = specified
# name 0 = scan: Scan Count
# name 1 = timeS: Time, Elapsed [seconds]
# name 2 = depSM: Depth [salt water, m]
# name 3 = prDM: Pressure, Digiquartz [db]
# name 4 = t090C: Temperature [ITS-90, deg C]
# name 5 = t190C: Temperature, 2 [ITS-90, deg C]
# name 6 = c0mS/cm: Conductivity [mS/cm]
# name 7 = c1mS/cm: Conductivity, 2 [mS/cm]
# name 8 = potemp090C: Potential Temperature [ITS-90, deg C]
# name 9 = potemp190C: Potential Temperature, 2 [ITS-90, deg C]
# name 10 = sal00: Salinity, Practical [PSU]
# name 11 = sal11: Salinity, Practical, 2 [PSU]
# name 12 = sigma-é00: Density [sigma-theta, kg/m^3]
# name 13 = sigma-é11: Density, 2 [sigma-theta, kg/m^3]
# name 14 = sbeox0Mg/L: Oxygen, SBE 43 [mg/l]
# name 15 = sbeox1Mg/L: Oxygen, SBE 43, 2 [mg/l]
# name 16 = sbox0Mm/Kg: Oxygen, SBE 43 [umol/kg]
# name 17 = sbox1Mm/Kg: Oxygen, SBE 43, 2 [umol/kg]
# name 18 = sbeox0V: Oxygen raw, SBE 43 [V]
# name 19 = sbeox1V: Oxygen raw, SBE 43, 2 [V]
# name 20 = v4: Voltage 4
# name 21 = flECO-AFL: Fluorescence, WET Labs ECO-AFL/FL [mg/m^3]
# name 22 = v3: Voltage 3
# name 23 = v6: Voltage 6
# name 24 = v7: Voltage 7
# name 25 = longitude: Longitude [deg]
# name 26 = latitude: Latitude [deg]
# name 27 = altM: Altimeter [m]
# name 28 = nbf: Bottles Fired
# name 29 = flag:  0.000e+00
# interval = seconds: 0.0416667
# start_time = Jun 29 2021 09:13:31 [NMEA time, header]
# bad_flag = -9.990e-29
*END*
[from data line 484]
      37651   1568.750     10.866     10.958    15.4762    15.4707  39.788958  39.779895    15.4746    15.4691    31.7709    31.7673    23.3813    23.3797     9.5111     9.4084    290.435    287.300     2.9121     2.7179     0.0623     0.5318     3.1954     0.9792     0.0000 -124.90716   47.95392      77.46         10  0.000e+00
      37652   1568.792     10.819     10.911    15.4786    15.4707  39.790810  39.779101    15.4770    15.4690    31.7707    31.7667    23.3806    23.3792     9.5106     9.4136    290.420    287.458     2.9121     2.7192     0.0623     0.5318     3.1954     0.9792     0.0000 -124.90716   47.95392      77.46         10  0.000e+00
      37653   1568.833     10.879     10.971    15.4804    15.4704  39.791141  39.778837    15.4788    15.4688    31.7695    31.7666    23.3792    23.3792     9.5152     9.4085    290.560    287.304     2.9133     2.7179     0.0623     0.5318     3.1941     0.9792     0.0000 -124.90716   47.95392      77.46         10  0.000e+00
      37654   1568.875     10.866     10.958    15.4804    15.4703  39.790942  39.778837    15.4788    15.4687    31.7693    31.7667    23.3791    23.3793     9.5152     9.4137    290.560    287.462     2.9133     2.7192     0.0623     0.5318     3.1954     0.9792     0.0000 -124.90716   47.95392      77.46         10  0.000e+00
      37655   1568.917     10.866     10.958    15.4809    15.4702  39.790810  39.778572    15.4793    15.4686    31.7688    31.7665    23.3786    23.3792     9.5103     9.4137    290.412    287.463     2.9121     2.7192     0.0635     0.5623     3.1941     0.9792     0.0000 -124.90716   47.95392      77.48         10  0.000e+00
      37656   1568.958     10.866     10.958    15.4809    15.4701  39.791935  39.778242    15.4793    15.4685    31.7698    31.7663    23.3793    23.3790     9.5150     9.4138    290.556    287.464     2.9133     2.7192     0.0623     0.5318     3.1954     0.9792     0.0000 -124.90716   47.95392      77.53         10  0.000e+00
      37689   1570.333     10.920     11.012    15.4693    15.4927  39.783996  39.795036    15.4676    15.4910    31.7721    31.7630    23.3837    23.3716     9.5172     9.4095    290.621    287.336     2.9133     2.7192     0.0586     0.4402     3.1941     0.9792     0.0000 -124.90716   47.95392      77.44         11  0.000e+00
      37690   1570.375     10.920     11.012    15.4696    15.4934  39.783731  39.795499    15.4680    15.4918    31.7716    31.7628    23.3832    23.3713     9.5172     9.4094    290.620    287.332     2.9133     2.7192     0.0586     0.4402     3.1954     0.9805     0.0000 -124.90716   47.95392      77.44         11  0.000e+00
      37691   1570.417     10.880     10.972    15.4686    15.4918  39.782077  39.794110    15.4670    15.4902    31.7709    31.7629    23.3829    23.3717     9.5222     9.4097    290.772    287.340     2.9145     2.7192     0.0586     0.4402     3.1941     0.9792     0.0000 -124.90716   47.95392      77.36         11  0.000e+00
      37692   1570.458     10.920     11.012    15.4678    15.4901  39.780820  39.793449    15.4661    15.4884    31.7705    31.7637    23.3828    23.3727     9.5224     9.4048    290.780    287.192     2.9145     2.7179     0.0586     0.4402     3.1941     0.9792     0.0000 -124.90716   47.95392      77.31         11  0.000e+00
      37693   1570.500     10.966     11.059    15.4663    15.4894  39.778571  39.792788    15.4646    15.4878    31.7697    31.7636    23.3825    23.3728     9.5228     9.4050    290.791    287.198     2.9145     2.7179     0.0586     0.4402     3.1954     0.9792     0.0000 -124.90716   47.95392      77.29         11  0.000e+00
      37694   1570.542     10.880     10.972    15.4637    15.4896  39.776256  39.792920    15.4620    15.4879    31.7697    31.7637    23.3831    23.3728     9.5280     9.4049    290.950    287.194     2.9158     2.7179     0.0586     0.4402     3.1941     0.9792     0.0000 -124.90716   47.95392      77.29         11  0.000e+00
      37695   1570.583     10.867     10.959    15.4618    15.4907  39.776190  39.793052    15.4602    15.4891    31.7712    31.7628    23.3846    23.3719     9.5282     9.4047    290.957    287.188     2.9158     2.7179     0.0598     0.4707     3.1941     0.9792     0.0000 -124.90716   47.95392      77.29         11  0.000e+00
      37696   1570.625     10.920     11.012    15.4630    15.4896  39.779365  39.792259    15.4614    15.4879    31.7730    31.7631    23.3858    23.3723     9.5279     9.4050    290.948    287.197     2.9158     2.7179     0.0586     0.4402     3.1941     0.9792     0.0000 -124.90716   47.95392      77.31         11  0.000e+00
      37697   1570.667     10.867     10.959    15.4664    15.4874  39.784393  39.792192    15.4648    15.4857    31.7748    31.7648    23.3864    23.3741     9.5271     9.4052    290.923    287.205     2.9158     2.7179     0.0598     0.4707     3.1941     0.9805     0.0000 -124.90716   47.95392      77.31         11  0.000e+00
      37698   1570.708     10.880     10.972    15.4712    15.4860  39.787966  39.792854    15.4695    15.4844    31.7741    31.7665    23.3848    23.3757     9.5263     9.4054    290.897    287.210     2.9158     2.7179     0.0598     0.4707     3.1941     0.9792     0.0000 -124.90716   47.95392      77.34         11  0.000e+00
      37699   1570.750     10.920     11.012    15.4737    15.4875  39.788296  39.793515    15.4720    15.4859    31.7724    31.7658    23.3829    23.3749     9.5259     9.4052    290.888    287.203     2.9158     2.7179     0.0586     0.4402     3.1954     0.9792     0.0000 -124.90716   47.95392      77.31         11  0.000e+00
      37700   1570.792     10.867     10.959    15.4740    15.4893  39.787767  39.794507    15.4724    15.4876    31.7716    31.7653    23.3823    23.3741     9.5258     9.4048    290.885    287.192     2.9158     2.7179     0.0586     0.4402     3.1954     0.9792     0.0000 -124.90716   47.95392      77.31         11  0.000e+00
      37701   1570.833     10.880     10.972    15.4749    15.4892  39.787767  39.794507    15.4732    15.4876    31.7709    31.7654    23.3816    23.3742     9.5305     9.4049    291.028    287.193     2.9170     2.7179     0.0586     0.4402     3.1954     0.9792     0.0000 -124.90716   47.95392      77.31         11  0.000e+00
      37702   1570.875     10.867     10.959    15.4759    15.4886  39.788362  39.793383    15.4743    15.4869    31.7707    31.7649    23.3811    23.3739     9.5303     9.4050    291.022    287.197     2.9170     2.7179     0.0598     0.4707     3.1929     0.9792     0.0000 -124.90716   47.95392      77.31         11  0.000e+00
      37703   1570.917     10.867     10.959    15.4766    15.4875  39.789156  39.793052    15.4749    15.4859    31.7708    31.7654    23.3811    23.3746     9.5302     9.4052    291.018    287.202     2.9170     2.7179     0.0598     0.4707     3.1941     0.9792     0.0000 -124.90716   47.95392      77.24         11  0.000e+00
      37704   1570.958     10.827     10.919    15.4767    15.4865  39.789222  39.792722    15.4751    15.4849    31.7708    31.7660    23.3810    23.3752     9.5301     9.4053    291.016    287.206     2.9170     2.7179     0.0598     0.4707     3.1941     0.9805     0.0000 -124.90716   47.95392      77.19         11  0.000e+00
      37705   1571.000     10.867     10.959    15.4756    15.4851  39.788296  39.792127    15.4739    15.4835    31.7709    31.7665    23.3814    23.3759     9.5304     9.4056    291.024    287.215     2.9170     2.7179     0.0598     0.4707     3.1941     0.9805     0.0000 -124.90716   47.95392      77.19         11  0.000e+00
      37706   1571.042     10.821     10.913    15.4747    15.4839  39.787833  39.791201    15.4731    15.4823    31.7712    31.7667    23.3818    23.3763     9.5257     9.4058    290.880    287.220     2.9158     2.7179     0.0598     0.4707     3.1941     0.9805     0.0000 -124.90716   47.95392      77.19         11  0.000e+00
      37707   1571.083     10.821     10.913    15.4751    15.4833  39.789619  39.790936    15.4734    15.4817    31.7725    31.7670    23.3827    23.3767     9.5303     9.4059    291.022    287.223     2.9170     2.7179     0.0586     0.4402     3.1954     0.9805     0.0000 -124.90716   47.95392      77.19         11  0.000e+00
      37708   1571.125     10.880     10.973    15.4783    15.4834  39.793457  39.790937    15.4766    15.4818    31.7733    31.7669    23.3826    23.3766     9.5297     9.4059    291.004    287.225     2.9170     2.7179     0.0598     0.4707     3.1941     0.9805     0.0000 -124.90716   47.95392      77.19         11  0.000e+00
      37709   1571.167     10.821     10.913    15.4820    15.4838  39.795971  39.790936    15.4803    15.4822    31.7726    31.7666    23.3813    23.3762     9.5290     9.4058    290.982    287.221     2.9170     2.7179     0.0611     0.5013     3.1954     0.9805     0.0000 -124.90716   47.95392      77.24         11  0.000e+00
      37710   1571.208     10.821     10.913    15.4840    15.4836  39.796301  39.790407    15.4824    15.4820    31.7712    31.7663    23.3798    23.3761     9.5287     9.4058    290.972    287.223     2.9170     2.7179     0.0623     0.5318     3.1954     0.9805     0.0000 -124.90716   47.95392      77.26         11  0.000e+00
      37711   1571.250     10.781     10.873    15.4850    15.4830  39.796698  39.789481    15.4834    15.4813    31.7707    31.7660    23.3792    23.3760     9.5285     9.4008    290.966    287.067     2.9170     2.7167     0.0611     0.5013     3.1954     0.9805     0.0000 -124.90716   47.95392      77.29         11  0.000e+00
      37712   1571.292     10.867     10.959    15.4853    15.4818  39.795640  39.788953    15.4837    15.4801    31.7695    31.7664    23.3782    23.3766     9.5286     9.4063    290.970    287.235     2.9170     2.7179     0.0611     0.5013     3.1954     0.9805     0.0000 -124.90716   47.95392      77.26         11  0.000e+00
      37713   1571.333     10.775     10.866    15.4847    15.4818  39.794912  39.788886    15.4831    15.4801    31.7694    31.7664    23.3782    23.3766     9.5286     9.4062    290.970    287.232     2.9170     2.7179     0.0623     0.5318     3.1941     0.9805     0.0000 -124.90716   47.95392      77.26         11  0.000e+00
      37714   1571.375     10.775     10.866    15.4839    15.4822  39.794184  39.788622    15.4822    15.4806    31.7695    31.7658    23.3785    23.3760     9.5287     9.4009    290.975    287.072     2.9170     2.7167     0.0611     0.5013     3.1941     0.9805     0.0000 -124.90716   47.95392      77.26         11  0.000e+00
      37715   1571.417     10.827     10.919    15.4823    15.4819  39.793655  39.788291    15.4807    15.4803    31.7702    31.7657    23.3794    23.3760     9.5291     9.4010    290.984    287.076     2.9170     2.7167     0.0611     0.5013     3.1941     0.9805     0.0000 -124.90716   47.95392      77.31         11  0.000e+00
      37716   1571.458     10.775     10.866    15.4821    15.4806  39.793919  39.787630    15.4805    15.4789    31.7706    31.7663    23.3797    23.3767     9.5290     9.4012    290.983    287.081     2.9170     2.7167     0.0623     0.5318     3.1941     0.9805     0.0000 -124.90716   47.95392      77.36         11  0.000e+00
      37717   1571.500     10.775     10.866    15.4828    15.4802  39.793919  39.787498    15.4812    15.4786    31.7700    31.7664    23.3791    23.3769     9.5289     9.4013    290.980    287.083     2.9170     2.7167     0.0611     0.5013     3.1941     0.9805     0.0000 -124.90716   47.95392      77.36         11  0.000e+00
      37718   1571.542     10.781     10.873    15.4837    15.4794  39.794515  39.786704    15.4821    15.4777    31.7699    31.7664    23.3788    23.3771     9.5288     9.4014    290.975    287.088     2.9170     2.7167     0.0623     0.5318     3.1941     0.9805     0.0000 -124.90716   47.95392      77.36         11  0.000e+00
      37719   1571.583     10.775     10.866    15.4840    15.4783  39.794845  39.786440    15.4824    15.4767    31.7699    31.7670    23.3788    23.3778     9.5287     9.4016    290.973    287.093     2.9170     2.7167     0.0623     0.5318     3.1941     0.9805     0.0000 -124.90716   47.95392      77.36         11  0.000e+00
      37720   1571.625     10.722     10.813    15.4850    15.4768  39.795044  39.785911    15.4834    15.4752    31.7693    31.7678    23.3781    23.3787     9.5285     9.4018    290.967    287.099     2.9170     2.7167     0.0611     0.5013     3.1954     0.9805     0.0000 -124.90716   47.95392      77.36         11  0.000e+00
      37721   1571.667     10.775     10.866    15.4849    15.4757  39.794581  39.784721    15.4832    15.4740    31.7690    31.7676    23.3779    23.3789     9.5286     9.4021    290.970    287.108     2.9170     2.7167     0.0611     0.5013     3.1941     0.9805     0.0000 -124.90716   47.95392      77.44         11  0.000e+00
      37722   1571.708     10.735     10.826    15.4837    15.4753  39.792992  39.784390    15.4821    15.4736    31.7685    31.7677    23.3778    23.3790     9.5288     9.4021    290.976    287.109     2.9170     2.7167     0.0611     0.5013     3.1941     0.9805     0.0000 -124.90716   47.95392      77.51         11  0.000e+00
      37723   1571.750     10.722     10.813    15.4828    15.4753  39.792596  39.784588    15.4812    15.4737    31.7689    31.7678    23.3782    23.3791     9.5241     9.4021    290.834    287.108     2.9158     2.7167     0.0611     0.5013     3.1941     0.9805     0.0000 -124.90716   47.95392      77.51         11  0.000e+00
      37724   1571.792     10.775     10.866    15.4826    15.4754  39.792265  39.784985    15.4810    15.4738    31.7687    31.7681    23.3782    23.3792     9.5242     9.4021    290.837    287.108     2.9158     2.7167     0.0623     0.5318     3.1941     0.9805     0.0000 -124.90716   47.95392      77.51         11  0.000e+00
      37725   1571.833     10.735     10.826    15.4815    15.4755  39.791802  39.784787    15.4798    15.4739    31.7693    31.7679    23.3789    23.3791     9.5244     9.4021    290.842    287.107     2.9158     2.7167     0.0623     0.5318     3.1954     0.9805     0.0000 -124.90716   47.95392      77.51         11  0.000e+00
      37726   1571.875     10.676     10.766    15.4803    15.4748  39.790081  39.784456    15.4787    15.4731    31.7687    31.7682    23.3787    23.3795     9.5246     9.4021    290.848    287.109     2.9158     2.7167     0.0611     0.5013     3.1954     0.9805     0.0000 -124.90716   47.95392      77.51         11  0.000e+00
      37727   1571.917     10.722     10.813    15.4783    15.4748  39.789155  39.784192    15.4766    15.4732    31.7695    31.7679    23.3797    23.3792     9.5250     9.3970    290.859    286.952     2.9158     2.7155     0.0611     0.5013     3.1954     0.9805     0.0000 -124.90716   47.95392      77.41         11  0.000e+00
      37728   1571.958     10.735     10.826    15.4777    15.4746  39.789420  39.783531    15.4761    15.4730    31.7702    31.7675    23.3803    23.3790     9.5251     9.3971    290.862    286.955     2.9158     2.7155     0.0611     0.5013     3.1954     0.9805     0.0000 -124.90716   47.95392      77.36         11  0.000e+00
      37729   1572.000     10.676     10.766    15.4779    15.4739  39.789684  39.782803    15.4763    15.4723    31.7703    31.7674    23.3804    23.3790     9.5249     9.3972    290.858    286.957     2.9158     2.7155     0.0611     0.5013     3.1954     0.9805     0.0000 -124.90716   47.95392      77.34         11  0.000e+00
