West Coast/WCOA-7/CTD_Data/RB2102_CTD_133_01.ros
* Sea-Bird SBE 9 Data File:
* FileName = C:\Users\scs.user.rb\CTD\RB2102\Data\RB2102_CTD_133_02.hex
* Software Version Seasave V 7.26.7.107
* Temperature SN = 6224
* Conductivity SN = 4722
* Number of Bytes Per Scan = 41
* Number of Voltage Words = 4
* Number of Scans Averaged by the Deck Unit = 1
* NMEA Latitude = 31 46.66 N
* NMEA Longitude = 120 14.98 W
* NMEA UTC (Time) = Jul 23 2021  09:31:59
* NMEA baud rate = 4800
# nquan = 30
# nvalues = 1176                                  
# units = specified
# name 0 = scan: Scan Count
# name 1 = timeS: Time, Elapsed [seconds]
# name 2 = depSM: Depth [salt water, m]
# name 3 = prDM: Pressure, Digiquartz [db]
# name 4 = t090C: Temperature [ITS-90, deg C]
# name 5 = t190C: Temperature, 2 [ITS-90, deg C]
# name 6 = c0mS/cm: Conductivity [mS/cm]
# name 7 = c1mS/cm: Conductivity, 2 [mS/cm]
# name 8 = potemp090C: Potential Temperature [ITS-90, deg C]
# name 9 = potemp190C: Potential Temperature, 2 [ITS-90, deg C]
# name 10 = sal00: Salinity, Practical [PSU]
# name 11 = sal11: Salinity, Practical, 2 [PSU]
# name 12 = sigma-é00: Density [sigma-theta, kg/m^3]
# name 13 = sigma-é11: Density, 2 [sigma-theta, kg/m^3]
# name 14 = sbeox0Mg/L: Oxygen, SBE 43 [mg/l]
# name 15 = sbeox1Mg/L: Oxygen, SBE 43, 2 [mg/l]
# name 16 = sbox0Mm/Kg: Oxygen, SBE 43 [umol/kg]
# name 17 = sbox1Mm/Kg: Oxygen, SBE 43, 2 [umol/kg]
# name 18 = sbeox0V: Oxygen raw, SBE 43 [V]
# name 19 = sbeox1V: Oxygen raw, SBE 43, 2 [V]
# name 20 = v4: Voltage 4
# name 21 = flECO-AFL: Fluorescence, WET Labs ECO-AFL/FL [mg/m^3]
# name 22 = v3: Voltage 3
# name 23 = v6: Voltage 6
# name 24 = v7: Voltage 7
# name 25 = longitude: Longitude [deg]
# name 26 = latitude: Latitude [deg]
# name 27 = altM: Altimeter [m]
# name 28 = nbf: Bottles Fired
# name 29 = flag:  0.000e+00
# interval = seconds: 0.0416667
# start_time = Jul 23 2021 09:31:59 [NMEA time, header]
# bad_flag = -9.990e-29
*END*
[from data line 387]
     216314   9013.042   1484.558   1500.328     2.9019     2.9034  31.843755  31.872814     2.7952     2.7967    34.5269    34.5604    27.5259    27.5525     1.5020     1.3866     45.680     42.171     0.7729     0.6642     0.0391    -0.0482     0.0000     0.0000     0.0000 -120.25330   31.77566     100.00          8  0.000e+00
     216315   9013.083   1484.505   1500.274     2.9019     2.9031  31.843470  31.872531     2.7952     2.7964    34.5266    34.5604    27.5257    27.5526     1.5020     1.3866     45.680     42.171     0.7729     0.6642     0.0391    -0.0482     0.0000     0.0000     0.0000 -120.25330   31.77566     100.00          8  0.000e+00
     216316   9013.125   1484.620   1500.391     2.9019     2.9032  31.844039  31.872814     2.7952     2.7965    34.5273    34.5605    27.5262    27.5526     1.5020     1.3867     45.680     42.172     0.7729     0.6642     0.0391    -0.0482     0.0000     0.0000     0.0000 -120.25330   31.77566     100.00          8  0.000e+00
     216317   9013.167   1484.505   1500.274     2.9017     2.9032  31.843812  31.872814     2.7951     2.7965    34.5272    34.5606    27.5262    27.5527     1.5020     1.3866     45.680     42.171     0.7729     0.6642     0.0391    -0.0482     0.0000     0.0000     0.0000 -120.25330   31.77566     100.00          8  0.000e+00
     216318   9013.208   1484.505   1500.274     2.9017     2.9029  31.843868  31.872701     2.7951     2.7962    34.5273    34.5608    27.5262    27.5529     1.4941     1.3946     45.440     42.414     0.7717     0.6654     0.0391    -0.0482     0.0000     0.0000     0.0000 -120.25330   31.77566     100.00          8  0.000e+00
     233326   9721.875    991.480   1000.825     4.1730     4.1735  32.678786  32.707071     4.0960     4.0965    34.4392    34.4717    27.3300    27.3559     0.6588     0.6266     20.041     19.059     0.6532     0.5580     0.0391    -0.0482     0.0000     0.0000     0.0000 -120.25330   31.77564     100.00          9  0.000e+00
     233327   9721.917    991.610   1000.956     4.1731     4.1735  32.678269  32.707185     4.0962     4.0965    34.4383    34.4718    27.3294    27.3559     0.6589     0.6266     20.042     19.059     0.6532     0.5580     0.0391    -0.0482     0.0000     0.0000     0.0000 -120.25330   31.77564     100.00          9  0.000e+00
     233328   9721.958    991.825   1001.173     4.1734     4.1740  32.677351  32.707072     4.0964     4.0970    34.4369    34.4710    27.3282    27.3553     0.6589     0.6194     20.042     18.840     0.6532     0.5568     0.0391    -0.0482     0.0000     0.0000     0.0000 -120.25330   31.77564     100.00          9  0.000e+00
     233329   9722.000    991.672   1001.018     4.1731     4.1735  32.677810  32.707185     4.0961     4.0965    34.4378    34.4718    27.3289    27.3559     0.6589     0.6194     20.042     18.840     0.6532     0.5568     0.0391    -0.0482     0.0000     0.0000     0.0000 -120.25330   31.77564     100.00          9  0.000e+00
     233330   9722.042    991.672   1001.018     4.1728     4.1738  32.678212  32.707471     4.0959     4.0967    34.4385    34.4718    27.3296    27.3559     0.6660     0.6193     20.259     18.840     0.6545     0.5568     0.0391    -0.0482     0.0000     0.0000     0.0000 -120.25330   31.77564      92.19          9  0.000e+00
     233331   9722.083    991.595   1000.941     4.1731     4.1737  32.678327  32.707356     4.0962     4.0967    34.4384    34.4718    27.3294    27.3560     0.6588     0.6193     20.042     18.839     0.6532     0.5568     0.0391    -0.0482     0.0000     0.0000     0.0000 -120.25330   31.77564      78.34          9  0.000e+00
     233332   9722.125    991.672   1001.018     4.1730     4.1739  32.678155  32.707471     4.0960     4.0968    34.4383    34.4717    27.3294    27.3558     0.6589     0.6193     20.042     18.840     0.6532     0.5568     0.0391    -0.0482     0.0000     0.0000     0.0000 -120.25330   31.77564      74.46          9  0.000e+00
     233333   9722.167    991.710   1001.057     4.1730     4.1737  32.678270  32.707585     4.0960     4.0966    34.4384    34.4721    27.3295    27.3561     0.6589     0.6194     20.042     18.840     0.6532     0.5568     0.0391    -0.0482     0.0000     0.0000     0.0000 -120.25330   31.77564      74.85          9  0.000e+00
     233334   9722.208    991.725   1001.072     4.1733     4.1735  32.678097  32.707357     4.0963     4.0965    34.4379    34.4719    27.3290    27.3560     0.6589     0.6266     20.042     19.060     0.6532     0.5580     0.0403    -0.0177     0.0000     0.0000     0.0000 -120.25330   31.77564      75.41          9  0.000e+00
     233335   9722.250    991.710   1001.057     4.1731     4.1735  32.678040  32.707357     4.0961     4.0965    34.4380    34.4720    27.3291    27.3561     0.6589     0.6194     20.042     18.840     0.6532     0.5568     0.0391    -0.0482     0.0000     0.0000     0.0000 -120.25330   31.77564      75.56          9  0.000e+00
     233336   9722.292    991.725   1001.073     4.1731     4.1734  32.678040  32.707300     4.0961     4.0964    34.4380    34.4720    27.3291    27.3561     0.6589     0.6194     20.042     18.840     0.6532     0.5568     0.0391    -0.0482     0.0000     0.0000     0.0000 -120.25330   31.77564      84.32          9  0.000e+00
     233337   9722.333    991.764   1001.111     4.1734     4.1732  32.677810  32.706786     4.0964     4.0962    34.4374    34.4716    27.3286    27.3558     0.6589     0.6194     20.042     18.840     0.6532     0.5568     0.0391    -0.0482     0.0000     0.0000     0.0000 -120.25330   31.77564      97.70          9  0.000e+00
     233338   9722.375    991.725   1001.073     4.1733     4.1734  32.677925  32.706900     4.0963     4.0964    34.4377    34.4716    27.3289    27.3558     0.6589     0.6194     20.042     18.840     0.6532     0.5568     0.0391    -0.0482     0.0000     0.0000     0.0000 -120.25330   31.77564     100.00          9  0.000e+00
     233339   9722.417    991.786   1001.134     4.1733     4.1734  32.678557  32.706729     4.0963     4.0963    34.4384    34.4713    27.3294    27.3556     0.6589     0.6194     20.042     18.840     0.6532     0.5568     0.0391    -0.0482     0.0000     0.0000     0.0000 -120.25330   31.77564     100.00          9  0.000e+00
     233340   9722.458    991.764   1001.111     4.1733     4.1734  32.678385  32.706672     4.0963     4.0963    34.4383    34.4713    27.3293    27.3555     0.6589     0.6194     20.042     18.840     0.6532     0.5568     0.0391    -0.0482     0.0000     0.0000     0.0000 -120.25330   31.77564     100.00          9  0.000e+00
     233341   9722.500    991.786   1001.134     4.1731     4.1731  32.678097  32.706672     4.0961     4.0961    34.4381    34.4715    27.3291    27.3557     0.6589     0.6266     20.042     19.060     0.6532     0.5580     0.0391    -0.0482     0.0000     0.0000     0.0000 -120.25330   31.77564      99.90          9  0.000e+00
     233342   9722.542    991.825   1001.173     4.1733     4.1732  32.677580  32.706900     4.0963     4.0962    34.4373    34.4717    27.3285    27.3559     0.6589     0.6194     20.042     18.840     0.6532     0.5568     0.0391    -0.0482     0.0000     0.0000     0.0000 -120.25330   31.77564     100.00          9  0.000e+00
     233343   9722.583    991.840   1001.189     4.1733     4.1732  32.678557  32.707186     4.0963     4.0962    34.4384    34.4720    27.3294    27.3561     0.6589     0.6194     20.042     18.840     0.6532     0.5568     0.0391    -0.0482     0.0000     0.0000     0.0000 -120.25330   31.77564     100.00          9  0.000e+00
     233344   9722.625    991.878   1001.227     4.1735     4.1734  32.678442  32.706786     4.0965     4.0963    34.4381    34.4713    27.3291    27.3556     0.6660     0.6194     20.259     18.840     0.6545     0.5568     0.0391    -0.0482     0.0000     0.0000     0.0000 -120.25330   31.77564     100.00          9  0.000e+00
     233345   9722.667    991.840   1001.189     4.1734     4.1734  32.678500  32.706900     4.0964     4.0963    34.4382    34.4715    27.3292    27.3557     0.6660     0.6194     20.259     18.840     0.6545     0.5568     0.0403    -0.0177     0.0000     0.0000     0.0000 -120.25330   31.77564     100.00          9  0.000e+00
     233346   9722.708    991.725   1001.073     4.1733     4.1733  32.678902  32.707186     4.0963     4.0963    34.4389    34.4719    27.3298    27.3561     0.6660     0.6194     20.259     18.840     0.6545     0.5568     0.0391    -0.0482     0.0000     0.0000     0.0000 -120.25330   31.77564     100.00          9  0.000e+00
     233347   9722.750    992.054   1001.405     4.1731     4.1732  32.678500  32.707072     4.0961     4.0962    34.4384    34.4717    27.3294    27.3559     0.6589     0.6266     20.043     19.061     0.6532     0.5580     0.0391    -0.0482     0.0000     0.0000     0.0000 -120.25330   31.77564     100.00          9  0.000e+00
     233348   9722.792    991.901   1001.251     4.1734     4.1734  32.677868  32.707186     4.0964     4.0963    34.4374    34.4718    27.3286    27.3560     0.6589     0.6266     20.042     19.060     0.6532     0.5580     0.0391    -0.0482     0.0000     0.0000     0.0000 -120.25330   31.77564     100.00          9  0.000e+00
     233349   9722.833    991.939   1001.289     4.1733     4.1732  32.678155  32.707301     4.0963     4.0962    34.4379    34.4721    27.3290    27.3562     0.6589     0.6266     20.043     19.060     0.6532     0.5580     0.0391    -0.0482     0.0000     0.0000     0.0000 -120.25330   31.77564     100.00          9  0.000e+00
     233350   9722.875    991.955   1001.305     4.1733     4.1734  32.678328  32.707072     4.0963     4.0963    34.4381    34.4716    27.3291    27.3558     0.6589     0.6194     20.043     18.840     0.6532     0.5568     0.0391    -0.0482     0.0000     0.0000     0.0000 -120.25330   31.77564     100.00          9  0.000e+00
     233351   9722.917    991.940   1001.289     4.1734     4.1731  32.678328  32.706844     4.0964     4.0961    34.4379    34.4716    27.3290    27.3558     0.6660     0.6194     20.260     18.841     0.6545     0.5568     0.0403    -0.0177     0.0000     0.0000     0.0000 -120.25330   31.77564     100.00          9  0.000e+00
     233352   9722.958    991.955   1001.305     4.1733     4.1731  32.678500  32.707129     4.0963     4.0960    34.4383    34.4720    27.3293    27.3562     0.6660     0.6194     20.260     18.841     0.6545     0.5568     0.0391    -0.0482     0.0000     0.0000     0.0000 -120.25330   31.77564     100.00          9  0.000e+00
     233353   9723.000    992.054   1001.405     4.1735     4.1732  32.678673  32.707072     4.0964     4.0962    34.4382    34.4717    27.3293    27.3559     0.6589     0.6266     20.043     19.061     0.6532     0.5580     0.0391    -0.0482     0.0000     0.0000     0.0000 -120.25330   31.77564     100.00          9  0.000e+00
     233354   9723.042    992.016   1001.367     4.1734     4.1731  32.678615  32.706730     4.0964     4.0960    34.4382    34.4715    27.3293    27.3558     0.6589     0.6194     20.043     18.841     0.6532     0.5568     0.0391    -0.0482     0.0000     0.0000     0.0000 -120.25330   31.77564     100.00          9  0.000e+00
     233355   9723.083    991.955   1001.305     4.1735     4.1732  32.678615  32.706672     4.0965     4.0962    34.4382    34.4713    27.3292    27.3556     0.6589     0.6194     20.042     18.841     0.6532     0.5568     0.0391    -0.0482     0.0000     0.0000     0.0000 -120.25330   31.77564     100.00          9  0.000e+00
     233356   9723.125    992.169   1001.521     4.1735     4.1730  32.678156  32.706902     4.0964     4.0959    34.4376    34.4717    27.3287    27.3560     0.6589     0.6194     20.043     18.841     0.6532     0.5568     0.0403    -0.0177     0.0000     0.0000     0.0000 -120.25330   31.77564     100.00          9  0.000e+00
     233357   9723.167    992.131   1001.483     4.1734     4.1735  32.678213  32.707187     4.0964     4.0965    34.4377    34.4715    27.3288    27.3557     0.6589     0.6194     20.043     18.841     0.6532     0.5568     0.0391    -0.0482     0.0000     0.0000     0.0000 -120.25330   31.77564     100.00          9  0.000e+00
     233358   9723.208    992.108   1001.460     4.1733     4.1737  32.678328  32.707472     4.0963     4.0966    34.4380    34.4717    27.3291    27.3559     0.6589     0.6194     20.043     18.841     0.6532     0.5568     0.0391    -0.0482     0.0000     0.0000     0.0000 -120.25330   31.77564     100.00          9  0.000e+00
     233359   9723.250    992.131   1001.483     4.1735     4.1739  32.679190  32.707758     4.0964     4.0968    34.4388    34.4718    27.3297    27.3559     0.6589     0.6194     20.043     18.841     0.6532     0.5568     0.0391    -0.0482     0.0000     0.0000     0.0000 -120.25330   31.77564     100.00          9  0.000e+00
     233360   9723.292    992.169   1001.521     4.1734     4.1742  32.678903  32.707872     4.0964     4.0971    34.4385    34.4716    27.3295    27.3557     0.6589     0.6194     20.043     18.841     0.6532     0.5568     0.0391    -0.0482     0.0000     0.0000     0.0000 -120.25330   31.77564     100.00          9  0.000e+00
     233361   9723.333    992.184   1001.537     4.1735     4.1741  32.678903  32.708044     4.0964     4.0971    34.4384    34.4719    27.3294    27.3559     0.6660     0.6194     20.260     18.841     0.6545     0.5568     0.0391    -0.0482     0.0000     0.0000     0.0000 -120.25330   31.77564     100.00          9  0.000e+00
     233362   9723.375    992.169   1001.522     4.1736     4.1743  32.678271  32.708158     4.0966     4.0972    34.4376    34.4718    27.3287    27.3559     0.6589     0.6194     20.043     18.840     0.6532     0.5568     0.0391    -0.0482     0.0000     0.0000     0.0000 -120.25330   31.77564     100.00          9  0.000e+00
     233363   9723.417    992.245   1001.599     4.1735     4.1742  32.678444  32.708158     4.0964     4.0971    34.4379    34.4719    27.3290    27.3560     0.6589     0.6194     20.043     18.841     0.6532     0.5568     0.0391    -0.0482     0.0000     0.0000     0.0000 -120.25330   31.77564     100.00          9  0.000e+00
     233364   9723.458    992.284   1001.638     4.1736     4.1740  32.679076  32.708386     4.0966     4.0969    34.4384    34.4723    27.3294    27.3563     0.6589     0.6194     20.043     18.841     0.6532     0.5568     0.0391    -0.0482     0.0000     0.0000     0.0000 -120.25330   31.77564     100.00          9  0.000e+00
     233365   9723.500    992.299   1001.653     4.1736     4.1743  32.679018  32.708215     4.0966     4.0972    34.4384    34.4718    27.3293    27.3559     0.6518     0.6194     19.826     18.841     0.6520     0.5568     0.0391    -0.0482     0.0000     0.0000     0.0000 -120.25330   31.77564     100.00          9  0.000e+00
     233366   9723.542    992.246   1001.599     4.1733     4.1743  32.679248  32.708158     4.0962     4.0972    34.4390    34.4718    27.3299    27.3559     0.6589     0.6194     20.043     18.841     0.6532     0.5568     0.0391    -0.0482     0.0000     0.0000     0.0000 -120.25330   31.77564     100.00          9  0.000e+00
     233367   9723.583    992.337   1001.692     4.1735     4.1743  32.678789  32.707987     4.0964     4.0972    34.4382    34.4715    27.3292    27.3557     0.6589     0.6194     20.043     18.841     0.6532     0.5568     0.0391    -0.0482     0.0000     0.0000     0.0000 -120.25330   31.77564     100.00          9  0.000e+00
     233368   9723.625    992.414   1001.769     4.1734     4.1742  32.678846  32.708101     4.0964     4.0971    34.4383    34.4718    27.3293    27.3559     0.6518     0.6194     19.826     18.841     0.6520     0.5568     0.0391    -0.0482     0.0000     0.0000     0.0000 -120.25330   31.77564     100.00          9  0.000e+00
