West Coast/WCOA-7/CTD_Data/RB2102_CTD_104_01.ros
* Sea-Bird SBE 9 Data File:
* FileName = C:\Users\scs.user.rb\CTD\RB2102\Data\RB2102_CTD_104_01.hex
* Software Version Seasave V 7.26.7.107
* Temperature SN = 6202
* Conductivity SN = 4907
* Number of Bytes Per Scan = 41
* Number of Voltage Words = 4
* Number of Scans Averaged by the Deck Unit = 1
* NMEA Latitude = 35 37.85 N
* NMEA Longitude = 121 17.53 W
* NMEA UTC (Time) = Jul 15 2021  16:37:09
* NMEA baud rate = 4800
# nquan = 30
# nvalues = 559                                   
# units = specified
# name 0 = scan: Scan Count
# name 1 = timeS: Time, Elapsed [seconds]
# name 2 = depSM: Depth [salt water, m]
# name 3 = prDM: Pressure, Digiquartz [db]
# name 4 = t090C: Temperature [ITS-90, deg C]
# name 5 = t190C: Temperature, 2 [ITS-90, deg C]
# name 6 = c0mS/cm: Conductivity [mS/cm]
# name 7 = c1mS/cm: Conductivity, 2 [mS/cm]
# name 8 = potemp090C: Potential Temperature [ITS-90, deg C]
# name 9 = potemp190C: Potential Temperature, 2 [ITS-90, deg C]
# name 10 = sal00: Salinity, Practical [PSU]
# name 11 = sal11: Salinity, Practical, 2 [PSU]
# name 12 = sigma-é00: Density [sigma-theta, kg/m^3]
# name 13 = sigma-é11: Density, 2 [sigma-theta, kg/m^3]
# name 14 = sbeox0Mg/L: Oxygen, SBE 43 [mg/l]
# name 15 = sbeox1Mg/L: Oxygen, SBE 43, 2 [mg/l]
# name 16 = sbox0Mm/Kg: Oxygen, SBE 43 [umol/kg]
# name 17 = sbox1Mm/Kg: Oxygen, SBE 43, 2 [umol/kg]
# name 18 = sbeox0V: Oxygen raw, SBE 43 [V]
# name 19 = sbeox1V: Oxygen raw, SBE 43, 2 [V]
# name 20 = v4: Voltage 4
# name 21 = flECO-AFL: Fluorescence, WET Labs ECO-AFL/FL [mg/m^3]
# name 22 = v3: Voltage 3
# name 23 = v6: Voltage 6
# name 24 = v7: Voltage 7
# name 25 = longitude: Longitude [deg]
# name 26 = latitude: Latitude [deg]
# name 27 = altM: Altimeter [m]
# name 28 = nbf: Bottles Fired
# name 29 = flag:  0.000e+00
# interval = seconds: 0.0416667
# start_time = Jul 15 2021 16:37:09 [NMEA time, header]
# bad_flag = -9.990e-29
*END*
[from data line 291]
      30931   1288.750     30.038     30.261    12.7845    12.7866  39.408117  39.417161    12.7805    12.7826    33.6980    33.7048    25.4276    25.4325     6.7982     6.9478    207.179    211.737     2.1416     2.0611     0.0940     1.3254     3.2552     0.0391     0.0000 -121.29188   35.63122      53.68          7  0.000e+00
      30932   1288.792     29.992     30.214    12.7834    12.7870  39.405085  39.416502    12.7794    12.7829    33.6961    33.7038    25.4264    25.4317     6.8034     6.9477    207.338    211.735     2.1429     2.0611     0.0940     1.3254     3.2527     0.0391     0.0000 -121.29188   35.63122      53.68          7  0.000e+00
      30933   1288.833     30.045     30.267    12.7817    12.7873  39.402383  39.415645    12.7777    12.7832    33.6950    33.7027    25.4259    25.4307     6.7988     6.9478    207.196    211.737     2.1416     2.0611     0.0940     1.3254     3.2540     0.0391     0.0000 -121.29188   35.63122      53.68          7  0.000e+00
      30934   1288.875     30.038     30.261    12.7791    12.7868  39.400538  39.414394    12.7750    12.7827    33.6956    33.7020    25.4269    25.4303     6.7991     6.9479    207.206    211.740     2.1416     2.0611     0.0940     1.3254     3.2527     0.0391     0.0000 -121.29188   35.63122      53.68          7  0.000e+00
      30935   1288.917     30.085     30.307    12.7747    12.7861  39.397770  39.412747    12.7707    12.7821    33.6968    33.7010    25.4287    25.4296     6.7997     6.9481    207.225    211.746     2.1416     2.0611     0.0940     1.3254     3.2540     0.0391     0.0000 -121.29188   35.63122      53.68          7  0.000e+00
      30936   1288.958     30.038     30.261    12.7717    12.7841  39.394936  39.410507    12.7677    12.7800    33.6969    33.7007    25.4293    25.4298     6.8001     6.9484    207.237    211.754     2.1416     2.0611     0.0940     1.3254     3.2552     0.0391     0.0000 -121.29188   35.63122      53.75          7  0.000e+00
      30937   1289.000     30.045     30.267    12.7690    12.7819  39.393026  39.408334    12.7649    12.7778    33.6975    33.7006    25.4303    25.4301     6.8005     6.9487    207.248    211.765     2.1416     2.0611     0.0940     1.3254     3.2552     0.0391     0.0000 -121.29188   35.63122      53.80          7  0.000e+00
      30938   1289.042     30.038     30.261    12.7679    12.7798  39.392828  39.407082    12.7639    12.7757    33.6982    33.7013    25.4310    25.4311     6.8006     6.9490    207.252    211.774     2.1416     2.0611     0.0940     1.3254     3.2527     0.0391     0.0000 -121.29188   35.63122      53.80          7  0.000e+00
      30939   1289.083     30.085     30.307    12.7668    12.7782  39.392631  39.406556    12.7627    12.7742    33.6991    33.7021    25.4319    25.4321     6.8008     6.9492    207.257    211.781     2.1416     2.0611     0.0940     1.3254     3.2540     0.0391     0.0000 -121.29188   35.63122      53.82          7  0.000e+00
      30940   1289.125     30.038     30.261    12.7663    12.7776  39.392828  39.405963    12.7622    12.7735    33.6997    33.7021    25.4325    25.4322     6.7958     6.9439    207.104    211.617     2.1404     2.0598     0.0940     1.3254     3.2540     0.0391     0.0000 -121.29188   35.63122      53.80          7  0.000e+00
      30941   1289.167     30.091     30.314    12.7659    12.7764  39.392894  39.404250    12.7619    12.7723    33.7001    33.7016    25.4329    25.4320     6.8009     6.9441    207.259    211.625     2.1416     2.0598     0.0940     1.3254     3.2527     0.0391     0.0000 -121.29188   35.63122      53.80          7  0.000e+00
      30942   1289.208     30.038     30.261    12.7658    12.7746  39.393158  39.403460    12.7617    12.7706    33.7005    33.7024    25.4332    25.4330     6.7958     6.9443    207.105    211.630     2.1404     2.0598     0.0940     1.3254     3.2540     0.0391     0.0000 -121.29188   35.63122      53.72          7  0.000e+00
      30943   1289.250     30.085     30.307    12.7659    12.7740  39.393487  39.402867    12.7619    12.7700    33.7006    33.7024    25.4333    25.4331     6.7958     6.9444    207.105    211.634     2.1404     2.0598     0.0940     1.3254     3.2540     0.0391     0.0000 -121.29188   35.63122      53.68          7  0.000e+00
      30944   1289.292     30.091     30.314    12.7654    12.7729  39.394147  39.403197    12.7614    12.7688    33.7017    33.7037    25.4342    25.4343     6.7959     6.9391    207.106    211.472     2.1404     2.0586     0.0940     1.3254     3.2540     0.0391     0.0000 -121.29188   35.63122      53.65          7  0.000e+00
      30945   1289.333     30.085     30.307    12.7646    12.7737  39.395003  39.406227    12.7606    12.7697    33.7032    33.7058    25.4356    25.4358     6.7959     6.9443    207.107    211.630     2.1404     2.0598     0.0940     1.3254     3.2540     0.0391     0.0000 -121.29188   35.63122      53.65          7  0.000e+00
      30946   1289.375     30.085     30.307    12.7641    12.7753  39.395267  39.409454    12.7601    12.7713    33.7039    33.7074    25.4362    25.4367     6.7959     6.9440    207.108    211.620     2.1404     2.0598     0.0940     1.3254     3.2540     0.0391     0.0000 -121.29188   35.63122      53.65          7  0.000e+00
      30947   1289.417     30.085     30.307    12.7648    12.7717  39.395597  39.406886    12.7607    12.7677    33.7037    33.7082    25.4359    25.4381     6.7908     6.9391    206.953    211.470     2.1392     2.0586     0.0940     1.3254     3.2540     0.0391     0.0000 -121.29188   35.63122      53.65          7  0.000e+00
      30948   1289.458     30.045     30.267    12.7656    12.7666  39.396387  39.403461    12.7616    12.7626    33.7037    33.7095    25.4357    25.4401     6.7907     6.9398    206.948    211.491     2.1392     2.0586     0.0940     1.3254     3.2527     0.0391     0.0000 -121.29188   35.63122      53.60          7  0.000e+00
      30949   1289.500     30.085     30.307    12.7661    12.7662  39.397244  39.403724    12.7621    12.7622    33.7041    33.7101    25.4359    25.4406     6.7906     6.9399    206.947    211.493     2.1392     2.0586     0.0940     1.3254     3.2540     0.0391     0.0000 -121.29188   35.63122      53.53          7  0.000e+00
      30950   1289.542     30.138     30.361    12.7693    12.7683  39.401198  39.405371    12.7652    12.7643    33.7050    33.7098    25.4360    25.4400     6.7902     6.9396    206.933    211.485     2.1392     2.0586     0.0940     1.3254     3.2527     0.0391     0.0000 -121.29188   35.63122      53.53          7  0.000e+00
      30951   1289.583     30.085     30.307    12.7754    12.7701  39.406866  39.406030    12.7714    12.7661    33.7049    33.7088    25.4348    25.4388     6.7892     6.9393    206.904    211.477     2.1392     2.0586     0.0940     1.3254     3.2527     0.0391     0.0000 -121.29188   35.63122      53.53          7  0.000e+00
      30952   1289.625     30.091     30.314    12.7794    12.7717  39.410425  39.406359    12.7754    12.7677    33.7047    33.7077    25.4338    25.4377     6.7837     6.9391    206.734    211.471     2.1380     2.0586     0.0940     1.3254     3.2540     0.0391     0.0000 -121.29188   35.63122      53.55          7  0.000e+00
      30953   1289.667     30.085     30.308    12.7838    12.7733  39.413456  39.407017    12.7797    12.7693    33.7037    33.7069    25.4322    25.4367     6.7781     6.9389    206.564    211.465     2.1368     2.0586     0.0940     1.3254     3.2540     0.0391     0.0000 -121.29188   35.63122      53.55          7  0.000e+00
      30954   1289.708     30.138     30.361    12.7869    12.7749  39.415236  39.408994    12.7829    12.7709    33.7026    33.7074    25.4307    25.4368     6.7777     6.9332    206.553    211.292     2.1368     2.0574     0.0940     1.3254     3.2527     0.0391     0.0000 -121.29188   35.63122      53.58          7  0.000e+00
      30955   1289.750     30.085     30.308    12.7892    12.7772  39.416883  39.411101    12.7852    12.7732    33.7021    33.7073    25.4299    25.4363     6.7723     6.9328    206.389    211.280     2.1355     2.0574     0.0940     1.3254     3.2540     0.0391     0.0000 -121.29188   35.63122      53.60          7  0.000e+00
      30956   1289.792     30.091     30.314    12.7912    12.7799  39.417345  39.414197    12.7872    12.7758    33.7008    33.7079    25.4285    25.4362     6.7721     6.9324    206.383    211.267     2.1355     2.0574     0.0928     1.2949     3.2540     0.0391     0.0000 -121.29188   35.63122      53.60          7  0.000e+00
      30957   1289.833     30.138     30.361    12.7919    12.7830  39.417806  39.416635    12.7879    12.7789    33.7006    33.7075    25.4282    25.4353     6.7720     6.9265    206.381    211.088     2.1355     2.0562     0.0928     1.2949     3.2540     0.0391     0.0000 -121.29188   35.63122      53.60          7  0.000e+00
      30958   1289.875     30.138     30.361    12.7922    12.7848  39.417213  39.417623    12.7882    12.7807    33.6998    33.7068    25.4275    25.4344     6.7720     6.9317    206.381    211.247     2.1355     2.0574     0.0928     1.2949     3.2527     0.0391     0.0000 -121.29188   35.63122      53.60          7  0.000e+00
      30959   1289.917     30.085     30.308    12.7920    12.7858  39.416949  39.417820    12.7880    12.7817    33.6997    33.7061    25.4275    25.4337     6.7720     6.9261    206.381    211.076     2.1355     2.0562     0.0928     1.2949     3.2527     0.0391     0.0000 -121.29188   35.63122      53.60          7  0.000e+00
      30960   1289.958     30.091     30.314    12.7919    12.7864  39.415960  39.418017    12.7879    12.7824    33.6989    33.7057    25.4268    25.4332     6.7671     6.9260    206.230    211.073     2.1343     2.0562     0.0928     1.2949     3.2527     0.0391     0.0000 -121.29188   35.63122      53.53          7  0.000e+00
      30961   1290.000     30.138     30.361    12.7911    12.7879  39.415301  39.417359    12.7870    12.7839    33.6990    33.7037    25.4271    25.4314     6.7672     6.9259    206.235    211.070     2.1343     2.0562     0.0928     1.2949     3.2540     0.0391     0.0000 -121.29188   35.63122      53.48          7  0.000e+00
      30962   1290.042     30.138     30.361    12.7902    12.7885  39.411346  39.417161    12.7862    12.7844    33.6959    33.7031    25.4249    25.4308     6.7624     6.9259    206.090    211.069     2.1331     2.0562     0.0928     1.2949     3.2540     0.0391     0.0000 -121.29188   35.63122      53.48          7  0.000e+00
      30963   1290.083     30.038     30.261    12.7884    12.7883  39.406469  39.416568    12.7844    12.7843    33.6930    33.7027    25.4230    25.4305     6.7628     6.9258    206.099    211.068     2.1331     2.0562     0.0928     1.2949     3.2527     0.0391     0.0000 -121.29188   35.63122      53.48          7  0.000e+00
      30964   1290.125     30.191     30.414    12.7857    12.7883  39.402383  39.415909    12.7817    12.7842    33.6914    33.7020    25.4223    25.4300     6.7633     6.9205    206.117    210.907     2.1331     2.0549     0.0928     1.2949     3.2527     0.0391     0.0000 -121.29188   35.63122      53.48          7  0.000e+00
      30965   1290.167     30.138     30.361    12.7811    12.7883  39.399681  39.415975    12.7770    12.7842    33.6930    33.7021    25.4244    25.4301     6.7589     6.9205    205.981    210.905     2.1319     2.0549     0.0928     1.2949     3.2527     0.0391     0.0000 -121.29188   35.63122      53.48          7  0.000e+00
      30966   1290.208     30.138     30.361    12.7778    12.7878  39.397572  39.416897    12.7737    12.7837    33.6939    33.7034    25.4258    25.4312     6.7593     6.9205    205.994    210.906     2.1319     2.0549     0.0928     1.2949     3.2527     0.0391     0.0000 -121.29188   35.63122      53.50          7  0.000e+00
      33195   1383.083     19.814     19.961    13.6752    13.7324  40.228305  40.272625    13.6724    13.7296    33.6867    33.6777    25.2399    25.2213     7.8037     7.9849    237.866    243.394     2.4249     2.3333     0.1294     2.2107     3.2503     0.0549     0.0000 -121.29174   35.63136      63.54          8  0.000e+00
      33196   1383.125     19.867     20.014    13.6783    13.7324  40.227641  40.272891    13.6755    13.7296    33.6833    33.6780    25.2366    25.2214     7.8034     7.9903    237.858    243.558     2.4249     2.3346     0.1294     2.2107     3.2479     0.0549     0.0000 -121.29174   35.63136      63.52          8  0.000e+00
      33197   1383.167     19.722     19.867    13.6812    13.7327  40.226045  40.273223    13.6784    13.7299    33.6794    33.6780    25.2330    25.2214     7.8030     7.9901    237.846    243.551     2.4249     2.3346     0.1294     2.2107     3.2479     0.0549     0.0000 -121.29174   35.63136      63.52          8  0.000e+00
      33198   1383.208     19.867     20.014    13.6820    13.7332  40.225380  40.273091    13.6792    13.7304    33.6779    33.6774    25.2318    25.2208     7.8031     7.9902    237.849    243.554     2.4249     2.3346     0.1306     2.2412     3.2491     0.0537     0.0000 -121.29174   35.63136      63.52          8  0.000e+00
      33199   1383.250     19.768     19.914    13.6810    13.7339  40.226576  40.273489    13.6782    13.7311    33.6800    33.6772    25.2335    25.2205     7.8031     7.9900    237.847    243.548     2.4249     2.3346     0.1294     2.2107     3.2503     0.0537     0.0000 -121.29174   35.63136      63.49          8  0.000e+00
      33200   1383.292     19.821     19.967    13.6812    13.7346  40.228637  40.272359    13.6784    13.7318    33.6817    33.6756    25.2348    25.2191     7.8030     7.9900    237.845    243.549     2.4249     2.3346     0.1294     2.2107     3.2491     0.0537     0.0000 -121.29174   35.63136      63.49          8  0.000e+00
      33201   1383.333     19.814     19.961    13.6819    13.7351  40.232226  40.270366    13.6791    13.7323    33.6845    33.6733    25.2368    25.2173     7.8027     7.9900    237.837    243.550     2.4249     2.3346     0.1294     2.2107     3.2479     0.0537     0.0000 -121.29174   35.63136      63.49          8  0.000e+00
      33202   1383.375     19.775     19.921    13.6834    13.7320  40.234685  40.267974    13.6806    13.7292    33.6855    33.6737    25.2373    25.2182     7.8024     7.9905    237.827    243.564     2.4249     2.3346     0.1294     2.2107     3.2479     0.0537     0.0000 -121.29174   35.63136      63.49          8  0.000e+00
      33203   1383.417     19.814     19.961    13.6841    13.7287  40.235549  40.266845    13.6814    13.7259    33.6856    33.6756    25.2372    25.2203     7.8023     7.9910    237.824    243.579     2.4249     2.3346     0.1306     2.2412     3.2491     0.0537     0.0000 -121.29174   35.63136      63.49          8  0.000e+00
      33204   1383.458     19.775     19.921    13.6862    13.7275  40.236811  40.265383    13.6834    13.7247    33.6849    33.6753    25.2363    25.2204     7.8020     7.9912    237.813    243.585     2.4249     2.3346     0.1294     2.2107     3.2491     0.0537     0.0000 -121.29174   35.63136      63.59          8  0.000e+00
      33205   1383.500     19.814     19.961    13.6886    13.7285  40.239204  40.264452    13.6858    13.7257    33.6851    33.6735    25.2359    25.2188     7.8016     7.9911    237.803    243.584     2.4249     2.3346     0.1294     2.2107     3.2491     0.0537     0.0000 -121.29174   35.63136      63.69          8  0.000e+00
