West Coast/WCOA-7/CTD_Data/RB2102_CTD_133_01.ros
* Sea-Bird SBE 9 Data File:
* FileName = C:\Users\scs.user.rb\CTD\RB2102\Data\RB2102_CTD_133_02.hex
* Software Version Seasave V 7.26.7.107
* Temperature SN = 6224
* Conductivity SN = 4722
* Number of Bytes Per Scan = 41
* Number of Voltage Words = 4
* Number of Scans Averaged by the Deck Unit = 1
* NMEA Latitude = 31 46.66 N
* NMEA Longitude = 120 14.98 W
* NMEA UTC (Time) = Jul 23 2021  09:31:59
* NMEA baud rate = 4800
# nquan = 30
# nvalues = 1176                                  
# units = specified
# name 0 = scan: Scan Count
# name 1 = timeS: Time, Elapsed [seconds]
# name 2 = depSM: Depth [salt water, m]
# name 3 = prDM: Pressure, Digiquartz [db]
# name 4 = t090C: Temperature [ITS-90, deg C]
# name 5 = t190C: Temperature, 2 [ITS-90, deg C]
# name 6 = c0mS/cm: Conductivity [mS/cm]
# name 7 = c1mS/cm: Conductivity, 2 [mS/cm]
# name 8 = potemp090C: Potential Temperature [ITS-90, deg C]
# name 9 = potemp190C: Potential Temperature, 2 [ITS-90, deg C]
# name 10 = sal00: Salinity, Practical [PSU]
# name 11 = sal11: Salinity, Practical, 2 [PSU]
# name 12 = sigma-é00: Density [sigma-theta, kg/m^3]
# name 13 = sigma-é11: Density, 2 [sigma-theta, kg/m^3]
# name 14 = sbeox0Mg/L: Oxygen, SBE 43 [mg/l]
# name 15 = sbeox1Mg/L: Oxygen, SBE 43, 2 [mg/l]
# name 16 = sbox0Mm/Kg: Oxygen, SBE 43 [umol/kg]
# name 17 = sbox1Mm/Kg: Oxygen, SBE 43, 2 [umol/kg]
# name 18 = sbeox0V: Oxygen raw, SBE 43 [V]
# name 19 = sbeox1V: Oxygen raw, SBE 43, 2 [V]
# name 20 = v4: Voltage 4
# name 21 = flECO-AFL: Fluorescence, WET Labs ECO-AFL/FL [mg/m^3]
# name 22 = v3: Voltage 3
# name 23 = v6: Voltage 6
# name 24 = v7: Voltage 7
# name 25 = longitude: Longitude [deg]
# name 26 = latitude: Latitude [deg]
# name 27 = altM: Altimeter [m]
# name 28 = nbf: Bottles Fired
# name 29 = flag:  0.000e+00
# interval = seconds: 0.0416667
# start_time = Jul 23 2021 09:31:59 [NMEA time, header]
# bad_flag = -9.990e-29
*END*
[from data line 339]
     198169   8257.000   1976.564   1999.911     2.1303     2.1310  31.422220  31.450471     1.9920     1.9926    34.5854    34.6193    27.6402    27.6672     2.4836     2.2966     75.527     69.837     0.8926     0.7741     0.0391    -0.0482     0.0000     0.0000     0.0000 -120.25300   31.77584     100.00          7  0.000e+00
     198170   8257.042   1976.587   1999.935     2.1305     2.1313  31.422220  31.450303     1.9922     1.9929    34.5852    34.6187    27.6400    27.6668     2.4836     2.2879     75.527     69.572     0.8926     0.7729     0.0391    -0.0482     0.0000     0.0000     0.0000 -120.25300   31.77584     100.00          7  0.000e+00
     198171   8257.083   1976.587   1999.935     2.1305     2.1315  31.422673  31.450415     1.9922     1.9931    34.5858    34.6186    27.6404    27.6667     2.4922     2.2879     75.789     69.572     0.8938     0.7729     0.0391    -0.0482     0.0000     0.0000     0.0000 -120.25300   31.77584     100.00          7  0.000e+00
     198172   8257.125   1976.587   1999.935     2.1306     2.1312  31.422390  31.450921     1.9924     1.9928    34.5853    34.6196    27.6400    27.6675     2.4836     2.2879     75.527     69.572     0.8926     0.7729     0.0391    -0.0482     0.0000     0.0000     0.0000 -120.25300   31.77584     100.00          7  0.000e+00
     216270   9011.208   1485.488   1501.271     2.9012     2.9028  31.843530  31.872704     2.7945     2.7960    34.5269    34.5604    27.5259    27.5526     1.4943     1.3868     45.446     42.177     0.7717     0.6642     0.0391    -0.0482     0.0000     0.0000     0.0000 -120.25330   31.77566     100.00          8  0.000e+00
     216271   9011.250   1485.372   1501.154     2.9011     2.9025  31.843644  31.872704     2.7944     2.7957    34.5272    34.5608    27.5262    27.5529     1.5022     1.3868     45.686     42.177     0.7729     0.6642     0.0391    -0.0482     0.0000     0.0000     0.0000 -120.25330   31.77566     100.00          8  0.000e+00
     216272   9011.292   1485.372   1501.154     2.9011     2.9029  31.843473  31.872703     2.7944     2.7961    34.5270    34.5603    27.5261    27.5525     1.4943     1.3868     45.446     42.176     0.7717     0.6642     0.0391    -0.0482     0.0000     0.0000     0.0000 -120.25330   31.77566     100.00          8  0.000e+00
     216273   9011.333   1485.434   1501.216     2.9014     2.9026  31.843189  31.872534     2.7947     2.7958    34.5263    34.5604    27.5255    27.5526     1.5022     1.3868     45.686     42.177     0.7729     0.6642     0.0391    -0.0482     0.0000     0.0000     0.0000 -120.25330   31.77566     100.00          8  0.000e+00
     216274   9011.375   1485.373   1501.154     2.9014     2.9026  31.844156  31.872647     2.7947     2.7958    34.5275    34.5606    27.5264    27.5527     1.4943     1.3868     45.445     42.177     0.7717     0.6642     0.0391    -0.0482     0.0000     0.0000     0.0000 -120.25330   31.77566     100.00          8  0.000e+00
     216275   9011.417   1485.373   1501.154     2.9012     2.9028  31.843644  31.872534     2.7945     2.7960    34.5271    34.5603    27.5261    27.5525     1.4943     1.3868     45.446     42.177     0.7717     0.6642     0.0391    -0.0482     0.0000     0.0000     0.0000 -120.25330   31.77566     100.00          8  0.000e+00
     216276   9011.458   1485.373   1501.154     2.9012     2.9026  31.843359  31.872364     2.7945     2.7958    34.5267    34.5602    27.5258    27.5525     1.5022     1.3868     45.686     42.177     0.7729     0.6642     0.0391    -0.0482     0.0000     0.0000     0.0000 -120.25330   31.77566     100.00          8  0.000e+00
     216277   9011.500   1485.319   1501.100     2.9012     2.9028  31.843188  31.872647     2.7945     2.7960    34.5265    34.5604    27.5257    27.5526     1.4943     1.3868     45.446     42.176     0.7717     0.6642     0.0391    -0.0482     0.0000     0.0000     0.0000 -120.25330   31.77566     100.00          8  0.000e+00
     216278   9011.542   1485.280   1501.061     2.9014     2.9028  31.843985  31.872703     2.7947     2.7960    34.5274    34.5605    27.5263    27.5527     1.5021     1.3868     45.685     42.176     0.7729     0.6642     0.0391    -0.0482     0.0000     0.0000     0.0000 -120.25330   31.77566     100.00          8  0.000e+00
     216279   9011.583   1485.257   1501.037     2.9014     2.9031  31.843586  31.872703     2.7947     2.7963    34.5269    34.5602    27.5259    27.5524     1.5100     1.3868     45.925     42.176     0.7741     0.6642     0.0391    -0.0482     0.0000     0.0000     0.0000 -120.25330   31.77566     100.00          8  0.000e+00
     216280   9011.625   1485.257   1501.037     2.9014     2.9029  31.843586  31.872760     2.7947     2.7961    34.5269    34.5605    27.5259    27.5526     1.5021     1.3868     45.685     42.176     0.7729     0.6642     0.0391    -0.0482     0.0000     0.0000     0.0000 -120.25330   31.77566     100.00          8  0.000e+00
     216281   9011.667   1485.257   1501.037     2.9012     2.9031  31.843871  31.872703     2.7946     2.7963    34.5274    34.5602    27.5264    27.5524     1.4942     1.3868     45.445     42.176     0.7717     0.6642     0.0391    -0.0482     0.0000     0.0000     0.0000 -120.25330   31.77566     100.00          8  0.000e+00
     216282   9011.708   1485.142   1500.920     2.9012     2.9029  31.843984  31.872703     2.7946     2.7962    34.5276    34.5604    27.5265    27.5526     1.5021     1.3868     45.684     42.175     0.7729     0.6642     0.0403    -0.0177     0.0000     0.0000     0.0000 -120.25330   31.77566     100.00          8  0.000e+00
     216283   9011.750   1485.196   1500.975     2.9012     2.9030  31.843757  31.872703     2.7946     2.7962    34.5273    34.5603    27.5263    27.5525     1.5021     1.3868     45.685     42.175     0.7729     0.6642     0.0391    -0.0482     0.0000     0.0000     0.0000 -120.25330   31.77566     100.00          8  0.000e+00
     216284   9011.792   1485.196   1500.975     2.9012     2.9025  31.843871  31.872703     2.7946     2.7957    34.5274    34.5609    27.5264    27.5530     1.5021     1.3868     45.685     42.176     0.7729     0.6642     0.0391    -0.0482     0.0000     0.0000     0.0000 -120.25330   31.77566     100.00          8  0.000e+00
     216285   9011.833   1485.081   1500.858     2.9012     2.9029  31.843529  31.872703     2.7946     2.7962    34.5271    34.5605    27.5261    27.5526     1.4942     1.3868     45.444     42.175     0.7717     0.6642     0.0391    -0.0482     0.0000     0.0000     0.0000 -120.25330   31.77566     100.00          8  0.000e+00
     216286   9011.875   1485.142   1500.920     2.9011     2.9031  31.843415  31.872533     2.7944     2.7963    34.5271    34.5601    27.5261    27.5523     1.4942     1.3868     45.444     42.175     0.7717     0.6642     0.0391    -0.0482     0.0000     0.0000     0.0000 -120.25330   31.77566     100.00          8  0.000e+00
     216287   9011.917   1485.081   1500.858     2.9014     2.9026  31.843813  31.872363     2.7947     2.7959    34.5273    34.5604    27.5262    27.5526     1.5021     1.3868     45.684     42.175     0.7729     0.6642     0.0391    -0.0482     0.0000     0.0000     0.0000 -120.25330   31.77566     100.00          8  0.000e+00
     216288   9011.958   1485.081   1500.858     2.9010     2.9029  31.843927  31.872646     2.7944     2.7962    34.5278    34.5604    27.5267    27.5526     1.5021     1.3868     45.684     42.175     0.7729     0.6642     0.0391    -0.0482     0.0000     0.0000     0.0000 -120.25330   31.77566     100.00          8  0.000e+00
     216289   9012.000   1485.027   1500.803     2.9014     2.9028  31.843301  31.872420     2.7947     2.7960    34.5267    34.5603    27.5258    27.5525     1.5021     1.3868     45.684     42.175     0.7729     0.6642     0.0391    -0.0482     0.0000     0.0000     0.0000 -120.25330   31.77566     100.00          8  0.000e+00
     216290   9012.042   1484.988   1500.765     2.9014     2.9026  31.843301  31.872646     2.7947     2.7959    34.5267    34.5608    27.5258    27.5529     1.5100     1.3868     45.924     42.175     0.7741     0.6642     0.0391    -0.0482     0.0000     0.0000     0.0000 -120.25330   31.77566     100.00          8  0.000e+00
     216291   9012.083   1485.027   1500.804     2.9014     2.9025  31.843813  31.872420     2.7947     2.7957    34.5273    34.5606    27.5263    27.5528     1.5021     1.3868     45.683     42.175     0.7729     0.6642     0.0391    -0.0482     0.0000     0.0000     0.0000 -120.25330   31.77566     100.00          8  0.000e+00
     216292   9012.125   1484.965   1500.741     2.9012     2.9028  31.843699  31.872420     2.7946     2.7960    34.5273    34.5604    27.5263    27.5525     1.5021     1.3867     45.683     42.174     0.7729     0.6642     0.0391    -0.0482     0.0000     0.0000     0.0000 -120.25330   31.77566     100.00          8  0.000e+00
     216293   9012.167   1484.965   1500.741     2.9014     2.9026  31.843642  31.872250     2.7947     2.7959    34.5271    34.5603    27.5261    27.5525     1.4942     1.3868     45.443     42.175     0.7717     0.6642     0.0391    -0.0482     0.0000     0.0000     0.0000 -120.25330   31.77566     100.00          8  0.000e+00
     216294   9012.208   1484.912   1500.687     2.9015     2.9028  31.843016  31.872532     2.7949     2.7960    34.5262    34.5605    27.5254    27.5527     1.4942     1.3867     45.443     42.174     0.7717     0.6642     0.0391    -0.0482     0.0000     0.0000     0.0000 -120.25330   31.77566     100.00          8  0.000e+00
     216295   9012.250   1484.912   1500.687     2.9014     2.9026  31.843472  31.872532     2.7947     2.7959    34.5269    34.5607    27.5260    27.5528     1.5021     1.3867     45.683     42.174     0.7729     0.6642     0.0391    -0.0482     0.0000     0.0000     0.0000 -120.25330   31.77566     100.00          8  0.000e+00
     216296   9012.292   1484.912   1500.687     2.9015     2.9029  31.843870  31.872646     2.7949     2.7962    34.5273    34.5605    27.5262    27.5526     1.5021     1.3867     45.683     42.174     0.7729     0.6642     0.0391    -0.0482     0.0000     0.0000     0.0000 -120.25330   31.77566     100.00          8  0.000e+00
     216297   9012.333   1484.850   1500.624     2.9017     2.9028  31.843699  31.872306     2.7950     2.7960    34.5269    34.5603    27.5259    27.5525     1.5020     1.3867     45.682     42.174     0.7729     0.6642     0.0391    -0.0482     0.0000     0.0000     0.0000 -120.25330   31.77566     100.00          8  0.000e+00
     216298   9012.375   1484.850   1500.624     2.9019     2.9028  31.843642  31.872532     2.7952     2.7960    34.5267    34.5605    27.5257    27.5527     1.5020     1.3867     45.682     42.174     0.7729     0.6642     0.0391    -0.0482     0.0000     0.0000     0.0000 -120.25330   31.77566     100.00          8  0.000e+00
     216299   9012.417   1484.850   1500.624     2.9017     2.9027  31.843699  31.872306     2.7950     2.7960    34.5269    34.5603    27.5259    27.5525     1.5020     1.3867     45.682     42.174     0.7729     0.6642     0.0391    -0.0482     0.0000     0.0000     0.0000 -120.25330   31.77566     100.00          8  0.000e+00
     216300   9012.458   1484.735   1500.507     2.9017     2.9029  31.844097  31.872758     2.7950     2.7962    34.5275    34.5607    27.5264    27.5528     1.5020     1.3867     45.681     42.173     0.7729     0.6642     0.0391    -0.0482     0.0000     0.0000     0.0000 -120.25330   31.77566     100.00          8  0.000e+00
     216301   9012.500   1484.819   1500.593     2.9017     2.9029  31.844211  31.872363     2.7950     2.7962    34.5276    34.5602    27.5264    27.5524     1.4941     1.3867     45.442     42.173     0.7717     0.6642     0.0391    -0.0482     0.0000     0.0000     0.0000 -120.25330   31.77566     100.00          8  0.000e+00
     216302   9012.542   1484.796   1500.570     2.9017     2.9031  31.843585  31.872758     2.7950     2.7963    34.5268    34.5605    27.5258    27.5527     1.4941     1.3867     45.442     42.173     0.7717     0.6642     0.0391    -0.0482     0.0000     0.0000     0.0000 -120.25330   31.77566     100.00          8  0.000e+00
     216303   9012.583   1484.735   1500.507     2.9019     2.9034  31.843585  31.872815     2.7952     2.7967    34.5266    34.5602    27.5257    27.5524     1.4941     1.3867     45.441     42.172     0.7717     0.6642     0.0391    -0.0482     0.0000     0.0000     0.0000 -120.25330   31.77566     100.00          8  0.000e+00
     216304   9012.625   1484.735   1500.507     2.9019     2.9031  31.844097  31.872758     2.7952     2.7963    34.5273    34.5606    27.5262    27.5527     1.4941     1.3867     45.441     42.173     0.7717     0.6642     0.0391    -0.0482     0.0000     0.0000     0.0000 -120.25330   31.77566     100.00          8  0.000e+00
     216305   9012.667   1484.681   1500.453     2.9017     2.9031  31.844438  31.872701     2.7950     2.7963    34.5279    34.5605    27.5267    27.5526     1.4941     1.3867     45.441     42.172     0.7717     0.6642     0.0391    -0.0482     0.0000     0.0000     0.0000 -120.25330   31.77566     100.00          8  0.000e+00
     216306   9012.708   1484.681   1500.453     2.9019     2.9034  31.843641  31.872984     2.7952     2.7967    34.5267    34.5605    27.5258    27.5526     1.4941     1.3867     45.441     42.172     0.7717     0.6642     0.0391    -0.0482     0.0000     0.0000     0.0000 -120.25330   31.77566     100.00          8  0.000e+00
     216307   9012.750   1484.681   1500.453     2.9019     2.9031  31.843414  31.872984     2.7952     2.7963    34.5265    34.5609    27.5255    27.5529     1.4862     1.3867     45.201     42.172     0.7705     0.6642     0.0391    -0.0482     0.0000     0.0000     0.0000 -120.25330   31.77566     100.00          8  0.000e+00
     216308   9012.792   1484.681   1500.453     2.9019     2.9034  31.843585  31.872588     2.7952     2.7967    34.5267    34.5600    27.5257    27.5522     1.4941     1.3867     45.441     42.172     0.7717     0.6642     0.0391    -0.0482     0.0000     0.0000     0.0000 -120.25330   31.77566     100.00          8  0.000e+00
     216309   9012.833   1484.620   1500.391     2.9020     2.9032  31.843641  31.872645     2.7954     2.7965    34.5266    34.5603    27.5257    27.5525     1.5020     1.3867     45.680     42.172     0.7729     0.6642     0.0403    -0.0177     0.0000     0.0000     0.0000 -120.25330   31.77566     100.00          8  0.000e+00
     216310   9012.875   1484.558   1500.328     2.9020     2.9031  31.843869  31.872531     2.7953     2.7964    34.5270    34.5604    27.5259    27.5525     1.4941     1.3867     45.440     42.172     0.7717     0.6642     0.0391    -0.0482     0.0000     0.0000     0.0000 -120.25330   31.77566     100.00          8  0.000e+00
     216311   9012.917   1484.643   1500.414     2.9020     2.9032  31.843528  31.872814     2.7954     2.7965    34.5265    34.5605    27.5255    27.5526     1.5020     1.3946     45.681     42.415     0.7729     0.6654     0.0391    -0.0482     0.0000     0.0000     0.0000 -120.25330   31.77566     100.00          8  0.000e+00
     216312   9012.958   1484.620   1500.391     2.9019     2.9032  31.843812  31.872588     2.7952     2.7965    34.5270    34.5602    27.5260    27.5524     1.5020     1.3867     45.680     42.172     0.7729     0.6642     0.0391    -0.0482     0.0000     0.0000     0.0000 -120.25330   31.77566     100.00          8  0.000e+00
