West Coast/WCOA-7/CTD_Data/RB2102_CTD_009_01.ros
* Sea-Bird SBE 9 Data File:
* FileName = C:\Users\scs.user.rb\CTD\RB2102\Data\RB2102_CTD_009_01.hex
* Software Version Seasave V 7.26.7.107
* Temperature SN = 6202
* Conductivity SN = 4907
* Number of Bytes Per Scan = 41
* Number of Voltage Words = 4
* Number of Scans Averaged by the Deck Unit = 1
* NMEA Latitude = 48 25.95 N
* NMEA Longitude = 126 13.60 W
* NMEA UTC (Time) = Jun 27 2021  18:58:06
* NMEA baud rate = 4800
# nquan = 30
# nvalues = 980                                   
# units = specified
# name 0 = scan: Scan Count
# name 1 = timeS: Time, Elapsed [seconds]
# name 2 = depSM: Depth [salt water, m]
# name 3 = prDM: Pressure, Digiquartz [db]
# name 4 = t090C: Temperature [ITS-90, deg C]
# name 5 = t190C: Temperature, 2 [ITS-90, deg C]
# name 6 = c0mS/cm: Conductivity [mS/cm]
# name 7 = c1mS/cm: Conductivity, 2 [mS/cm]
# name 8 = potemp090C: Potential Temperature [ITS-90, deg C]
# name 9 = potemp190C: Potential Temperature, 2 [ITS-90, deg C]
# name 10 = sal00: Salinity, Practical [PSU]
# name 11 = sal11: Salinity, Practical, 2 [PSU]
# name 12 = sigma-é00: Density [sigma-theta, kg/m^3]
# name 13 = sigma-é11: Density, 2 [sigma-theta, kg/m^3]
# name 14 = sbeox0Mg/L: Oxygen, SBE 43 [mg/l]
# name 15 = sbeox1Mg/L: Oxygen, SBE 43, 2 [mg/l]
# name 16 = sbox0Mm/Kg: Oxygen, SBE 43 [umol/kg]
# name 17 = sbox1Mm/Kg: Oxygen, SBE 43, 2 [umol/kg]
# name 18 = sbeox0V: Oxygen raw, SBE 43 [V]
# name 19 = sbeox1V: Oxygen raw, SBE 43, 2 [V]
# name 20 = v4: Voltage 4
# name 21 = flECO-AFL: Fluorescence, WET Labs ECO-AFL/FL [mg/m^3]
# name 22 = v3: Voltage 3
# name 23 = v6: Voltage 6
# name 24 = v7: Voltage 7
# name 25 = longitude: Longitude [deg]
# name 26 = latitude: Latitude [deg]
# name 27 = altM: Altimeter [m]
# name 28 = nbf: Bottles Fired
# name 29 = flag:  0.000e+00
# interval = seconds: 0.0416667
# start_time = Jun 27 2021 18:58:06 [NMEA time, header]
# bad_flag = -9.990e-29
*END*
[from data line 484]
      63816   2658.958     99.257    100.125     7.7750     7.7797  34.528039  34.530500     7.7653     7.7700    33.3629    33.3610    26.0223    26.0202     5.5361     5.4329    168.618    165.474     1.6764     1.5739     0.0403    -0.0177     3.1197     1.4628     2.3687 -126.22774   48.43190      99.44         10  0.000e+00
      63817   2659.000     99.257    100.125     7.7750     7.7795  34.528226  34.530750     7.7653     7.7698    33.3631    33.3615    26.0225    26.0206     5.5361     5.4329    168.617    165.474     1.6764     1.5739     0.0415     0.0129     3.1197     1.4628     2.3639 -126.22774   48.43190      99.44         10  0.000e+00
      63818   2659.042     99.204    100.072     7.7754     7.7785  34.528539  34.530062     7.7658     7.7689    33.3630    33.3617    26.0224    26.0209     5.5360     5.4330    168.614    165.477     1.6764     1.5739     0.0403    -0.0177     3.1172     1.4628     2.3529 -126.22774   48.43190      99.44         10  0.000e+00
      63819   2659.083     99.211    100.079     7.7754     7.7780  34.528664  34.530375     7.7658     7.7683    33.3632    33.3626    26.0225    26.0216     5.5360     5.4330    168.614    165.478     1.6764     1.5739     0.0415     0.0129     3.1197     1.4628     2.3492 -126.22774   48.43190      99.44         10  0.000e+00
      63820   2659.125     99.204    100.072     7.7769     7.7777  34.529289  34.530062     7.7673     7.7680    33.3624    33.3625    26.0217    26.0216     5.5358     5.4331    168.609    165.479     1.6764     1.5739     0.0403    -0.0177     3.1172     1.4628     2.3492 -126.22774   48.43190      99.44         10  0.000e+00
      63821   2659.167     99.211    100.079     7.7777     7.7773  34.529790  34.529875     7.7681     7.7676    33.3622    33.3627    26.0214    26.0218     5.5357     5.4331    168.606    165.481     1.6764     1.5739     0.0415     0.0129     3.1172     1.4628     2.3504 -126.22774   48.43190      99.44         10  0.000e+00
      66674   2778.042     78.059     78.737     7.7004     7.6999  33.986039  34.000071     7.6930     7.6924    32.8620    32.8776    25.6392    25.6515     7.1779     7.0120    218.704    213.647     2.0256     1.8816     0.0427     0.0434     3.1172     1.3321     1.1795 -126.22770   48.43194      99.29         11  0.000e+00
      66675   2778.083     78.059     78.737     7.7006     7.6996  33.985728  34.000133     7.6931     7.6922    32.8616    32.8779    25.6388    25.6517     7.1722     7.0120    218.531    213.648     2.0244     1.8816     0.0427     0.0434     3.1172     1.3321     1.1184 -126.22770   48.43194      99.32         11  0.000e+00
      66676   2778.125     78.059     78.737     7.7006     7.6997  33.985355  34.000382     7.6931     7.6923    32.8612    32.8781    25.6384    25.6519     7.1722     7.0120    218.531    213.647     2.0244     1.8816     0.0427     0.0434     3.1172     1.3321     1.1221 -126.22770   48.43194      99.29         11  0.000e+00
      66677   2778.167     78.059     78.737     7.7006     7.6994  33.985293  33.999823     7.6931     7.6920    32.8611    32.8777    25.6384    25.6516     7.1779     7.0121    218.705    213.649     2.0256     1.8816     0.0427     0.0434     3.1172     1.3321     1.1306 -126.22770   48.43194      99.29         11  0.000e+00
      66678   2778.208     78.158     78.838     7.7004     7.6997  33.985666  33.999388     7.6930     7.6923    32.8616    32.8770    25.6388    25.6510     7.1723     7.0121    218.534    213.652     2.0244     1.8816     0.0427     0.0434     3.1172     1.3321     1.1331 -126.22770   48.43194      99.32         11  0.000e+00
      66679   2778.250     78.052     78.731     7.7006     7.6996  33.985168  33.999450     7.6931     7.6922    32.8610    32.8772    25.6383    25.6512     7.1779     7.0120    218.705    213.649     2.0256     1.8816     0.0415     0.0129     3.1172     1.3321     1.1331 -126.22770   48.43194      99.32         11  0.000e+00
      66680   2778.292     78.112     78.791     7.7004     7.6999  33.984050  33.998891     7.6930     7.6924    32.8599    32.8763    25.6375    25.6505     7.1780     7.0121    218.709    213.651     2.0256     1.8816     0.0415     0.0129     3.1172     1.3321     1.1331 -126.22770   48.43194      99.29         11  0.000e+00
      66681   2778.333     78.059     78.737     7.7009     7.6998  33.982495  33.998891     7.6934     7.6923    32.8578    32.8764    25.6357    25.6506     7.1780     7.0121    218.709    213.650     2.0256     1.8816     0.0415     0.0129     3.1172     1.3321     1.1331 -126.22770   48.43194      99.29         11  0.000e+00
      66682   2778.375     78.158     78.838     7.7010     7.6997  33.980817  33.999202     7.6936     7.6923    32.8558    32.8768    25.6342    25.6508     7.1782     7.0121    218.714    213.652     2.0256     1.8816     0.0427     0.0434     3.1172     1.3321     1.1331 -126.22770   48.43194      99.29         11  0.000e+00
      66683   2778.417     78.112     78.791     7.7010     7.6996  33.979698  33.999202     7.6936     7.6922    32.8546    32.8769    25.6332    25.6509     7.1782     7.0121    218.714    213.651     2.0256     1.8816     0.0427     0.0434     3.1172     1.3321     1.1331 -126.22770   48.43194      99.29         11  0.000e+00
      66684   2778.458     78.158     78.838     7.7009     7.6999  33.979574  33.999761     7.6934     7.6924    32.8546    32.8772    25.6332    25.6512     7.1782     7.0121    218.717    213.651     2.0256     1.8816     0.0415     0.0129     3.1172     1.3321     1.1331 -126.22770   48.43194      99.29         11  0.000e+00
      66685   2778.500     78.158     78.838     7.7009     7.6995  33.979511  33.999699     7.6934     7.6921    32.8545    32.8775    25.6332    25.6514     7.1839     7.0121    218.890    213.652     2.0269     1.8816     0.0427     0.0434     3.1172     1.3309     1.1331 -126.22770   48.43194      99.29         11  0.000e+00
      66686   2778.542     78.158     78.838     7.7010     7.6998  33.979511  33.999140     7.6936     7.6923    32.8544    32.8766    25.6331    25.6507     7.1839     7.0121    218.890    213.652     2.0269     1.8816     0.0427     0.0434     3.1172     1.3309     1.1331 -126.22770   48.43194      99.29         11  0.000e+00
      66687   2778.583     78.204     78.884     7.7009     7.6995  33.980755  33.998891     7.6934     7.6921    32.8558    32.8766    25.6342    25.6507     7.1839     7.0122    218.889    213.655     2.0269     1.8816     0.0427     0.0434     3.1172     1.3309     1.1331 -126.22770   48.43194      99.29         11  0.000e+00
      66688   2778.625     78.204     78.884     7.7010     7.6994  33.983055  33.998953     7.6936     7.6920    32.8582    32.8767    25.6360    25.6509     7.1838     7.0122    218.885    213.655     2.0269     1.8816     0.0427     0.0434     3.1172     1.3321     1.1331 -126.22770   48.43194      99.29         11  0.000e+00
      66689   2778.667     78.204     78.884     7.7007     7.6995  33.983739  33.998767     7.6932     7.6921    32.8592    32.8765    25.6369    25.6506     7.1838     7.0122    218.885    213.655     2.0269     1.8816     0.0427     0.0434     3.1172     1.3309     1.1331 -126.22770   48.43194      99.29         11  0.000e+00
      66690   2778.708     78.257     78.938     7.7009     7.6996  33.982682  33.998394     7.6934     7.6921    32.8579    32.8759    25.6358    25.6502     7.1896     7.0123    219.061    213.657     2.0281     1.8816     0.0427     0.0434     3.1172     1.3309     1.1331 -126.22770   48.43194      99.32         11  0.000e+00
      66691   2778.750     78.244     78.924     7.7009     7.6995  33.983366  33.998332     7.6934     7.6921    32.8586    32.8760    25.6364    25.6502     7.1895     7.0123    219.060    213.657     2.0281     1.8816     0.0415     0.0129     3.1172     1.3309     1.1331 -126.22770   48.43194      99.29         11  0.000e+00
      66692   2778.792     78.257     78.938     7.7007     7.6998  33.986040  33.999078     7.6932     7.6923    32.8617    32.8765    25.6388    25.6507     7.1894     7.0122    219.056    213.655     2.0281     1.8816     0.0427     0.0434     3.1172     1.3309     1.1331 -126.22768   48.43194      99.29         11  0.000e+00
      66693   2778.833     78.304     78.985     7.7006     7.6995  33.986910  33.999761     7.6931     7.6920    32.8627    32.8775    25.6397    25.6514     7.1894     7.0123    219.056    213.656     2.0281     1.8816     0.0415     0.0129     3.1172     1.3309     1.1331 -126.22768   48.43194      99.29         11  0.000e+00
      66694   2778.875     78.304     78.985     7.7007     7.6993  33.984734  34.000507     7.6932     7.6918    32.8602    32.8785    25.6377    25.6523     7.1952     7.0123    219.233    213.656     2.0293     1.8816     0.0415     0.0129     3.1184     1.3309     1.1331 -126.22768   48.43194      99.32         11  0.000e+00
      66695   2778.917     78.357     79.038     7.7007     7.6997  33.981750  34.000818     7.6932     7.6922    32.8570    32.8784    25.6352    25.6521     7.1897     7.0122    219.066    213.655     2.0281     1.8816     0.0427     0.0434     3.1172     1.3309     1.1331 -126.22768   48.43194      99.29         11  0.000e+00
      66696   2778.958     78.357     79.038     7.7009     7.6994  33.979263  34.000383     7.6934     7.6919    32.8542    32.8782    25.6329    25.6520     7.1955     7.0123    219.243    213.657     2.0293     1.8816     0.0415     0.0129     3.1172     1.3309     1.1331 -126.22768   48.43194      99.29         11  0.000e+00
      66697   2779.000     78.357     79.038     7.7012     7.6997  33.977647  34.000134     7.6937     7.6922    32.8521    32.8777    25.6313    25.6515     7.1956     7.0123    219.245    213.656     2.0293     1.8816     0.0427     0.0434     3.1172     1.3309     1.2381 -126.22768   48.43194      99.32         11  0.000e+00
      66698   2779.042     78.403     79.085     7.7012     7.6994  33.978020  33.999762     7.6937     7.6919    32.8525    32.8776    25.6316    25.6515     7.1956     7.0124    219.246    213.659     2.0293     1.8816     0.0427     0.0434     3.1172     1.3309     1.5092 -126.22768   48.43194      99.29         11  0.000e+00
      66699   2779.083     78.403     79.085     7.7012     7.6994  33.978455  33.999824     7.6937     7.6919    32.8530    32.8776    25.6319    25.6515     7.2013     7.0124    219.419    213.659     2.0305     1.8816     0.0427     0.0434     3.1172     1.3309     1.5995 -126.22768   48.43194      99.29         11  0.000e+00
      66700   2779.125     78.449     79.132     7.7012     7.6995  33.978207  34.000880     7.6937     7.6920    32.8527    32.8786    25.6317    25.6523     7.2013     7.0186    219.420    213.848     2.0305     1.8828     0.0427     0.0434     3.1172     1.3309     1.5946 -126.22768   48.43194      99.32         11  0.000e+00
      66701   2779.167     78.449     79.132     7.7012     7.6993  33.977710  34.001067     7.6937     7.6918    32.8521    32.8790    25.6313    25.6527     7.2070     7.0124    219.595    213.659     2.0317     1.8816     0.0427     0.0434     3.1172     1.3309     1.5812 -126.22768   48.43194      99.32         11  0.000e+00
      66702   2779.208     78.502     79.185     7.7010     7.6994  33.978083  34.000197     7.6935     7.6919    32.8527    32.8780    25.6317    25.6518     7.2071     7.0125    219.596    213.661     2.0317     1.8816     0.0427     0.0434     3.1172     1.3309     1.5775 -126.22768   48.43194      99.32         11  0.000e+00
      66703   2779.250     78.542     79.225     7.7010     7.6996  33.977896  33.999017     7.6935     7.6921    32.8525    32.8765    25.6316    25.6506     7.2071     7.0125    219.598    213.664     2.0317     1.8816     0.0427     0.0434     3.1172     1.3309     1.5788 -126.22768   48.43194      99.29         11  0.000e+00
      66704   2779.292     78.502     79.185     7.7010     7.6994  33.981129  33.998395     7.6935     7.6919    32.8560    32.8761    25.6343    25.6503     7.2069     7.0125    219.591    213.664     2.0317     1.8816     0.0427     0.0434     3.1172     1.3309     1.5788 -126.22768   48.43194      99.29         11  0.000e+00
      66705   2779.333     78.549     79.232     7.7009     7.6993  33.983554  33.999265     7.6934     7.6918    32.8587    32.8771    25.6365    25.6511     7.2069     7.0126    219.589    213.665     2.0317     1.8816     0.0427     0.0434     3.1172     1.3309     1.5788 -126.22768   48.43194      99.29         11  0.000e+00
      66706   2779.375     78.602     79.285     7.7007     7.6994  33.983927  34.001440     7.6932     7.6919    32.8592    32.8793    25.6369    25.6529     7.2126     7.0125    219.764    213.662     2.0330     1.8816     0.0427     0.0434     3.1172     1.3309     1.5788 -126.22768   48.43194      99.29         11  0.000e+00
      66707   2779.417     78.648     79.332     7.7007     7.6992  33.983119  34.002248     7.6932     7.6916    32.8583    32.8803    25.6362    25.6537     7.2070     7.0125    219.593    213.663     2.0317     1.8816     0.0427     0.0434     3.1172     1.3309     1.5788 -126.22768   48.43194      99.29         11  0.000e+00
      66708   2779.458     78.602     79.285     7.7009     7.6993  33.984424  34.002745     7.6934     7.6917    32.8596    32.8808    25.6372    25.6541     7.2126     7.0124    219.762    213.661     2.0330     1.8816     0.0427     0.0434     3.1172     1.3309     1.5788 -126.22768   48.43194      99.29         11  0.000e+00
      66709   2779.500     78.648     79.332     7.7004     7.6989  33.988776  34.002932     7.6929     7.6914    32.8647    32.8813    25.6412    25.6545     7.2125     7.0125    219.758    213.663     2.0330     1.8816     0.0427     0.0434     3.1172     1.3309     1.5788 -126.22768   48.43194      99.32         11  0.000e+00
      66710   2779.542     78.694     79.379     7.7004     7.6988  33.991947  34.003180     7.6929     7.6913    32.8681    32.8816    25.6439    25.6548     7.2181     7.0126    219.927    213.664     2.0342     1.8816     0.0427     0.0434     3.1172     1.3309     1.5788 -126.22768   48.43194      99.29         11  0.000e+00
      66711   2779.583     78.694     79.379     7.7003     7.6989  33.992383  34.003677     7.6928     7.6914    32.8687    32.8821    25.6444    25.6551     7.2180     7.0125    219.927    213.663     2.0342     1.8816     0.0427     0.0434     3.1172     1.3309     1.5800 -126.22768   48.43194      99.29         11  0.000e+00
      66712   2779.625     78.747     79.432     7.7002     7.6990  33.992445  34.003615     7.6927     7.6914    32.8687    32.8819    25.6445    25.6550     7.2181     7.0126    219.929    213.664     2.0342     1.8816     0.0427     0.0434     3.1172     1.3309     1.5788 -126.22768   48.43194      99.29         11  0.000e+00
      66713   2779.667     78.747     79.432     7.7002     7.6988  33.993253  34.003802     7.6927     7.6912    32.8696    32.8823    25.6452    25.6554     7.2181     7.0126    219.927    213.665     2.0342     1.8816     0.0427     0.0434     3.1172     1.3309     1.5788 -126.22768   48.43194      99.32         11  0.000e+00
      66714   2779.708     78.794     79.479     7.7004     7.6990  33.994870  34.003926     7.6929     7.6914    32.8712    32.8823    25.6463    25.6553     7.2180     7.0126    219.925    213.665     2.0342     1.8816     0.0427     0.0434     3.1172     1.3309     1.5788 -126.22768   48.43194      99.29         11  0.000e+00
