West Coast/WCOA-7/CTD_Data/RB2102_CTD_046_01.ros
* Sea-Bird SBE 9 Data File:
* FileName = C:\Users\scs.user.rb\CTD\RB2102\Data\RB2102_CTD_046_01.hex
* Software Version Seasave V 7.26.7.107
* Temperature SN = 6202
* Conductivity SN = 4907
* Number of Bytes Per Scan = 41
* Number of Voltage Words = 4
* Number of Scans Averaged by the Deck Unit = 1
* NMEA Latitude = 44 39.17 N
* NMEA Longitude = 125 07.14 W
* NMEA UTC (Time) = Jul 03 2021  19:23:36
* NMEA baud rate = 4800
# nquan = 30
# nvalues = 1029                                  
# units = specified
# name 0 = scan: Scan Count
# name 1 = timeS: Time, Elapsed [seconds]
# name 2 = depSM: Depth [salt water, m]
# name 3 = prDM: Pressure, Digiquartz [db]
# name 4 = t090C: Temperature [ITS-90, deg C]
# name 5 = t190C: Temperature, 2 [ITS-90, deg C]
# name 6 = c0mS/cm: Conductivity [mS/cm]
# name 7 = c1mS/cm: Conductivity, 2 [mS/cm]
# name 8 = potemp090C: Potential Temperature [ITS-90, deg C]
# name 9 = potemp190C: Potential Temperature, 2 [ITS-90, deg C]
# name 10 = sal00: Salinity, Practical [PSU]
# name 11 = sal11: Salinity, Practical, 2 [PSU]
# name 12 = sigma-é00: Density [sigma-theta, kg/m^3]
# name 13 = sigma-é11: Density, 2 [sigma-theta, kg/m^3]
# name 14 = sbeox0Mg/L: Oxygen, SBE 43 [mg/l]
# name 15 = sbeox1Mg/L: Oxygen, SBE 43, 2 [mg/l]
# name 16 = sbox0Mm/Kg: Oxygen, SBE 43 [umol/kg]
# name 17 = sbox1Mm/Kg: Oxygen, SBE 43, 2 [umol/kg]
# name 18 = sbeox0V: Oxygen raw, SBE 43 [V]
# name 19 = sbeox1V: Oxygen raw, SBE 43, 2 [V]
# name 20 = v4: Voltage 4
# name 21 = flECO-AFL: Fluorescence, WET Labs ECO-AFL/FL [mg/m^3]
# name 22 = v3: Voltage 3
# name 23 = v6: Voltage 6
# name 24 = v7: Voltage 7
# name 25 = longitude: Longitude [deg]
# name 26 = latitude: Latitude [deg]
# name 27 = altM: Altimeter [m]
# name 28 = nbf: Bottles Fired
# name 29 = flag:  0.000e+00
# interval = seconds: 0.0416667
# start_time = Jul 03 2021 19:23:36 [NMEA time, header]
# bad_flag = -9.990e-29
*END*
[from data line 967]
      96403   4016.750      3.177      3.203    15.8977    15.8961  39.681010  39.679879    15.8972    15.8956    31.3415    31.3418    22.9583    22.9588     8.3049     8.5412    253.708    260.926     2.6190     2.5287     0.0513     0.2571     3.2405     0.0000     0.0000 -125.12300   44.65226      99.68         20  0.000e+00
      96404   4016.792      3.230      3.257    15.8978    15.8959  39.680746  39.680276    15.8973    15.8954    31.3411    31.3422    22.9579    22.9592     8.3050     8.5413    253.710    260.928     2.6190     2.5287     0.0513     0.2571     3.2405     0.0000     0.0000 -125.12298   44.65226      99.68         20  0.000e+00
      96405   4016.833      3.277      3.303    15.8977    15.8961  39.680945  39.680474    15.8972    15.8956    31.3414    31.3422    22.9582    22.9592     8.3050     8.5413    253.711    260.928     2.6190     2.5287     0.0513     0.2571     3.2405     0.0000     0.0000 -125.12298   44.65226      99.68         20  0.000e+00
      96406   4016.875      3.230      3.257    15.8978    15.8959  39.681275  39.680474    15.8973    15.8954    31.3416    31.3424    22.9583    22.9593     8.3050     8.5413    253.709    260.927     2.6190     2.5287     0.0513     0.2571     3.2405     0.0000     0.0000 -125.12298   44.65226      99.68         20  0.000e+00
      96407   4016.917      3.230      3.257    15.8978    15.8958  39.681143  39.680474    15.8973    15.8953    31.3415    31.3425    22.9582    22.9595     8.3050     8.5413    253.709    260.928     2.6190     2.5287     0.0513     0.2571     3.2405     0.0000     0.0000 -125.12298   44.65226      99.68         20  0.000e+00
      96408   4016.958      3.277      3.303    15.8977    15.8959  39.681077  39.680474    15.8972    15.8954    31.3415    31.3424    22.9583    22.9593     8.3050     8.5413    253.711    260.929     2.6190     2.5287     0.0513     0.2571     3.2405     0.0000     0.0000 -125.12298   44.65226      99.66         20  0.000e+00
      96409   4017.000      3.277      3.303    15.8977    15.8961  39.681011  39.680474    15.8972    15.8956    31.3415    31.3422    22.9582    22.9592     8.3003     8.5413    253.566    260.928     2.6178     2.5287     0.0513     0.2571     3.2393     0.0000     0.0000 -125.12298   44.65226      99.66         20  0.000e+00
      96410   4017.042      3.230      3.257    15.8977    15.8959  39.680746  39.680474    15.8972    15.8954    31.3413    31.3424    22.9581    22.9593     8.3002     8.5413    253.565    260.927     2.6178     2.5287     0.0513     0.2571     3.2418     0.0000     0.0000 -125.12298   44.65226      99.68         20  0.000e+00
      96411   4017.083      3.277      3.303    15.8978    15.8958  39.680680  39.680210    15.8973    15.8953    31.3410    31.3423    22.9579    22.9593     8.3050     8.5413    253.711    260.930     2.6190     2.5287     0.0513     0.2571     3.2418     0.0000     0.0000 -125.12298   44.65226      99.68         20  0.000e+00
      96412   4017.125      3.330      3.357    15.8978    15.8961  39.681209  39.680607    15.8973    15.8956    31.3415    31.3423    22.9582    22.9593     8.3051     8.5362    253.712    260.773     2.6190     2.5275     0.0513     0.2571     3.2418     0.0000     0.0000 -125.12298   44.65226      99.68         20  0.000e+00
      96413   4017.167      3.330      3.357    15.8978    15.8961  39.681143  39.680805    15.8973    15.8956    31.3414    31.3425    22.9582    22.9594     8.3051     8.5362    253.712    260.772     2.6190     2.5275     0.0513     0.2571     3.2418     0.0000     0.0000 -125.12298   44.65226      99.66         20  0.000e+00
      96414   4017.208      3.330      3.357    15.8980    15.8961  39.681275  39.680541    15.8975    15.8956    31.3414    31.3423    22.9581    22.9592     8.3050     8.5362    253.711    260.773     2.6190     2.5275     0.0513     0.2571     3.2393     0.0000     0.0000 -125.12298   44.65226      99.68         20  0.000e+00
      96415   4017.250      3.376      3.404    15.8980    15.8963  39.681143  39.680673    15.8975    15.8957    31.3413    31.3422    22.9580    22.9592     8.3051     8.5362    253.713    260.773     2.6190     2.5275     0.0513     0.2571     3.2418     0.0000     0.0000 -125.12298   44.65226      99.68         20  0.000e+00
      96416   4017.292      3.376      3.404    15.8980    15.8963  39.681011  39.680805    15.8975    15.8957    31.3412    31.3424    22.9579    22.9592     8.3051     8.5311    253.713    260.616     2.6190     2.5263     0.0513     0.2571     3.2405     0.0000     0.0000 -125.12298   44.65226      99.68         21  0.000e+00
      96417   4017.333      3.376      3.404    15.8978    15.8963  39.681540  39.680805    15.8973    15.8957    31.3418    31.3424    22.9584    22.9592     8.3051     8.5362    253.713    260.773     2.6190     2.5275     0.0513     0.2571     3.2405     0.0000     0.0000 -125.12298   44.65226      99.66         21  0.000e+00
      96418   4017.375      3.522      3.550    15.8980    15.8964  39.681210  39.680541    15.8975    15.8959    31.3413    31.3419    22.9580    22.9589     8.3100     8.5312    253.863    260.620     2.6203     2.5263     0.0513     0.2571     3.2418     0.0000     0.0000 -125.12298   44.65226      99.68         21  0.000e+00
      96419   4017.417      3.376      3.404    15.8978    15.8968  39.681540  39.680937    15.8973    15.8963    31.3418    31.3421    22.9584    22.9589     8.3099     8.5310    253.858    260.614     2.6203     2.5263     0.0513     0.2571     3.2405     0.0000     0.0000 -125.12298   44.65226      99.68         21  0.000e+00
      96420   4017.458      3.575      3.604    15.8980    15.8964  39.681739  39.681136    15.8975    15.8959    31.3417    31.3424    22.9584    22.9593     8.3100     8.5312    253.864    260.621     2.6203     2.5263     0.0513     0.2571     3.2405     0.0000     0.0000 -125.12298   44.65226      99.68         21  0.000e+00
      96421   4017.500      3.489      3.517    15.8980    15.8966  39.681210  39.681400    15.8975    15.8961    31.3413    31.3426    22.9580    22.9593     8.3147     8.5311    254.007    260.617     2.6215     2.5263     0.0513     0.2571     3.2405     0.0000     0.0000 -125.12298   44.65226      99.68         21  0.000e+00
      96422   4017.542      3.575      3.604    15.8982    15.8966  39.681475  39.681532    15.8976    15.8961    31.3414    31.3427    22.9581    22.9594     8.3148     8.5260    254.009    260.463     2.6215     2.5250     0.0513     0.2571     3.2405     0.0000     0.0000 -125.12298   44.65226      99.68         21  0.000e+00
      96423   4017.583      3.522      3.550    15.8982    15.8968  39.681673  39.681730    15.8976    15.8962    31.3416    31.3427    22.9582    22.9594     8.3147     8.5260    254.007    260.460     2.6215     2.5250     0.0513     0.2571     3.2418     0.0000     0.0000 -125.12298   44.65226      99.68         21  0.000e+00
      96424   4017.625      3.667      3.697    15.8982    15.8969  39.681938  39.682127    15.8976    15.8964    31.3417    31.3429    22.9584    22.9595     8.3149     8.5261    254.011    260.463     2.6215     2.5250     0.0513     0.2571     3.2405     0.0000     0.0000 -125.12298   44.65226      99.68         21  0.000e+00
      96425   4017.667      3.621      3.650    15.8983    15.8973  39.682070  39.681665    15.8978    15.8967    31.3417    31.3422    22.9583    22.9589     8.3148     8.5260    254.009    260.461     2.6215     2.5250     0.0513     0.2571     3.2405     0.0000     0.0000 -125.12298   44.65226      99.68         21  0.000e+00
      96426   4017.708      3.621      3.650    15.8983    15.8975  39.681805  39.681995    15.8978    15.8969    31.3415    31.3424    22.9581    22.9590     8.3196     8.5260    254.155    260.460     2.6227     2.5250     0.0501     0.2265     3.2405     0.0000     0.0000 -125.12298   44.65226      99.68         21  0.000e+00
      96427   4017.750      3.767      3.797    15.8982    15.8975  39.681938  39.681929    15.8976    15.8969    31.3417    31.3423    22.9583    22.9589     8.3150     8.5313    254.015    260.622     2.6215     2.5263     0.0501     0.2265     3.2405     0.0000     0.0000 -125.12298   44.65226      99.68         21  0.000e+00
      96428   4017.792      3.667      3.697    15.8985    15.8976  39.682070  39.681863    15.8979    15.8971    31.3416    31.3421    22.9582    22.9588     8.3196     8.5311    254.155    260.618     2.6227     2.5263     0.0501     0.2265     3.2405     0.0000     0.0000 -125.12300   44.65226      99.66         21  0.000e+00
      96429   4017.833      3.720      3.751    15.8983    15.8978  39.682004  39.682325    15.8978    15.8972    31.3417    31.3424    22.9583    22.9589     8.3196     8.5260    254.158    260.461     2.6227     2.5250     0.0501     0.2265     3.2405     0.0000     0.0000 -125.12300   44.65226      99.68         21  0.000e+00
      96430   4017.875      3.767      3.797    15.8987    15.8980  39.682004  39.682524    15.8981    15.8974    31.3414    31.3424    22.9580    22.9589     8.3197     8.5260    254.158    260.462     2.6227     2.5250     0.0501     0.2265     3.2405     0.0000     0.0000 -125.12300   44.65226      99.68         21  0.000e+00
      96431   4017.917      3.813      3.844    15.8983    15.8981  39.682269  39.681995    15.8977    15.8975    31.3419    31.3418    22.9584    22.9584     8.3197     8.5261    254.160    260.464     2.6227     2.5250     0.0501     0.2265     3.2405     0.0000     0.0000 -125.12300   44.65226      99.68         21  0.000e+00
      96432   4017.958      3.813      3.844    15.8987    15.8980  39.682401  39.682326    15.8981    15.8974    31.3417    31.3422    22.9582    22.9588     8.3197     8.5312    254.159    260.621     2.6227     2.5263     0.0501     0.2265     3.2405     0.0000     0.0000 -125.12300   44.65226      99.68         21  0.000e+00
      96433   4018.000      3.866      3.897    15.8988    15.8983  39.682665  39.682722    15.8982    15.8977    31.3418    31.3423    22.9582    22.9587     8.3197     8.5312    254.159    260.621     2.6227     2.5263     0.0501     0.2265     3.2405     0.0000     0.0000 -125.12300   44.65226      99.68         21  0.000e+00
      96434   4018.042      3.767      3.797    15.8987    15.8983  39.682467  39.682590    15.8981    15.8977    31.3418    31.3422    22.9583    22.9587     8.3196     8.5311    254.157    260.618     2.6227     2.5263     0.0513     0.2571     3.2418     0.0000     0.0000 -125.12300   44.65226      99.68         21  0.000e+00
      96435   4018.083      3.912      3.944    15.8988    15.8985  39.682401  39.682789    15.8982    15.8979    31.3415    31.3422    22.9581    22.9586     8.3198     8.5312    254.161    260.622     2.6227     2.5263     0.0501     0.2265     3.2418     0.0000     0.0000 -125.12300   44.65226      99.71         21  0.000e+00
      96436   4018.125      3.866      3.897    15.8990    15.8986  39.682599  39.683119    15.8984    15.8981    31.3416    31.3423    22.9581    22.9587     8.3197     8.5312    254.159    260.619     2.6227     2.5263     0.0501     0.2265     3.2418     0.0000     0.0000 -125.12300   44.65226      99.68         21  0.000e+00
      96437   4018.167      3.866      3.897    15.8990    15.8988  39.682467  39.682656    15.8984    15.8982    31.3415    31.3418    22.9580    22.9583     8.3149     8.5312    254.014    260.619     2.6215     2.5263     0.0501     0.2265     3.2393     0.0000     0.0000 -125.12300   44.65226      99.68         21  0.000e+00
      96438   4018.208      3.932      3.964    15.8992    15.8988  39.682666  39.682524    15.8986    15.8982    31.3415    31.3417    22.9580    22.9582     8.3150     8.5312    254.015    260.621     2.6215     2.5263     0.0501     0.2265     3.2418     0.0000     0.0000 -125.12300   44.65226      99.68         21  0.000e+00
      96439   4018.250      3.912      3.944    15.8990    15.8990  39.682798  39.683317    15.8984    15.8984    31.3418    31.3422    22.9582    22.9586     8.3150     8.5363    254.015    260.776     2.6215     2.5275     0.0501     0.2265     3.2418     0.0000     0.0000 -125.12300   44.65226      99.68         21  0.000e+00
      96440   4018.292      3.912      3.944    15.8992    15.8993  39.682467  39.683581    15.8986    15.8987    31.3413    31.3422    22.9578    22.9584     8.3150     8.5362    254.015    260.774     2.6215     2.5275     0.0501     0.2265     3.2418     0.0000     0.0000 -125.12300   44.65226      99.68         21  0.000e+00
      96441   4018.333      3.912      3.944    15.8992    15.8993  39.682137  39.683317    15.8986    15.8987    31.3410    31.3420    22.9576    22.9583     8.3150     8.5363    254.015    260.775     2.6215     2.5275     0.0501     0.2265     3.2405     0.0000     0.0000 -125.12300   44.65226      99.68         21  0.000e+00
      96442   4018.375      3.965      3.998    15.8992    15.8995  39.682005  39.683515    15.8986    15.8989    31.3409    31.3420    22.9575    22.9582     8.3150     8.5363    254.017    260.776     2.6215     2.5275     0.0513     0.2571     3.2418     0.0000     0.0000 -125.12300   44.65226      99.68         21  0.000e+00
      96443   4018.417      3.965      3.998    15.8993    15.9000  39.682600  39.683581    15.8987    15.8994    31.3413    31.3416    22.9578    22.9579     8.3150     8.5362    254.016    260.773     2.6215     2.5275     0.0501     0.2265     3.2418     0.0000     0.0000 -125.12300   44.65226      99.68         21  0.000e+00
      96444   4018.458      4.012      4.044    15.8992    15.8998  39.682798  39.683581    15.8986    15.8992    31.3416    31.3417    22.9580    22.9580     8.3151     8.5363    254.018    260.776     2.6215     2.5275     0.0501     0.2265     3.2418     0.0000     0.0000 -125.12300   44.65226      99.68         21  0.000e+00
      96445   4018.500      3.965      3.998    15.8992    15.9002  39.682798  39.683845    15.8986    15.8996    31.3416    31.3417    22.9580    22.9579     8.3150     8.5413    254.016    260.930     2.6215     2.5287     0.0501     0.2265     3.2393     0.0000     0.0000 -125.12300   44.65226      99.68         21  0.000e+00
      96446   4018.542      4.012      4.044    15.8993    15.9003  39.682798  39.683647    15.8987    15.8997    31.3415    31.3414    22.9579    22.9576     8.3150     8.5362    254.017    260.773     2.6215     2.5275     0.0501     0.2265     3.2418     0.0000     0.0000 -125.12300   44.65226      99.68         21  0.000e+00
      96447   4018.583      4.012      4.044    15.8992    15.9002  39.682798  39.683780    15.8986    15.8996    31.3416    31.3417    22.9580    22.9579     8.3198     8.5414    254.163    260.931     2.6227     2.5287     0.0501     0.2265     3.2405     0.0000     0.0000 -125.12300   44.65226      99.68         21  0.000e+00
      96448   4018.625      4.012      4.044    15.8992    15.9002  39.682468  39.683647    15.8986    15.8996    31.3413    31.3415    22.9578    22.9578     8.3198     8.5414    254.163    260.931     2.6227     2.5287     0.0501     0.2265     3.2405     0.0000     0.0000 -125.12300   44.65226      99.68         21  0.000e+00
      96449   4018.667      4.012      4.044    15.8992    15.9002  39.682600  39.683317    15.8986    15.8996    31.3414    31.3412    22.9579    22.9575     8.3198     8.5414    254.163    260.932     2.6227     2.5287     0.0501     0.2265     3.2405     0.0000     0.0000 -125.12300   44.65226      99.68         21  0.000e+00
      96450   4018.708      4.012      4.044    15.8993    15.9000  39.682732  39.683449    15.8987    15.8994    31.3414    31.3415    22.9578    22.9578     8.3198     8.5414    254.162    260.932     2.6227     2.5287     0.0501     0.2265     3.2405     0.0000     0.0000 -125.12300   44.65226      99.68         21  0.000e+00
