West Coast/WCOA-7/CTD_Data/RB2102_CTD_027_01.ros
* Sea-Bird SBE 9 Data File:
* FileName = C:\Users\scs.user.rb\CTD\RB2102\Data\RB2102_CTD_027_01.hex
* Software Version Seasave V 7.26.7.107
* Temperature SN = 6202
* Conductivity SN = 4907
* Number of Bytes Per Scan = 41
* Number of Voltage Words = 4
* Number of Scans Averaged by the Deck Unit = 1
* NMEA Latitude = 46 14.52 N
* NMEA Longitude = 124 07.03 W
* NMEA UTC (Time) = Jun 30 2021  18:21:42
* NMEA baud rate = 4800
# nquan = 30
# nvalues = 637                                   
# units = specified
# name 0 = scan: Scan Count
# name 1 = timeS: Time, Elapsed [seconds]
# name 2 = depSM: Depth [salt water, m]
# name 3 = prDM: Pressure, Digiquartz [db]
# name 4 = t090C: Temperature [ITS-90, deg C]
# name 5 = t190C: Temperature, 2 [ITS-90, deg C]
# name 6 = c0mS/cm: Conductivity [mS/cm]
# name 7 = c1mS/cm: Conductivity, 2 [mS/cm]
# name 8 = potemp090C: Potential Temperature [ITS-90, deg C]
# name 9 = potemp190C: Potential Temperature, 2 [ITS-90, deg C]
# name 10 = sal00: Salinity, Practical [PSU]
# name 11 = sal11: Salinity, Practical, 2 [PSU]
# name 12 = sigma-é00: Density [sigma-theta, kg/m^3]
# name 13 = sigma-é11: Density, 2 [sigma-theta, kg/m^3]
# name 14 = sbeox0Mg/L: Oxygen, SBE 43 [mg/l]
# name 15 = sbeox1Mg/L: Oxygen, SBE 43, 2 [mg/l]
# name 16 = sbox0Mm/Kg: Oxygen, SBE 43 [umol/kg]
# name 17 = sbox1Mm/Kg: Oxygen, SBE 43, 2 [umol/kg]
# name 18 = sbeox0V: Oxygen raw, SBE 43 [V]
# name 19 = sbeox1V: Oxygen raw, SBE 43, 2 [V]
# name 20 = v4: Voltage 4
# name 21 = flECO-AFL: Fluorescence, WET Labs ECO-AFL/FL [mg/m^3]
# name 22 = v3: Voltage 3
# name 23 = v6: Voltage 6
# name 24 = v7: Voltage 7
# name 25 = longitude: Longitude [deg]
# name 26 = latitude: Latitude [deg]
# name 27 = altM: Altimeter [m]
# name 28 = nbf: Bottles Fired
# name 29 = flag:  0.000e+00
# interval = seconds: 0.0416667
# start_time = Jun 30 2021 18:21:42 [NMEA time, header]
# bad_flag = -9.990e-29
*END*
[from data line 49]
      12558    523.208     12.774     12.881    15.8277    15.7995  37.012318  37.034238    15.8258    15.7975    29.0539    29.0938    21.2174    21.2541     9.9234     9.7142    303.667    297.255     2.9927     2.7680     0.2772     5.9042     3.1319     0.5995     0.0000 -124.11816   46.24316       4.74          2  0.000e+00
      12559    523.250     12.827     12.934    15.8262    15.7996  37.012190  37.034431    15.8243    15.7977    29.0549    29.0938    21.2185    21.2541     9.9237     9.7142    303.677    297.256     2.9927     2.7680     0.2772     5.9042     3.1331     0.5995     0.0000 -124.11816   46.24316       4.74          2  0.000e+00
      12560    523.292     12.721     12.827    15.8251    15.7998  37.012447  37.034045    15.8232    15.7979    29.0560    29.0934    21.2196    21.2537     9.9237     9.7141    303.677    297.252     2.9927     2.7680     0.2772     5.9042     3.1319     0.5995     0.0000 -124.11816   46.24316       4.74          2  0.000e+00
      12561    523.333     12.821     12.928    15.8249    15.8000  37.012383  37.033917    15.8229    15.7980    29.0560    29.0931    21.2197    21.2535     9.9239     9.7142    303.682    297.255     2.9927     2.7680     0.2759     5.8737     3.1319     0.5995     0.0000 -124.11816   46.24316       4.74          2  0.000e+00
      12562    523.375     12.781     12.888    15.8234    15.8003  37.012769  37.033660    15.8215    15.7984    29.0575    29.0926    21.2211    21.2531     9.9241     9.7141    303.687    297.252     2.9927     2.7680     0.2772     5.9042     3.1319     0.5995     0.0000 -124.11816   46.24316       4.74          2  0.000e+00
      12563    523.417     12.774     12.881    15.8230    15.8022  37.012962  37.033467    15.8210    15.8003    29.0579    29.0911    21.2215    21.2515     9.9241     9.7138    303.688    297.243     2.9927     2.7680     0.2772     5.9042     3.1319     0.5995     0.0000 -124.11816   46.24316       4.74          2  0.000e+00
      12564    523.458     12.821     12.927    15.8225    15.8044  37.011676  37.033081    15.8206    15.8025    29.0571    29.0891    21.2210    21.2495     9.9243     9.7135    303.694    297.235     2.9927     2.7680     0.2772     5.9042     3.1319     0.5995     0.0000 -124.11816   46.24316       4.74          2  0.000e+00
      12565    523.500     12.781     12.887    15.8223    15.8061  37.009619  37.032695    15.8204    15.8042    29.0555    29.0875    21.2198    21.2479     9.9244     9.7132    303.697    297.226     2.9927     2.7680     0.2772     5.9042     3.1319     0.5995     0.0000 -124.11816   46.24316       4.74          2  0.000e+00
      12566    523.542     12.821     12.927    15.8222    15.8063  37.007305  37.032824    15.8202    15.8043    29.0536    29.0875    21.2184    21.2479     9.9246     9.7132    303.704    297.227     2.9927     2.7680     0.2772     5.9042     3.1319     0.5995     0.0000 -124.11816   46.24316       4.74          2  0.000e+00
      12567    523.583     12.821     12.927    15.8215    15.8054  37.004541  37.032953    15.8196    15.8035    29.0517    29.0882    21.2170    21.2486     9.9248     9.7133    303.712    297.231     2.9927     2.7680     0.2759     5.8737     3.1319     0.5995     0.0000 -124.11816   46.24316       4.74          2  0.000e+00
      12568    523.625     12.827     12.934    15.8202    15.8049  37.002805  37.032696    15.8183    15.8030    29.0511    29.0884    21.2169    21.2488     9.9251     9.7135    303.721    297.234     2.9927     2.7680     0.2772     5.9042     3.1319     0.5995     0.0000 -124.11816   46.24316       4.74          2  0.000e+00
      12569    523.667     12.774     12.881    15.8190    15.8046  37.001520  37.032374    15.8171    15.8026    29.0509    29.0884    21.2170    21.2489     9.9253     9.7135    303.727    297.234     2.9927     2.7680     0.2772     5.9042     3.1319     0.5995     0.0000 -124.11816   46.24316       4.76          2  0.000e+00
      12570    523.708     12.821     12.927    15.8174    15.8056  37.001456  37.031732    15.8155    15.8037    29.0520    29.0871    21.2182    21.2477     9.9208     9.7134    303.588    297.232     2.9915     2.7680     0.2772     5.9042     3.1319     0.5995     0.0000 -124.11816   46.24316       4.74          2  0.000e+00
      12571    523.750     12.781     12.887    15.8168    15.8063  37.001070  37.031603    15.8148    15.8044    29.0521    29.0865    21.2184    21.2470     9.9257     9.7132    303.738    297.227     2.9927     2.7680     0.2772     5.9042     3.1319     0.5995     0.0000 -124.11816   46.24316       4.74          2  0.000e+00
      12572    523.792     12.867     12.974    15.8169    15.8061  37.000813  37.031089    15.8149    15.8042    29.0518    29.0861    21.2182    21.2468     9.9210     9.7134    303.593    297.232     2.9915     2.7680     0.2759     5.8737     3.1331     0.5995     0.0000 -124.11816   46.24316       4.76          2  0.000e+00
      12573    523.833     12.821     12.927    15.8176    15.8064  37.000877  37.030703    15.8157    15.8045    29.0513    29.0855    21.2176    21.2463     9.9208     9.7133    303.588    297.230     2.9915     2.7680     0.2772     5.9042     3.1319     0.5995     0.0000 -124.11816   46.24316       4.74          2  0.000e+00
      12574    523.875     12.781     12.887    15.8187    15.8073  37.000941  37.030510    15.8168    15.8054    29.0506    29.0847    21.2168    21.2455     9.9254     9.7131    303.729    297.225     2.9927     2.7680     0.2772     5.9042     3.1331     0.5995     0.0000 -124.11816   46.24316       4.76          2  0.000e+00
      12575    523.917     12.821     12.927    15.8183    15.8093  37.001070  37.030125    15.8164    15.8074    29.0510    29.0829    21.2172    21.2437     9.9255     9.7129    303.733    297.217     2.9927     2.7680     0.2759     5.8737     3.1319     0.5995     0.0000 -124.11816   46.24316       4.76          2  0.000e+00
      12576    523.958     12.821     12.927    15.8187    15.8107  36.999206  37.028454    15.8167    15.8088    29.0491    29.0804    21.2157    21.2415     9.9256     9.7127    303.734    297.214     2.9927     2.7680     0.2772     5.9042     3.1319     0.5995     0.0000 -124.11816   46.24316       4.76          2  0.000e+00
      12577    524.000     12.827     12.934    15.8194    15.8111  36.997599  37.027040    15.8175    15.8092    29.0471    29.0789    21.2140    21.2402     9.9255     9.7127    303.734    297.215     2.9927     2.7680     0.2772     5.9042     3.1319     0.5995     0.0000 -124.11816   46.24316       4.76          2  0.000e+00
      12578    524.042     12.821     12.927    15.8210    15.8107  36.996506  37.026205    15.8191    15.8088    29.0450    29.0785    21.2121    21.2400     9.9253     9.7128    303.728    297.218     2.9927     2.7680     0.2759     5.8737     3.1331     0.5995     0.0000 -124.11816   46.24316       4.76          2  0.000e+00
      12579    524.083     12.821     12.927    15.8230    15.8132  36.995992  37.025305    15.8210    15.8113    29.0431    29.0758    21.2102    21.2374     9.9299     9.7125    303.868    297.207     2.9939     2.7680     0.2772     5.9042     3.1319     0.5995     0.0000 -124.11816   46.24316       4.76          2  0.000e+00
      12580    524.125     12.827     12.934    15.8247    15.8165  36.995734  37.023827    15.8228    15.8146    29.0416    29.0722    21.2086    21.2339     9.9296     9.7120    303.861    297.195     2.9939     2.7680     0.2759     5.8737     3.1319     0.5995     0.0000 -124.11816   46.24316       4.76          2  0.000e+00
      12581    524.167     12.774     12.881    15.8254    15.8204  36.995606  37.022477    15.8234    15.8185    29.0411    29.0681    21.2081    21.2299     9.9295     9.7114    303.856    297.176     2.9939     2.7680     0.2698     5.7210     3.1319     0.6007     0.0000 -124.11816   46.24316       4.76          2  0.000e+00
      12582    524.208     12.774     12.881    15.8264    15.8215  36.995606  37.021385    15.8245    15.8196    29.0403    29.0664    21.2073    21.2283     9.9293     9.7113    303.852    297.173     2.9939     2.7680     0.2650     5.5989     3.1319     0.5995     0.0000 -124.11816   46.24316       4.76          2  0.000e+00
      12583    524.250     12.880     12.987    15.8274    15.8214  36.995156  37.019907    15.8255    15.8195    29.0391    29.0651    21.2061    21.2274     9.9342     9.7063    304.000    297.020     2.9951     2.7668     0.2637     5.5684     3.1319     0.5995     0.0000 -124.11816   46.24316       4.76          2  0.000e+00
      12584    524.292     12.821     12.927    15.8283    15.8233  36.995220  37.019264    15.8264    15.8214    29.0386    29.0632    21.2055    21.2255     9.9339     9.7112    303.994    297.170     2.9951     2.7680     0.2650     5.5989     3.1319     0.5995     0.0000 -124.11816   46.24316       4.76          2  0.000e+00
      12585    524.333     12.827     12.934    15.8285    15.8269  36.994834  37.018236    15.8265    15.8249    29.0381    29.0597    21.2051    21.2220     9.9339     9.7106    303.994    297.155     2.9951     2.7680     0.2650     5.5989     3.1319     0.5995     0.0000 -124.11816   46.24316       4.76          2  0.000e+00
      12586    524.375     12.821     12.927    15.8286    15.8277  36.995348  37.017915    15.8267    15.8258    29.0385    29.0588    21.2054    21.2212     9.9339     9.7105    303.992    297.152     2.9951     2.7680     0.2637     5.5684     3.1331     0.5995     0.0000 -124.11816   46.24316       4.79          2  0.000e+00
      12587    524.417     12.774     12.881    15.8285    15.8274  36.995412  37.018621    15.8265    15.8255    29.0386    29.0596    21.2055    21.2219     9.9387     9.7052    304.139    296.990     2.9963     2.7668     0.2637     5.5684     3.1331     0.5995     0.0000 -124.11816   46.24316       4.79          2  0.000e+00
      12588    524.458     12.827     12.934    15.8284    15.8255  36.995541  37.019778    15.8265    15.8235    29.0387    29.0620    21.2056    21.2242     9.9387     9.7055    304.141    296.999     2.9963     2.7668     0.2650     5.5989     3.1331     0.5995     0.0000 -124.11816   46.24316       4.81          2  0.000e+00
      12589    524.500     12.774     12.881    15.8296    15.8219  36.994898  37.018943    15.8277    15.8200    29.0373    29.0639    21.2043    21.2264     9.9385     9.7061    304.134    297.015     2.9963     2.7668     0.2650     5.5989     3.1319     0.5995     0.0000 -124.11816   46.24316       4.79          2  0.000e+00
      12590    524.542     12.867     12.974    15.8318    15.8201  36.993934  37.017338    15.8299    15.8181    29.0348    29.0639    21.2019    21.2267     9.9384     9.7066    304.130    297.030     2.9963     2.7668     0.2650     5.5989     3.1319     0.5995     0.0000 -124.11816   46.24316       4.79          2  0.000e+00
      12591    524.583     12.781     12.887    15.8323    15.8207  36.994448  37.015667    15.8304    15.8188    29.0350    29.0619    21.2019    21.2251     9.9430     9.7065    304.271    297.027     2.9976     2.7668     0.2650     5.5989     3.1319     0.5995     0.0000 -124.11816   46.24316       4.79          2  0.000e+00
      12592    524.625     12.821     12.927    15.8315    15.8238  36.994705  37.014510    15.8295    15.8219    29.0358    29.0587    21.2027    21.2219     9.9431     9.7061    304.276    297.016     2.9976     2.7668     0.2650     5.5989     3.1331     0.5995     0.0000 -124.11816   46.24316       4.81          2  0.000e+00
      12593    524.667     12.774     12.881    15.8306    15.8269  36.994641  37.013803    15.8287    15.8249    29.0364    29.0558    21.2033    21.2191     9.9384     9.7056    304.130    297.001     2.9963     2.7668     0.2650     5.5989     3.1331     0.5995     0.0000 -124.11816   46.24316       4.81          2  0.000e+00
      12594    524.708     12.781     12.887    15.8305    15.8287  36.994641  37.014381    15.8285    15.8268    29.0365    29.0550    21.2034    21.2180     9.9433     9.7052    304.279    296.992     2.9976     2.7668     0.2650     5.5989     3.1319     0.5983     0.0000 -124.11816   46.24316       4.81          2  0.000e+00
      12595    524.750     12.821     12.927    15.8308    15.8296  36.994127  37.016373    15.8289    15.8277    29.0358    29.0560    21.2028    21.2187     9.9433     9.6998    304.280    296.825     2.9976     2.7656     0.2650     5.5989     3.1319     0.5983     0.0000 -124.11816   46.24316       4.81          2  0.000e+00
      12596    524.792     12.821     12.927    15.8316    15.8275  36.993998  37.018621    15.8297    15.8256    29.0350    29.0595    21.2021    21.2218     9.9432     9.7000    304.277    296.831     2.9976     2.7656     0.2650     5.5989     3.1319     0.5995     0.0000 -124.11816   46.24316       4.79          2  0.000e+00
      12597    524.833     12.781     12.887    15.8337    15.8258  36.994705  37.019649    15.8318    15.8239    29.0342    29.0617    21.2010    21.2238     9.9427     9.7002    304.264    296.835     2.9976     2.7656     0.2650     5.5989     3.1331     0.5995     0.0000 -124.11816   46.24316       4.81          2  0.000e+00
      12598    524.875     12.821     12.927    15.8347    15.8260  36.994255  37.020356    15.8328    15.8241    29.0330    29.0621    21.1999    21.2241     9.9427     9.7002    304.262    296.835     2.9976     2.7656     0.2650     5.5989     3.1319     0.5995     0.0000 -124.11816   46.24316       4.86          2  0.000e+00
      12599    524.917     12.774     12.881    15.8354    15.8264  36.994255  37.020742    15.8334    15.8244    29.0325    29.0622    21.1994    21.2241     9.9425     9.7001    304.257    296.831     2.9976     2.7656     0.2650     5.5989     3.1319     0.5995     0.0000 -124.11816   46.24316       4.86          2  0.000e+00
      12600    524.958     12.781     12.887    15.8357    15.8270  36.994319  37.022284    15.8338    15.8251    29.0324    29.0631    21.1992    21.2246     9.9424     9.6999    304.256    296.825     2.9976     2.7656     0.2637     5.5684     3.1319     0.5995     0.0000 -124.11816   46.24316       4.86          2  0.000e+00
      12601    525.000     12.774     12.881    15.8357    15.8270  36.994833  37.023504    15.8338    15.8251    29.0328    29.0642    21.1995    21.2255     9.9424     9.7050    304.254    296.983     2.9976     2.7668     0.2650     5.5989     3.1331     0.5995     0.0000 -124.11816   46.24316       4.86          2  0.000e+00
      12602    525.042     12.774     12.881    15.8354    15.8269  36.995412  37.023761    15.8334    15.8249    29.0336    29.0645    21.2001    21.2257     9.9424     9.7050    304.255    296.983     2.9976     2.7668     0.2650     5.5989     3.1331     0.5995     0.0000 -124.11816   46.24316       4.86          2  0.000e+00
      12603    525.083     12.781     12.887    15.8350    15.8264  36.995862  37.024532    15.8331    15.8244    29.0342    29.0655    21.2007    21.2267     9.9425     9.7051    304.256    296.985     2.9976     2.7668     0.2650     5.5989     3.1319     0.5995     0.0000 -124.11816   46.24316       4.86          2  0.000e+00
      12604    525.125     12.821     12.927    15.8352    15.8286  36.996376  37.024982    15.8333    15.8266    29.0345    29.0643    21.2009    21.2252     9.9425     9.7048    304.256    296.975     2.9976     2.7668     0.2637     5.5684     3.1331     0.5995     0.0000 -124.11816   46.24316       4.88          2  0.000e+00
