West Coast/WCOA-7/CTD_Data/RB2102_CTD_036_01.ros
* Sea-Bird SBE 9 Data File:
* FileName = C:\Users\scs.user.rb\CTD\RB2102\Data\RB2102_CTD_036_01.hex
* Software Version Seasave V 7.26.7.107
* Temperature SN = 6202
* Conductivity SN = 4907
* Number of Bytes Per Scan = 41
* Number of Voltage Words = 4
* Number of Scans Averaged by the Deck Unit = 1
* NMEA Latitude = 47 07.11 N
* NMEA Longitude = 126 05.07 W
* NMEA UTC (Time) = Jul 01 2021  22:22:45
* NMEA baud rate = 4800
# nquan = 30
# nvalues = 1169                                  
# units = specified
# name 0 = scan: Scan Count
# name 1 = timeS: Time, Elapsed [seconds]
# name 2 = depSM: Depth [salt water, m]
# name 3 = prDM: Pressure, Digiquartz [db]
# name 4 = t090C: Temperature [ITS-90, deg C]
# name 5 = t190C: Temperature, 2 [ITS-90, deg C]
# name 6 = c0mS/cm: Conductivity [mS/cm]
# name 7 = c1mS/cm: Conductivity, 2 [mS/cm]
# name 8 = potemp090C: Potential Temperature [ITS-90, deg C]
# name 9 = potemp190C: Potential Temperature, 2 [ITS-90, deg C]
# name 10 = sal00: Salinity, Practical [PSU]
# name 11 = sal11: Salinity, Practical, 2 [PSU]
# name 12 = sigma-é00: Density [sigma-theta, kg/m^3]
# name 13 = sigma-é11: Density, 2 [sigma-theta, kg/m^3]
# name 14 = sbeox0Mg/L: Oxygen, SBE 43 [mg/l]
# name 15 = sbeox1Mg/L: Oxygen, SBE 43, 2 [mg/l]
# name 16 = sbox0Mm/Kg: Oxygen, SBE 43 [umol/kg]
# name 17 = sbox1Mm/Kg: Oxygen, SBE 43, 2 [umol/kg]
# name 18 = sbeox0V: Oxygen raw, SBE 43 [V]
# name 19 = sbeox1V: Oxygen raw, SBE 43, 2 [V]
# name 20 = v4: Voltage 4
# name 21 = flECO-AFL: Fluorescence, WET Labs ECO-AFL/FL [mg/m^3]
# name 22 = v3: Voltage 3
# name 23 = v6: Voltage 6
# name 24 = v7: Voltage 7
# name 25 = longitude: Longitude [deg]
# name 26 = latitude: Latitude [deg]
# name 27 = altM: Altimeter [m]
# name 28 = nbf: Bottles Fired
# name 29 = flag:  0.000e+00
# interval = seconds: 0.0416667
# start_time = Jul 01 2021 22:22:45 [NMEA time, header]
# bad_flag = -9.990e-29
*END*
[from data line 1112]
     214634   8943.042      3.824      3.856    16.2026    16.2036  40.745929  40.746988    16.2020    16.2030    32.0333    32.0334    23.4214    23.4213     8.3663     8.2882    255.466    253.082     2.6569     2.4896     0.0537     0.3181     3.1868     0.8852     0.0000 -126.08548   47.11796      99.71         23  0.000e+00
     214635   8943.083      3.771      3.803    16.2026    16.2035  40.745995  40.746854    16.2020    16.2029    32.0334    32.0334    23.4215    23.4214     8.3709     8.2932    255.608    253.237     2.6581     2.4908     0.0537     0.3181     3.1868     0.8852     0.0000 -126.08548   47.11796      99.71         23  0.000e+00
     214636   8943.125      3.771      3.803    16.2028    16.2036  40.745995  40.747055    16.2022    16.2030    32.0332    32.0335    23.4213    23.4214     8.3662     8.2932    255.464    253.236     2.6569     2.4908     0.0537     0.3181     3.1868     0.8852     0.0000 -126.08548   47.11796      99.71         23  0.000e+00
     214637   8943.167      3.771      3.803    16.2023    16.2036  40.745595  40.747322    16.2017    16.2030    32.0333    32.0337    23.4215    23.4216     8.3663     8.2932    255.466    253.235     2.6569     2.4908     0.0525     0.2876     3.1868     0.8852     0.0000 -126.08548   47.11796      99.71         23  0.000e+00
     214638   8943.208      3.725      3.756    16.2024    16.2038  40.745528  40.747789    16.2018    16.2032    32.0331    32.0340    23.4214    23.4217     8.3662     8.2982    255.464    253.388     2.6569     2.4921     0.0537     0.3181     3.1868     0.8852     0.0000 -126.08548   47.11796      99.71         23  0.000e+00
     214639   8943.250      3.725      3.756    16.2023    16.2035  40.745862  40.746854    16.2017    16.2029    32.0336    32.0334    23.4217    23.4214     8.3662     8.2932    255.465    253.235     2.6569     2.4908     0.0537     0.3181     3.1868     0.8852     0.0000 -126.08548   47.11796      99.71         23  0.000e+00
     214640   8943.292      3.725      3.756    16.2024    16.2038  40.745995  40.746587    16.2018    16.2032    32.0335    32.0330    23.4217    23.4209     8.3662     8.2932    255.464    253.234     2.6569     2.4908     0.0537     0.3181     3.1868     0.8852     0.0000 -126.08548   47.11796      99.71         23  0.000e+00
     214641   8943.333      3.725      3.756    16.2023    16.2034  40.745327  40.746787    16.2017    16.2029    32.0331    32.0334    23.4214    23.4214     8.3662     8.2932    255.465    253.235     2.6569     2.4908     0.0525     0.2876     3.1868     0.8852     0.0000 -126.08548   47.11796      99.71         23  0.000e+00
     214693   8945.500      3.281      3.309    16.2009    16.2024  40.744457  40.746051    16.2004    16.2019    32.0336    32.0338    23.4220    23.4219     8.3801     8.3031    255.888    253.537     2.6606     2.4933     0.0537     0.3181     3.1868     0.8877     0.0000 -126.08548   47.11794      99.71         24  0.000e+00
     214694   8945.542      3.334      3.362    16.2009    16.2027  40.744190  40.746252    16.2004    16.2022    32.0333    32.0337    23.4218    23.4217     8.3849     8.2980    256.034    253.382     2.6618     2.4921     0.0537     0.3181     3.1868     0.8877     0.0000 -126.08548   47.11794      99.71         24  0.000e+00
     214695   8945.583      3.334      3.362    16.2008    16.2028  40.744123  40.746185    16.2002    16.2023    32.0334    32.0335    23.4219    23.4216     8.3802     8.2980    255.891    253.382     2.6606     2.4921     0.0525     0.2876     3.1880     0.8877     0.0000 -126.08548   47.11794      99.71         24  0.000e+00
     214696   8945.625      3.334      3.362    16.2007    16.2029  40.743656  40.746385    16.2002    16.2024    32.0330    32.0337    23.4217    23.4216     8.3802     8.3031    255.892    253.537     2.6606     2.4933     0.0525     0.2876     3.1868     0.8877     0.0000 -126.08548   47.11794      99.73         24  0.000e+00
     214697   8945.667      3.381      3.409    16.2006    16.2031  40.743723  40.746319    16.2001    16.2025    32.0331    32.0334    23.4218    23.4214     8.3803     8.3031    255.894    253.538     2.6606     2.4933     0.0537     0.3181     3.1868     0.8877     0.0000 -126.08548   47.11794      99.73         24  0.000e+00
     214698   8945.708      3.381      3.409    16.2002    16.2031  40.743723  40.746719    16.1997    16.2026    32.0335    32.0337    23.4221    23.4216     8.3803     8.3031    255.895    253.537     2.6606     2.4933     0.0525     0.2876     3.1868     0.8864     0.0000 -126.08548   47.11794      99.71         24  0.000e+00
     214699   8945.750      3.381      3.409    16.2002    16.2031  40.743522  40.746853    16.1997    16.2025    32.0333    32.0339    23.4220    23.4218     8.3850     8.3031    256.039    253.537     2.6618     2.4933     0.0537     0.3181     3.1868     0.8852     0.0000 -126.08548   47.11794      75.90         24  0.000e+00
     214700   8945.792      3.381      3.409    16.2001    16.2031  40.743522  40.746652    16.1995    16.2025    32.0334    32.0337    23.4221    23.4217     8.3804     8.3031    255.896    253.537     2.6606     2.4933     0.0525     0.2876     3.1856     0.8852     0.0000 -126.08550   47.11794      47.01         24  0.000e+00
     214701   8945.833      3.427      3.456    16.2001    16.2033  40.743523  40.746519    16.1995    16.2027    32.0334    32.0334    23.4221    23.4214     8.3804     8.3031    255.898    253.538     2.6606     2.4933     0.0537     0.3181     3.1856     0.8852     0.0000 -126.08550   47.11794      40.66         24  0.000e+00
     214702   8945.875      3.381      3.409    16.1999    16.2030  40.743656  40.746986    16.1994    16.2024    32.0337    32.0341    23.4223    23.4220     8.3804     8.2980    255.897    253.381     2.6606     2.4921     0.0525     0.2876     3.1856     0.8852     0.0000 -126.08550   47.11794      42.30         24  0.000e+00
     214703   8945.917      3.480      3.509    16.2001    16.2033  40.743523  40.746519    16.1995    16.2027    32.0334    32.0334    23.4221    23.4214     8.3805     8.2981    255.899    253.384     2.6606     2.4921     0.0537     0.3181     3.1856     0.8852     0.0000 -126.08550   47.11794      43.61         24  0.000e+00
     214704   8945.958      3.427      3.456    16.1999    16.2031  40.743523  40.746452    16.1994    16.2025    32.0335    32.0335    23.4222    23.4215     8.3757     8.2981    255.754    253.383     2.6593     2.4921     0.0525     0.2876     3.1868     0.8852     0.0000 -126.08550   47.11794      43.83         24  0.000e+00
     214705   8946.000      3.480      3.509    16.1996    16.2031  40.743256  40.746519    16.1990    16.2026    32.0335    32.0335    23.4223    23.4215     8.3758     8.2981    255.758    253.385     2.6593     2.4921     0.0537     0.3181     3.1868     0.8852     0.0000 -126.08550   47.11794      70.43         24  0.000e+00
     214706   8946.042      3.480      3.509    16.1997    16.2033  40.743256  40.746586    16.1992    16.2027    32.0334    32.0335    23.4222    23.4214     8.3758     8.2981    255.757    253.384     2.6593     2.4921     0.0537     0.3181     3.1856     0.8852     0.0000 -126.08550   47.11794      97.56         24  0.000e+00
     214707   8946.083      3.480      3.509    16.1997    16.2031  40.743723  40.746786    16.1992    16.2025    32.0338    32.0338    23.4225    23.4217     8.3758     8.2981    255.757    253.384     2.6593     2.4921     0.0537     0.3181     3.1868     0.8852     0.0000 -126.08550   47.11794     100.00         24  0.000e+00
     214708   8946.125      3.526      3.556    16.1994    16.2033  40.743590  40.746586    16.1988    16.2028    32.0340    32.0334    23.4227    23.4214     8.3759     8.2981    255.759    253.385     2.6593     2.4921     0.0525     0.2876     3.1880     0.8852     0.0000 -126.08550   47.11794     100.00         24  0.000e+00
     214709   8946.167      3.526      3.556    16.1999    16.2033  40.743991  40.746319    16.1993    16.2027    32.0339    32.0332    23.4225    23.4212     8.3758     8.2981    255.757    253.386     2.6593     2.4921     0.0525     0.2876     3.1880     0.8852     0.0000 -126.08550   47.11794      99.68         24  0.000e+00
     214710   8946.208      3.526      3.556    16.2002    16.2034  40.744325  40.746720    16.1997    16.2029    32.0339    32.0334    23.4225    23.4214     8.3757     8.2981    255.755    253.385     2.6593     2.4921     0.0525     0.2876     3.1880     0.8852     0.0000 -126.08550   47.11794      99.73         24  0.000e+00
     214711   8946.250      3.579      3.609    16.2006    16.2031  40.744525  40.746854    16.2000    16.2025    32.0338    32.0338    23.4223    23.4218     8.3757     8.2982    255.755    253.388     2.6593     2.4921     0.0537     0.3181     3.1880     0.8852     0.0000 -126.08550   47.11794      99.76         24  0.000e+00
     214712   8946.292      3.526      3.556    16.2009    16.2033  40.744792  40.746987    16.2004    16.2028    32.0338    32.0338    23.4222    23.4216     8.3756     8.2981    255.752    253.385     2.6593     2.4921     0.0525     0.2876     3.1880     0.8852     0.0000 -126.08550   47.11794      99.73         24  0.000e+00
     214713   8946.333      3.579      3.609    16.2016    16.2033  40.744926  40.746653    16.2010    16.2027    32.0333    32.0335    23.4217    23.4214     8.3756     8.2982    255.751    253.387     2.6593     2.4921     0.0537     0.3181     3.1868     0.8852     0.0000 -126.08550   47.11794      99.71         24  0.000e+00
     214714   8946.375      3.579      3.609    16.2016    16.2031  40.745527  40.746987    16.2010    16.2025    32.0339    32.0340    23.4221    23.4218     8.3756     8.2982    255.750    253.387     2.6593     2.4921     0.0537     0.3181     3.1880     0.8852     0.0000 -126.08550   47.11794      99.71         24  0.000e+00
     214715   8946.417      3.579      3.609    16.2018    16.2031  40.745393  40.746653    16.2012    16.2026    32.0336    32.0336    23.4219    23.4216     8.3756     8.2982    255.750    253.388     2.6593     2.4921     0.0525     0.2876     3.1880     0.8852     0.0000 -126.08550   47.11794      99.71         24  0.000e+00
     214716   8946.458      3.625      3.656    16.2018    16.2033  40.745260  40.746920    16.2012    16.2027    32.0335    32.0337    23.4218    23.4216     8.3756     8.2982    255.752    253.388     2.6593     2.4921     0.0537     0.3181     3.1868     0.8852     0.0000 -126.08550   47.11794      99.71         24  0.000e+00
     214717   8946.500      3.625      3.656    16.2016    16.2034  40.744993  40.747121    16.2010    16.2029    32.0334    32.0338    23.4217    23.4216     8.3756     8.2982    255.753    253.387     2.6593     2.4921     0.0537     0.3181     3.1880     0.8852     0.0000 -126.08550   47.11794      99.71         24  0.000e+00
     214718   8946.542      3.625      3.656    16.2018    16.2034  40.745060  40.746653    16.2012    16.2029    32.0333    32.0333    23.4216    23.4213     8.3709     8.2982    255.608    253.388     2.6581     2.4921     0.0525     0.2876     3.1880     0.8852     0.0000 -126.08550   47.11794      99.71         24  0.000e+00
     214719   8946.583      3.625      3.656    16.2018    16.2035  40.745460  40.746920    16.2012    16.2029    32.0336    32.0335    23.4219    23.4214     8.3709     8.2982    255.607    253.387     2.6581     2.4921     0.0525     0.2876     3.1868     0.8852     0.0000 -126.08550   47.11794      99.71         24  0.000e+00
     214720   8946.625      3.672      3.702    16.2016    16.2033  40.745327  40.747121    16.2010    16.2027    32.0336    32.0339    23.4219    23.4217     8.3710     8.2932    255.610    253.234     2.6581     2.4908     0.0525     0.2876     3.1880     0.8852     0.0000 -126.08550   47.11794      99.71         24  0.000e+00
     214721   8946.667      3.625      3.656    16.2018    16.2034  40.745260  40.746920    16.2012    16.2029    32.0335    32.0336    23.4218    23.4215     8.3709     8.2931    255.608    253.232     2.6581     2.4908     0.0525     0.2876     3.1880     0.8852     0.0000 -126.08550   47.11794      99.71         24  0.000e+00
     214722   8946.708      3.672      3.702    16.2018    16.2033  40.745260  40.746453    16.2012    16.2027    32.0335    32.0333    23.4218    23.4213     8.3710     8.2932    255.609    253.235     2.6581     2.4908     0.0537     0.3181     3.1868     0.8864     0.0000 -126.08550   47.11794      99.71         24  0.000e+00
     214723   8946.750      3.672      3.702    16.2019    16.2033  40.745127  40.746720    16.2014    16.2027    32.0332    32.0335    23.4215    23.4215     8.3662     8.2881    255.465    253.079     2.6569     2.4896     0.0525     0.2876     3.1868     0.8864     0.0000 -126.08550   47.11794      99.71         24  0.000e+00
     214724   8946.792      3.725      3.756    16.2018    16.2034  40.745461  40.746854    16.2013    16.2029    32.0335    32.0335    23.4218    23.4214     8.3663     8.2932    255.467    253.235     2.6569     2.4908     0.0537     0.3181     3.1868     0.8864     0.0000 -126.08550   47.11794      99.71         24  0.000e+00
     214725   8946.833      3.672      3.702    16.2019    16.2036  40.745060  40.746987    16.2014    16.2030    32.0331    32.0335    23.4215    23.4214     8.3662     8.2880    255.465    253.077     2.6569     2.4896     0.0525     0.2876     3.1880     0.8864     0.0000 -126.08550   47.11794      99.71         24  0.000e+00
     214726   8946.875      3.672      3.702    16.2016    16.2033  40.745394  40.746854    16.2010    16.2027    32.0337    32.0336    23.4220    23.4215     8.3663     8.2881    255.466    253.078     2.6569     2.4896     0.0525     0.2876     3.1880     0.8864     0.0000 -126.08550   47.11794      99.71         24  0.000e+00
     214727   8946.917      3.725      3.756    16.2021    16.2034  40.745194  40.746587    16.2015    16.2029    32.0331    32.0332    23.4214    23.4212     8.3663     8.2881    255.466    253.080     2.6569     2.4896     0.0525     0.2876     3.1868     0.8864     0.0000 -126.08550   47.11794      99.71         24  0.000e+00
     214728   8946.958      3.725      3.756    16.2021    16.2031  40.745461  40.746587    16.2015    16.2025    32.0333    32.0336    23.4216    23.4215     8.3615     8.2882    255.322    253.081     2.6557     2.4896     0.0525     0.2876     3.1880     0.8864     0.0000 -126.08550   47.11794      99.71         24  0.000e+00
     214729   8947.000      3.725      3.756    16.2023    16.2031  40.745594  40.745986    16.2017    16.2026    32.0333    32.0330    23.4215    23.4211     8.3615     8.2882    255.321    253.082     2.6557     2.4896     0.0525     0.2876     3.1880     0.8864     0.0000 -126.08550   47.11794      99.71         24  0.000e+00
     214730   8947.042      3.771      3.802    16.2023    16.2027  40.745862  40.746320    16.2017    16.2021    32.0335    32.0336    23.4217    23.4216     8.3616     8.2883    255.322    253.085     2.6557     2.4896     0.0525     0.2876     3.1868     0.8864     0.0000 -126.08550   47.11794      99.71         24  0.000e+00
     214731   8947.083      3.771      3.802    16.2021    16.2024  40.745595  40.745853    16.2015    16.2018    32.0334    32.0334    23.4217    23.4216     8.3616     8.2883    255.323    253.087     2.6557     2.4896     0.0525     0.2876     3.1868     0.8864     0.0000 -126.08550   47.11794      99.71         24  0.000e+00
     214732   8947.125      3.725      3.756    16.2021    16.2026  40.745260  40.746053    16.2015    16.2021    32.0332    32.0334    23.4215    23.4215     8.3616     8.2883    255.322    253.084     2.6557     2.4896     0.0537     0.3181     3.1868     0.8864     0.0000 -126.08550   47.11794      99.71         24  0.000e+00
