West Coast/WCOA-7/CTD_Data/RB2102_CTD_038_01.ros
* Sea-Bird SBE 9 Data File:
* FileName = C:\Users\scs.user.rb\CTD\RB2102\Data\RB2102_CTD_038_01.hex
* Software Version Seasave V 7.26.7.107
* Temperature SN = 6202
* Conductivity SN = 4907
* Number of Bytes Per Scan = 41
* Number of Voltage Words = 4
* Number of Scans Averaged by the Deck Unit = 1
* NMEA Latitude = 47 06.99 N
* NMEA Longitude = 125 03.13 W
* NMEA UTC (Time) = Jul 02 2021  10:33:13
* NMEA baud rate = 4800
# nquan = 30
# nvalues = 1127                                  
# units = specified
# name 0 = scan: Scan Count
# name 1 = timeS: Time, Elapsed [seconds]
# name 2 = depSM: Depth [salt water, m]
# name 3 = prDM: Pressure, Digiquartz [db]
# name 4 = t090C: Temperature [ITS-90, deg C]
# name 5 = t190C: Temperature, 2 [ITS-90, deg C]
# name 6 = c0mS/cm: Conductivity [mS/cm]
# name 7 = c1mS/cm: Conductivity, 2 [mS/cm]
# name 8 = potemp090C: Potential Temperature [ITS-90, deg C]
# name 9 = potemp190C: Potential Temperature, 2 [ITS-90, deg C]
# name 10 = sal00: Salinity, Practical [PSU]
# name 11 = sal11: Salinity, Practical, 2 [PSU]
# name 12 = sigma-é00: Density [sigma-theta, kg/m^3]
# name 13 = sigma-é11: Density, 2 [sigma-theta, kg/m^3]
# name 14 = sbeox0Mg/L: Oxygen, SBE 43 [mg/l]
# name 15 = sbeox1Mg/L: Oxygen, SBE 43, 2 [mg/l]
# name 16 = sbox0Mm/Kg: Oxygen, SBE 43 [umol/kg]
# name 17 = sbox1Mm/Kg: Oxygen, SBE 43, 2 [umol/kg]
# name 18 = sbeox0V: Oxygen raw, SBE 43 [V]
# name 19 = sbeox1V: Oxygen raw, SBE 43, 2 [V]
# name 20 = v4: Voltage 4
# name 21 = flECO-AFL: Fluorescence, WET Labs ECO-AFL/FL [mg/m^3]
# name 22 = v3: Voltage 3
# name 23 = v6: Voltage 6
# name 24 = v7: Voltage 7
# name 25 = longitude: Longitude [deg]
# name 26 = latitude: Latitude [deg]
# name 27 = altM: Altimeter [m]
# name 28 = nbf: Bottles Fired
# name 29 = flag:  0.000e+00
# interval = seconds: 0.0416667
# start_time = Jul 02 2021 10:33:13 [NMEA time, header]
# bad_flag = -9.990e-29
*END*
[from data line 387]
      87852   3660.458    297.754    300.468     6.3088     6.3086  33.890412  33.890973     6.2825     6.2823    34.0003    34.0011    26.7267    26.7274     2.0904     2.1595     63.625     65.727     0.9109     0.9048     0.0415     0.0129     3.3077     1.7253     0.0000 -125.05554   47.11502      99.88          8  0.000e+00
      87853   3660.500    297.761    300.475     6.3088     6.3086  33.890599  33.891159     6.2825     6.2823    34.0005    34.0013    26.7269    26.7275     2.0904     2.1595     63.625     65.727     0.9109     0.9048     0.0403    -0.0177     3.3089     1.7253     0.0000 -125.05554   47.11502      99.90          8  0.000e+00
      87854   3660.542    297.754    300.468     6.3088     6.3085  33.890288  33.891035     6.2825     6.2822    34.0002    34.0014    26.7266    26.7276     2.0904     2.1660     63.625     65.927     0.9109     0.9060     0.0415     0.0129     3.3089     1.7253     0.0000 -125.05554   47.11502      99.88          8  0.000e+00
      87855   3660.583    297.708    300.421     6.3090     6.3087  33.890288  33.890973     6.2827     6.2824    34.0000    34.0010    26.7265    26.7273     2.0904     2.1594     63.624     65.727     0.9109     0.9048     0.0403    -0.0177     3.3089     1.7253     0.0000 -125.05554   47.11502      99.90          8  0.000e+00
      87856   3660.625    297.708    300.421     6.3088     6.3086  33.890350  33.890973     6.2825     6.2823    34.0003    34.0012    26.7267    26.7274     2.0904     2.1594     63.624     65.727     0.9109     0.9048     0.0403    -0.0177     3.3089     1.7253     0.0000 -125.05554   47.11502      99.90          8  0.000e+00
      94872   3952.958    198.849    200.612     6.9217     6.9218  34.365470  34.365739     6.9033     6.9035    33.9672    33.9673    26.6183    26.6185     2.6827     2.7765     81.662     84.517     1.0464     1.0342     0.0415     0.0129     3.3053     1.6642     0.0000 -125.05562   47.11500      99.83          9  0.000e+00
      94873   3953.000    198.849    200.612     6.9215     6.9216  34.365595  34.366300     6.9031     6.9033    33.9675    33.9681    26.6186    26.6191     2.6827     2.7765     81.662     84.517     1.0464     1.0342     0.0403    -0.0177     3.3053     1.6642     0.0000 -125.05562   47.11500      99.83          9  0.000e+00
      94874   3953.042    198.802    200.566     6.9218     6.9216  34.365595  34.365801     6.9034     6.9033    33.9672    33.9676    26.6184    26.6187     2.6827     2.7765     81.661     84.517     1.0464     1.0342     0.0403    -0.0177     3.3077     1.6630     0.0000 -125.05562   47.11500      99.83          9  0.000e+00
      94875   3953.083    198.895    200.659     6.9218     6.9216  34.365345  34.366051     6.9034     6.9033    33.9669    33.9678    26.6181    26.6189     2.6827     2.7765     81.662     84.518     1.0464     1.0342     0.0403    -0.0177     3.3065     1.6630     0.0000 -125.05562   47.11500      99.80          9  0.000e+00
      94876   3953.125    198.849    200.612     6.9215     6.9216  34.365470  34.366051     6.9031     6.9033    33.9673    33.9679    26.6185    26.6189     2.6827     2.7765     81.662     84.517     1.0464     1.0342     0.0403    -0.0177     3.3077     1.6630     0.0000 -125.05562   47.11500      99.83          9  0.000e+00
      94877   3953.167    198.875    200.639     6.9216     6.9218  34.365345  34.366176     6.9033     6.9035    33.9671    33.9678    26.6183    26.6188     2.6827     2.7701     81.662     84.322     1.0464     1.0330     0.0403    -0.0177     3.3053     1.6642     0.0000 -125.05562   47.11500      99.83          9  0.000e+00
      94878   3953.208    198.849    200.613     6.9219     6.9215  34.365720  34.365988     6.9035     6.9031    33.9672    33.9679    26.6184    26.6190     2.6827     2.7701     81.661     84.323     1.0464     1.0330     0.0415     0.0129     3.3053     1.6642     0.0000 -125.05562   47.11500      99.80          9  0.000e+00
      94879   3953.250    198.895    200.659     6.9216     6.9218  34.365408  34.365926     6.9033     6.9035    33.9671    33.9675    26.6183    26.6186     2.6827     2.7701     81.662     84.323     1.0464     1.0330     0.0403    -0.0177     3.3065     1.6630     0.0000 -125.05562   47.11500      99.83          9  0.000e+00
      94880   3953.292    198.849    200.613     6.9216     6.9216  34.365470  34.366238     6.9033     6.9033    33.9672    33.9681    26.6184    26.6191     2.6827     2.7701     81.662     84.322     1.0464     1.0330     0.0403    -0.0177     3.3065     1.6630     0.0000 -125.05562   47.11500      99.80          9  0.000e+00
      94881   3953.333    198.895    200.659     6.9216     6.9218  34.365595  34.366488     6.9033     6.9035    33.9673    33.9681    26.6185    26.6191     2.6827     2.7701     81.662     84.322     1.0464     1.0330     0.0415     0.0129     3.3053     1.6630     0.0000 -125.05562   47.11500      99.83          9  0.000e+00
      94882   3953.375    198.849    200.613     6.9216     6.9216  34.365345  34.366300     6.9033     6.9033    33.9671    33.9681    26.6183    26.6191     2.6827     2.7701     81.662     84.322     1.0464     1.0330     0.0415     0.0129     3.3053     1.6630     0.0000 -125.05562   47.11500      99.83          9  0.000e+00
      94883   3953.417    198.895    200.660     6.9216     6.9216  34.365720  34.365988     6.9033     6.9033    33.9675    33.9678    26.6186    26.6188     2.6827     2.7701     81.662     84.323     1.0464     1.0330     0.0403    -0.0177     3.3065     1.6630     0.0000 -125.05562   47.11500      99.80          9  0.000e+00
      94884   3953.458    198.922    200.686     6.9217     6.9216  34.365408  34.365926     6.9033     6.9033    33.9671    33.9677    26.6183    26.6188     2.6827     2.7701     81.663     84.323     1.0464     1.0330     0.0403    -0.0177     3.3053     1.6630     0.0000 -125.05562   47.11500      99.83          9  0.000e+00
      94885   3953.500    198.895    200.660     6.9215     6.9216  34.365470  34.365988     6.9031     6.9033    33.9673    33.9678    26.6185    26.6188     2.6827     2.7701     81.663     84.323     1.0464     1.0330     0.0403    -0.0177     3.3053     1.6630     0.0000 -125.05562   47.11500      99.83          9  0.000e+00
      94886   3953.542    198.895    200.660     6.9216     6.9216  34.365595  34.366176     6.9033     6.9033    33.9673    33.9680    26.6185    26.6190     2.6827     2.7701     81.662     84.323     1.0464     1.0330     0.0415     0.0129     3.3053     1.6630     0.0000 -125.05562   47.11500      99.83          9  0.000e+00
      94887   3953.583    198.948    200.713     6.9216     6.9216  34.365595  34.365739     6.9033     6.9033    33.9673    33.9675    26.6185    26.6186     2.6827     2.7702     81.663     84.324     1.0464     1.0330     0.0403    -0.0177     3.3053     1.6642     0.0000 -125.05562   47.11500      99.80          9  0.000e+00
      94888   3953.625    198.948    200.713     6.9216     6.9216  34.365595  34.365801     6.9033     6.9033    33.9673    33.9675    26.6185    26.6186     2.6827     2.7701     81.663     84.324     1.0464     1.0330     0.0415     0.0129     3.3053     1.6630     0.0000 -125.05562   47.11500      99.83          9  0.000e+00
      94889   3953.667    198.895    200.660     6.9218     6.9215  34.365595  34.365988     6.9034     6.9031    33.9672    33.9679    26.6183    26.6190     2.6827     2.7701     81.662     84.323     1.0464     1.0330     0.0403    -0.0177     3.3065     1.6630     0.0000 -125.05562   47.11500      99.80          9  0.000e+00
      94890   3953.708    198.948    200.713     6.9217     6.9215  34.365345  34.366176     6.9033     6.9031    33.9670    33.9681    26.6182    26.6191     2.6827     2.7701     81.663     84.324     1.0464     1.0330     0.0403    -0.0177     3.3053     1.6630     0.0000 -125.05562   47.11500      99.83          9  0.000e+00
      94891   3953.750    198.922    200.687     6.9216     6.9215  34.365283  34.365989     6.9033     6.9031    33.9670    33.9679    26.6182    26.6190     2.6827     2.7765     81.663     84.518     1.0464     1.0342     0.0415     0.0129     3.3065     1.6630     0.0000 -125.05562   47.11500      99.83          9  0.000e+00
      94892   3953.792    198.949    200.713     6.9216     6.9215  34.365720  34.365926     6.9033     6.9031    33.9674    33.9678    26.6186    26.6189     2.6827     2.7702     81.663     84.324     1.0464     1.0330     0.0403    -0.0177     3.3053     1.6630     0.0000 -125.05562   47.11500      99.80          9  0.000e+00
      94893   3953.833    198.995    200.760     6.9216     6.9216  34.365658  34.365989     6.9033     6.9033    33.9673    33.9677    26.6185    26.6188     2.6828     2.7702     81.663     84.324     1.0464     1.0330     0.0403    -0.0177     3.3053     1.6630     0.0000 -125.05562   47.11500      99.83          9  0.000e+00
      94894   3953.875    198.949    200.713     6.9215     6.9216  34.365595  34.365677     6.9031     6.9033    33.9674    33.9674    26.6186    26.6185     2.6827     2.7702     81.663     84.324     1.0464     1.0330     0.0403    -0.0177     3.3065     1.6630     0.0000 -125.05562   47.11500      99.83          9  0.000e+00
      94895   3953.917    198.995    200.760     6.9216     6.9215  34.365346  34.365802     6.9033     6.9031    33.9670    33.9677    26.6182    26.6188     2.6828     2.7702     81.664     84.325     1.0464     1.0330     0.0403    -0.0177     3.3065     1.6630     0.0000 -125.05562   47.11500      99.83          9  0.000e+00
      94896   3953.958    198.995    200.760     6.9215     6.9213  34.365720  34.365677     6.9032     6.9030    33.9675    33.9677    26.6186    26.6188     2.6828     2.7702     81.663     84.325     1.0464     1.0330     0.0415     0.0129     3.3053     1.6630     0.0000 -125.05562   47.11500      99.83          9  0.000e+00
      94897   3954.000    198.922    200.687     6.9215     6.9213  34.365658  34.366176     6.9031     6.9030    33.9675    33.9683    26.6186    26.6192     2.6827     2.7701     81.663     84.324     1.0464     1.0330     0.0403    -0.0177     3.3065     1.6642     0.0000 -125.05562   47.11500      99.80          9  0.000e+00
      94898   3954.042    199.048    200.814     6.9215     6.9215  34.365346  34.366239     6.9031     6.9031    33.9671    33.9681    26.6183    26.6191     2.6828     2.7702     81.664     84.325     1.0464     1.0330     0.0403    -0.0177     3.3065     1.6630     0.0000 -125.05562   47.11500      99.80          9  0.000e+00
      94899   3954.083    198.995    200.760     6.9213     6.9211  34.365471  34.365989     6.9029     6.9028    33.9675    33.9682    26.6186    26.6192     2.6828     2.7702     81.664     84.325     1.0464     1.0330     0.0415     0.0129     3.3053     1.6630     0.0000 -125.05562   47.11500      99.83          9  0.000e+00
      94900   3954.125    198.995    200.760     6.9216     6.9215  34.365595  34.365926     6.9033     6.9031    33.9673    33.9678    26.6184    26.6189     2.6828     2.7702     81.663     84.324     1.0464     1.0330     0.0403    -0.0177     3.3065     1.6630     0.0000 -125.05562   47.11500      99.83          9  0.000e+00
      94901   3954.167    198.995    200.760     6.9212     6.9213  34.365595  34.365677     6.9028     6.9030    33.9677    33.9677    26.6188    26.6188     2.6828     2.7702     81.664     84.325     1.0464     1.0330     0.0403    -0.0177     3.3065     1.6630     0.0000 -125.05562   47.11500      99.83          9  0.000e+00
      94902   3954.208    199.048    200.814     6.9216     6.9215  34.365596  34.366176     6.9033     6.9031    33.9672    33.9680    26.6184    26.6191     2.6828     2.7702     81.664     84.325     1.0464     1.0330     0.0403    -0.0177     3.3065     1.6630     0.0000 -125.05562   47.11500      99.80          9  0.000e+00
      94903   3954.250    198.995    200.761     6.9216     6.9213  34.365346  34.365802     6.9033     6.9030    33.9670    33.9678    26.6182    26.6189     2.6828     2.7702     81.664     84.325     1.0464     1.0330     0.0403    -0.0177     3.3065     1.6630     0.0000 -125.05562   47.11500      99.83          9  0.000e+00
      94904   3954.292    199.075    200.841     6.9216     6.9213  34.365471  34.365802     6.9033     6.9030    33.9671    33.9678    26.6183    26.6189     2.6828     2.7702     81.664     84.326     1.0464     1.0330     0.0403    -0.0177     3.3077     1.6630     0.0000 -125.05562   47.11500      99.83          9  0.000e+00
      94905   3954.333    199.048    200.814     6.9213     6.9215  34.365596  34.365677     6.9029     6.9031    33.9676    33.9675    26.6187    26.6186     2.6828     2.7702     81.664     84.325     1.0464     1.0330     0.0415     0.0129     3.3065     1.6642     0.0000 -125.05562   47.11500      99.83          9  0.000e+00
      94906   3954.375    199.048    200.814     6.9216     6.9213  34.365783  34.365927     6.9033     6.9030    33.9675    33.9679    26.6186    26.6190     2.6828     2.7702     81.664     84.325     1.0464     1.0330     0.0403    -0.0177     3.3053     1.6642     0.0000 -125.05562   47.11500      99.83          9  0.000e+00
      94907   3954.417    198.995    200.761     6.9215     6.9216  34.365658  34.366176     6.9032     6.9033    33.9674    33.9679    26.6186    26.6190     2.6828     2.7702     81.663     84.324     1.0464     1.0330     0.0415     0.0129     3.3065     1.6630     0.0000 -125.05562   47.11500      99.83          9  0.000e+00
      94908   3954.458    199.095    200.861     6.9216     6.9213  34.365596  34.365989     6.9033     6.9030    33.9672    33.9680    26.6184    26.6190     2.6828     2.7702     81.664     84.326     1.0464     1.0330     0.0403    -0.0177     3.3065     1.6630     0.0000 -125.05562   47.11500      99.83          9  0.000e+00
      94909   3954.500    199.049    200.814     6.9216     6.9215  34.365783  34.366114     6.9033     6.9031    33.9675    33.9680    26.6186    26.6190     2.6886     2.7702     81.842     84.325     1.0476     1.0330     0.0403    -0.0177     3.3065     1.6630     0.0000 -125.05562   47.11500      99.83          9  0.000e+00
      94910   3954.542    199.095    200.861     6.9216     6.9216  34.365658  34.366052     6.9033     6.9032    33.9673    33.9677    26.6185    26.6188     2.6828     2.7702     81.664     84.325     1.0464     1.0330     0.0403    -0.0177     3.3053     1.6630     0.0000 -125.05562   47.11500      99.83          9  0.000e+00
      94911   3954.583    199.122    200.888     6.9218     6.9215  34.365346  34.366176     6.9034     6.9031    33.9668    33.9680    26.6180    26.6190     2.6828     2.7702     81.665     84.326     1.0464     1.0330     0.0403    -0.0177     3.3065     1.6630     0.0000 -125.05562   47.11500      99.80          9  0.000e+00
      94912   3954.625    198.995    200.761     6.9215     6.9215  34.365471  34.365739     6.9031     6.9031    33.9673    33.9676    26.6185    26.6187     2.6828     2.7702     81.664     84.325     1.0464     1.0330     0.0403    -0.0177     3.3065     1.6642     0.0000 -125.05562   47.11500      99.83          9  0.000e+00
      94913   3954.667    199.095    200.861     6.9215     6.9216  34.365596  34.365615     6.9032     6.9032    33.9673    33.9673    26.6185    26.6184     2.6828     2.7702     81.665     84.326     1.0464     1.0330     0.0403    -0.0177     3.3065     1.6630     0.0000 -125.05562   47.11500      99.80          9  0.000e+00
      94914   3954.708    199.095    200.861     6.9212     6.9215  34.365346  34.365927     6.9028     6.9031    33.9674    33.9677    26.6186    26.6188     2.6828     2.7702     81.665     84.326     1.0464     1.0330     0.0403    -0.0177     3.3065     1.6642     0.0000 -125.05562   47.11500      99.83          9  0.000e+00
