West Coast/WCOA-7/CTD_Data/RB2102_CTD_112_01.ros
* Sea-Bird SBE 9 Data File:
* FileName = C:\Users\scs.user.rb\CTD\RB2102\Data\RB2102_CTD_112_01.hex
* Software Version Seasave V 7.26.7.107
* Temperature SN = 6202
* Conductivity SN = 4907
* Number of Bytes Per Scan = 41
* Number of Voltage Words = 4
* Number of Scans Averaged by the Deck Unit = 1
* NMEA Latitude = 34 12.62 N
* NMEA Longitude = 121 01.27 W
* NMEA UTC (Time) = Jul 17 2021  23:38:30
* NMEA baud rate = 4800
# nquan = 30
# nvalues = 964                                   
# units = specified
# name 0 = scan: Scan Count
# name 1 = timeS: Time, Elapsed [seconds]
# name 2 = depSM: Depth [salt water, m]
# name 3 = prDM: Pressure, Digiquartz [db]
# name 4 = t090C: Temperature [ITS-90, deg C]
# name 5 = t190C: Temperature, 2 [ITS-90, deg C]
# name 6 = c0mS/cm: Conductivity [mS/cm]
# name 7 = c1mS/cm: Conductivity, 2 [mS/cm]
# name 8 = potemp090C: Potential Temperature [ITS-90, deg C]
# name 9 = potemp190C: Potential Temperature, 2 [ITS-90, deg C]
# name 10 = sal00: Salinity, Practical [PSU]
# name 11 = sal11: Salinity, Practical, 2 [PSU]
# name 12 = sigma-é00: Density [sigma-theta, kg/m^3]
# name 13 = sigma-é11: Density, 2 [sigma-theta, kg/m^3]
# name 14 = sbeox0Mg/L: Oxygen, SBE 43 [mg/l]
# name 15 = sbeox1Mg/L: Oxygen, SBE 43, 2 [mg/l]
# name 16 = sbox0Mm/Kg: Oxygen, SBE 43 [umol/kg]
# name 17 = sbox1Mm/Kg: Oxygen, SBE 43, 2 [umol/kg]
# name 18 = sbeox0V: Oxygen raw, SBE 43 [V]
# name 19 = sbeox1V: Oxygen raw, SBE 43, 2 [V]
# name 20 = v4: Voltage 4
# name 21 = flECO-AFL: Fluorescence, WET Labs ECO-AFL/FL [mg/m^3]
# name 22 = v3: Voltage 3
# name 23 = v6: Voltage 6
# name 24 = v7: Voltage 7
# name 25 = longitude: Longitude [deg]
# name 26 = latitude: Latitude [deg]
# name 27 = altM: Altimeter [m]
# name 28 = nbf: Bottles Fired
# name 29 = flag:  0.000e+00
# interval = seconds: 0.0416667
# start_time = Jul 17 2021 23:38:30 [NMEA time, header]
# bad_flag = -9.990e-29
*END*
[from data line 726]
      99189   4132.833     40.288     40.583    10.8592    10.8685  37.606327  37.613900    10.8544    10.8636    33.6813    33.6803    25.7746    25.7722     5.0781     5.1770    154.705    157.718     1.6703     1.6129     0.0488     0.1960     3.1709     0.1062     0.0000 -121.02408   34.20892      99.44         15  0.000e+00
      99190   4132.875     40.288     40.583    10.8589    10.8686  37.606068  37.614741    10.8540    10.8637    33.6813    33.6811    25.7747    25.7727     5.0781     5.1769    154.707    157.717     1.6703     1.6129     0.0501     0.2265     3.1709     0.1062     0.0000 -121.02408   34.20892      99.44         15  0.000e+00
      99191   4132.917     40.288     40.583    10.8591    10.8698  37.606003  37.616034    10.8543    10.8650    33.6811    33.6812    25.7744    25.7726     5.0834     5.1768    154.866    157.712     1.6716     1.6129     0.0488     0.1960     3.1709     0.1062     0.0000 -121.02408   34.20892      99.44         15  0.000e+00
      99192   4132.958     40.288     40.583    10.8591    10.8706  37.606003  37.616163    10.8542    10.8657    33.6811    33.6807    25.7745    25.7721     5.0834     5.1767    154.866    157.710     1.6716     1.6129     0.0488     0.1960     3.1709     0.1062     0.0000 -121.02408   34.20892      99.41         15  0.000e+00
      99193   4133.000     40.335     40.629    10.8591    10.8712  37.606003  37.616034    10.8542    10.8663    33.6811    33.6800    25.7744    25.7714     5.0782     5.1767    154.707    157.709     1.6703     1.6129     0.0488     0.1960     3.1709     0.1062     0.0000 -121.02408   34.20892      99.44         15  0.000e+00
      99194   4133.042     40.235     40.529    10.8591    10.8705  37.605744  37.615258    10.8542    10.8657    33.6809    33.6798    25.7743    25.7714     5.0781     5.1767    154.705    157.710     1.6703     1.6129     0.0488     0.1960     3.1709     0.1062     0.0000 -121.02408   34.20892      99.44         15  0.000e+00
      99195   4133.083     40.288     40.583    10.8592    10.8701  37.606391  37.615516    10.8544    10.8652    33.6814    33.6805    25.7746    25.7720     5.0781     5.1711    154.705    157.538     1.6703     1.6117     0.0488     0.1960     3.1709     0.1062     0.0000 -121.02408   34.20892      99.44         15  0.000e+00
      99196   4133.125     40.335     40.629    10.8610    10.8713  37.608591  37.616486    10.8562    10.8665    33.6819    33.6803    25.7747    25.7716     5.0779     5.1710    154.700    157.535     1.6703     1.6117     0.0488     0.1960     3.1709     0.1062     0.0000 -121.02408   34.20892      99.44         15  0.000e+00
      99197   4133.167     40.288     40.583    10.8638    10.8731  37.610790  37.617908    10.8590    10.8682    33.6815    33.6801    25.7739    25.7712     5.0776     5.1707    154.689    157.528     1.6703     1.6117     0.0488     0.1960     3.1709     0.1062     0.0000 -121.02408   34.20892      99.44         15  0.000e+00
     101211   4217.083     29.834     30.051    11.6508    11.6572  38.247655  38.252468    11.6470    11.6534    33.5969    33.5958    25.5653    25.5633     5.7420     5.8569    174.968    178.470     1.8498     1.7827     0.0623     0.5318     3.1697     0.1197     0.0000 -121.02408   34.20890      99.34         16  0.000e+00
     101212   4217.125     29.827     30.044    11.6495    11.6580  38.245962  38.252858    11.6457    11.6542    33.5964    33.5954    25.5652    25.5629     5.7422     5.8568    174.974    178.467     1.8498     1.7827     0.0635     0.5623     3.1697     0.1209     0.0000 -121.02408   34.20890      99.34         16  0.000e+00
     101213   4217.167     29.781     29.998    11.6488    11.6581  38.245506  38.253053    11.6451    11.6544    33.5965    33.5955    25.5654    25.5629     5.7423     5.8568    174.975    178.465     1.8498     1.7827     0.0635     0.5623     3.1685     0.1209     0.0000 -121.02408   34.20890      99.34         16  0.000e+00
     101214   4217.208     29.781     29.998    11.6498    11.6577  38.245962  38.253054    11.6460    11.6539    33.5961    33.5959    25.5649    25.5633     5.7422     5.8568    174.972    178.466     1.8498     1.7827     0.0635     0.5623     3.1685     0.1209     0.0000 -121.02408   34.20890      99.34         16  0.000e+00
     101215   4217.250     29.781     29.998    11.6479    11.6578  38.242901  38.253509    11.6442    11.6540    33.5948    33.5962    25.5642    25.5635     5.7424     5.8568    174.981    178.465     1.8498     1.7827     0.0623     0.5318     3.1697     0.1209     0.0000 -121.02408   34.20890      99.34         16  0.000e+00
     101216   4217.292     29.827     30.044    11.6433    11.6585  38.238538  38.254290    11.6396    11.6547    33.5947    33.5964    25.5650    25.5635     5.7431     5.8567    174.999    178.463     1.8498     1.7827     0.0635     0.5623     3.1697     0.1209     0.0000 -121.02408   34.20890      99.34         16  0.000e+00
     101217   4217.333     29.781     29.998    11.6397    11.6593  38.236129  38.254876    11.6360    11.6556    33.5956    33.5962    25.5664    25.5632     5.7486     5.8510    175.168    178.289     1.8510     1.7814     0.0635     0.5623     3.1697     0.1209     0.0000 -121.02408   34.20890      99.34         16  0.000e+00
     101218   4217.375     29.781     29.998    11.6376    11.6594  38.235543  38.254550    11.6338    11.6557    33.5970    33.5958    25.5679    25.5629     5.7488     5.8566    175.174    178.459     1.8510     1.7827     0.0635     0.5623     3.1685     0.1209     0.0000 -121.02408   34.20890      99.34         16  0.000e+00
     101219   4217.417     29.781     29.998    11.6361    11.6593  38.235413  38.254616    11.6323    11.6556    33.5982    33.5959    25.5691    25.5630     5.7490     5.8566    175.178    178.459     1.8510     1.7827     0.0635     0.5623     3.1685     0.1209     0.0000 -121.02408   34.20890      99.34         16  0.000e+00
     101220   4217.458     29.781     29.998    11.6377    11.6585  38.237758  38.253965    11.6340    11.6547    33.5990    33.5961    25.5694    25.5633     5.7487     5.8511    175.171    178.292     1.8510     1.7814     0.0635     0.5623     3.1673     0.1209     0.0000 -121.02408   34.20890      99.34         16  0.000e+00
     101221   4217.500     29.781     29.998    11.6412    11.6581  38.241990  38.253900    11.6374    11.6544    33.6000    33.5963    25.5696    25.5636     5.7431     5.8512    175.000    178.293     1.8498     1.7814     0.0635     0.5623     3.1673     0.1197     0.0000 -121.02408   34.20890      99.34         16  0.000e+00
     101222   4217.542     29.781     29.998    11.6451    11.6577  38.245181  38.253835    11.6414    11.6539    33.5996    33.5967    25.5685    25.5639     5.7478     5.8512    175.142    178.295     1.8510     1.7814     0.0635     0.5623     3.1685     0.1209     0.0000 -121.02408   34.20890      99.34         16  0.000e+00
     101223   4217.583     29.781     29.998    11.6476    11.6573  38.247656  38.253705    11.6439    11.6535    33.5997    33.5969    25.5681    25.5641     5.7474     5.8512    175.132    178.296     1.8510     1.7814     0.0635     0.5623     3.1697     0.1197     0.0000 -121.02408   34.20890      99.34         16  0.000e+00
     101224   4217.625     29.781     29.998    11.6496    11.6573  38.248437  38.253900    11.6459    11.6535    33.5987    33.5971    25.5669    25.5643     5.7472     5.8512    175.126    178.296     1.8510     1.7814     0.0635     0.5623     3.1697     0.1209     0.0000 -121.02408   34.20890      99.34         16  0.000e+00
     101225   4217.667     29.735     29.951    11.6508    11.6575  38.248762  38.254290    11.6470    11.6537    33.5980    33.5973    25.5662    25.5644     5.7471     5.8512    175.122    178.294     1.8510     1.7814     0.0623     0.5318     3.1697     0.1209     0.0000 -121.02408   34.20890      99.34         16  0.000e+00
     101226   4217.708     29.781     29.998    11.6511    11.6576  38.248893  38.254421    11.6474    11.6539    33.5978    33.5973    25.5660    25.5644     5.7471     5.8512    175.121    178.294     1.8510     1.7814     0.0635     0.5623     3.1697     0.1209     0.0000 -121.02408   34.20890      99.34         16  0.000e+00
     101227   4217.750     29.781     29.998    11.6514    11.6577  38.248632  38.254421    11.6477    11.6539    33.5972    33.5973    25.5655    25.5643     5.7471     5.8512    175.121    178.294     1.8510     1.7814     0.0635     0.5623     3.1697     0.1197     0.0000 -121.02408   34.20890      99.34         16  0.000e+00
     101228   4217.792     29.781     29.998    11.6517    11.6575  38.249023  38.254421    11.6480    11.6537    33.5973    33.5974    25.5655    25.5645     5.7470     5.8512    175.120    178.295     1.8510     1.7814     0.0635     0.5623     3.1697     0.1197     0.0000 -121.02408   34.20890      99.34         16  0.000e+00
     101229   4217.833     29.735     29.951    11.6521    11.6574  38.248958  38.254095    11.6483    11.6537    33.5970    33.5972    25.5652    25.5643     5.7469     5.8512    175.118    178.294     1.8510     1.7814     0.0635     0.5623     3.1697     0.1197     0.0000 -121.02408   34.20890      99.34         16  0.000e+00
     101230   4217.875     29.781     29.998    11.6520    11.6572  38.249088  38.253770    11.6482    11.6534    33.5972    33.5971    25.5654    25.5643     5.7470     5.8513    175.119    178.296     1.8510     1.7814     0.0635     0.5623     3.1685     0.1184     0.0000 -121.02408   34.20890      99.34         16  0.000e+00
     101231   4217.917     29.781     29.998    11.6524    11.6569  38.249414  38.253705    11.6486    11.6532    33.5971    33.5972    25.5652    25.5644     5.7469     5.8513    175.117    178.297     1.8510     1.7814     0.0647     0.5928     3.1685     0.1184     0.0000 -121.02408   34.20890      99.34         16  0.000e+00
     101232   4217.958     29.781     29.998    11.6524    11.6568  38.249544  38.253184    11.6486    11.6530    33.5972    33.5968    25.5653    25.5642     5.7469     5.8513    175.117    178.298     1.8510     1.7814     0.0635     0.5623     3.1697     0.1184     0.0000 -121.02408   34.20890      99.34         16  0.000e+00
     101233   4218.000     29.735     29.951    11.6526    11.6560  38.250065  38.252533    11.6488    11.6522    33.5976    33.5969    25.5656    25.5644     5.7469     5.8514    175.115    178.300     1.8510     1.7814     0.0647     0.5928     3.1685     0.1184     0.0000 -121.02408   34.20890      99.34         16  0.000e+00
     101234   4218.042     29.781     29.998    11.6528    11.6553  38.249674  38.252208    11.6490    11.6516    33.5971    33.5972    25.5651    25.5648     5.7469     5.8515    175.116    178.304     1.8510     1.7814     0.0647     0.5928     3.1685     0.1184     0.0000 -121.02408   34.20890      99.34         16  0.000e+00
     101235   4218.083     29.781     29.998    11.6528    11.6548  38.249739  38.252338    11.6490    11.6511    33.5971    33.5978    25.5651    25.5653     5.7469     5.8515    175.116    178.305     1.8510     1.7814     0.0647     0.5928     3.1697     0.1184     0.0000 -121.02408   34.20890      99.34         16  0.000e+00
     101236   4218.125     29.781     29.998    11.6529    11.6548  38.250325  38.252403    11.6491    11.6511    33.5976    33.5979    25.5655    25.5653     5.7469     5.8515    175.115    178.305     1.8510     1.7814     0.0635     0.5623     3.1697     0.1184     0.0000 -121.02408   34.20890      99.34         16  0.000e+00
     101237   4218.167     29.735     29.951    11.6532    11.6549  38.250521  38.252858    11.6494    11.6512    33.5975    33.5982    25.5654    25.5656     5.7416     5.8515    174.956    178.303     1.8498     1.7814     0.0647     0.5928     3.1685     0.1184     0.0000 -121.02408   34.20890      99.34         16  0.000e+00
     101238   4218.208     29.781     29.998    11.6532    11.6555  38.250000  38.252793    11.6495    11.6517    33.5969    33.5976    25.5649    25.5650     5.7417     5.8571    174.958    178.473     1.8498     1.7827     0.0647     0.5928     3.1685     0.1184     0.0000 -121.02408   34.20890      99.34         16  0.000e+00
     101239   4218.250     29.781     29.998    11.6529    11.6555  38.249609  38.252924    11.6491    11.6517    33.5969    33.5978    25.5649    25.5651     5.7469     5.8515    175.116    178.302     1.8510     1.7814     0.0647     0.5928     3.1697     0.1184     0.0000 -121.02408   34.20890      99.34         16  0.000e+00
     101240   4218.292     29.781     29.998    11.6521    11.6556  38.247525  38.252598    11.6483    11.6519    33.5956    33.5973    25.5641    25.5648     5.7419     5.8515    174.964    178.302     1.8498     1.7814     0.0647     0.5928     3.1697     0.1172     0.0000 -121.02408   34.20890      99.34         16  0.000e+00
     101241   4218.333     29.781     29.998    11.6495    11.6548  38.244529  38.251622    11.6457    11.6511    33.5950    33.5971    25.5641    25.5648     5.7422     5.8516    174.974    178.306     1.8498     1.7814     0.0647     0.5928     3.1685     0.1184     0.0000 -121.02408   34.20890      99.34         16  0.000e+00
     101242   4218.375     29.781     29.998    11.6461    11.6541  38.241794  38.251101    11.6424    11.6504    33.5954    33.5972    25.5650    25.5650     5.7426     5.8572    174.987    178.479     1.8498     1.7827     0.0647     0.5928     3.1685     0.1184     0.0000 -121.02408   34.20890      99.34         16  0.000e+00
     101243   4218.417     29.781     29.998    11.6434    11.6531  38.240622  38.251036    11.6396    11.6494    33.5967    33.5980    25.5666    25.5658     5.7481     5.8574    175.152    178.482     1.8510     1.7827     0.0647     0.5928     3.1685     0.1184     0.0000 -121.02408   34.20890      99.34         16  0.000e+00
     101244   4218.458     29.781     29.998    11.6420    11.6526  38.240232  38.250776    11.6383    11.6489    33.5975    33.5982    25.5675    25.5660     5.7431     5.8574    175.000    178.484     1.8498     1.7827     0.0647     0.5928     3.1685     0.1184     0.0000 -121.02408   34.20890      99.34         16  0.000e+00
     101245   4218.500     29.781     29.998    11.6412    11.6526  38.240362  38.250450    11.6374    11.6489    33.5984    33.5979    25.5683    25.5658     5.7432     5.8574    175.002    178.484     1.8498     1.7827     0.0647     0.5928     3.1685     0.1184     0.0000 -121.02408   34.20890      99.34         16  0.000e+00
     101246   4218.542     29.781     29.998    11.6407    11.6520  38.239906  38.249669    11.6369    11.6483    33.5984    33.5977    25.5684    25.5658     5.7484     5.8575    175.160    178.487     1.8510     1.7827     0.0635     0.5623     3.1697     0.1197     0.0000 -121.02408   34.20890      99.34         16  0.000e+00
     101247   4218.583     29.781     29.998    11.6406    11.6510  38.239776  38.248628    11.6368    11.6472    33.5984    33.5977    25.5684    25.5659     5.7432     5.8577    175.004    178.491     1.8498     1.7827     0.0647     0.5928     3.1685     0.1197     0.0000 -121.02408   34.20890      99.34         16  0.000e+00
     101248   4218.625     29.781     29.998    11.6400    11.6497  38.239516  38.247587    11.6363    11.6459    33.5987    33.5978    25.5687    25.5663     5.7433     5.8578    175.006    178.496     1.8498     1.7827     0.0647     0.5928     3.1685     0.1184     0.0000 -121.02408   34.20890      99.34         16  0.000e+00
