West Coast/WCOA-7/CTD_Data/RB2102_CTD_007_01.ros
* Sea-Bird SBE 9 Data File:
* FileName = C:\Users\scs.user.rb\CTD\RB2102\Data\RB2102_CTD_007_01.hex
* Software Version Seasave V 7.26.7.107
* Temperature SN = 6202
* Conductivity SN = 4907
* Number of Bytes Per Scan = 41
* Number of Voltage Words = 4
* Number of Scans Averaged by the Deck Unit = 1
* NMEA Latitude = 48 11.07 N
* NMEA Longitude = 126 35.91 W
* NMEA UTC (Time) = Jun 27 2021  11:49:03
* NMEA baud rate = 4800
# nquan = 30
# nvalues = 1176                                  
# units = specified
# name 0 = scan: Scan Count
# name 1 = timeS: Time, Elapsed [seconds]
# name 2 = depSM: Depth [salt water, m]
# name 3 = prDM: Pressure, Digiquartz [db]
# name 4 = t090C: Temperature [ITS-90, deg C]
# name 5 = t190C: Temperature, 2 [ITS-90, deg C]
# name 6 = c0mS/cm: Conductivity [mS/cm]
# name 7 = c1mS/cm: Conductivity, 2 [mS/cm]
# name 8 = potemp090C: Potential Temperature [ITS-90, deg C]
# name 9 = potemp190C: Potential Temperature, 2 [ITS-90, deg C]
# name 10 = sal00: Salinity, Practical [PSU]
# name 11 = sal11: Salinity, Practical, 2 [PSU]
# name 12 = sigma-é00: Density [sigma-theta, kg/m^3]
# name 13 = sigma-é11: Density, 2 [sigma-theta, kg/m^3]
# name 14 = sbeox0Mg/L: Oxygen, SBE 43 [mg/l]
# name 15 = sbeox1Mg/L: Oxygen, SBE 43, 2 [mg/l]
# name 16 = sbox0Mm/Kg: Oxygen, SBE 43 [umol/kg]
# name 17 = sbox1Mm/Kg: Oxygen, SBE 43, 2 [umol/kg]
# name 18 = sbeox0V: Oxygen raw, SBE 43 [V]
# name 19 = sbeox1V: Oxygen raw, SBE 43, 2 [V]
# name 20 = v4: Voltage 4
# name 21 = flECO-AFL: Fluorescence, WET Labs ECO-AFL/FL [mg/m^3]
# name 22 = v3: Voltage 3
# name 23 = v6: Voltage 6
# name 24 = v7: Voltage 7
# name 25 = longitude: Longitude [deg]
# name 26 = latitude: Latitude [deg]
# name 27 = altM: Altimeter [m]
# name 28 = nbf: Bottles Fired
# name 29 = flag:  0.000e+00
# interval = seconds: 0.0416667
# start_time = Jun 27 2021 11:49:03 [NMEA time, header]
# bad_flag = -9.990e-29
*END*
[from data line 581]
     182083   7586.750     80.237     80.934     7.8375     7.8438  33.811690  33.810262     7.8298     7.8360    32.5458    32.5384    25.3713    25.3646     7.8538     7.7429    239.361    235.984     2.1722     2.0269     0.0464     0.1350     3.0928     1.2601     1.8559 -126.58938   48.18528      99.32         12  0.000e+00
     182084   7586.792     80.284     80.980     7.8374     7.8436  33.811876  33.810386     7.8296     7.8358    32.5461    32.5387    25.3716    25.3649     7.8538     7.7368    239.363    235.797     2.1722     2.0256     0.0464     0.1350     3.0928     1.2601     1.8559 -126.58938   48.18528      99.32         12  0.000e+00
     182085   7586.833     80.237     80.934     7.8375     7.8436  33.812000  33.810634     7.8297     7.8358    32.5462    32.5390    25.3716    25.3651     7.8538     7.7367    239.360    235.795     2.1722     2.0256     0.0464     0.1350     3.0940     1.2601     1.8559 -126.58938   48.18528      99.32         12  0.000e+00
     182086   7586.875     80.270     80.967     7.8376     7.8436  33.812000  33.810262     7.8299     7.8358    32.5460    32.5386    25.3714    25.3648     7.8538     7.7368    239.361    235.796     2.1722     2.0256     0.0464     0.1350     3.0940     1.2601     1.8559 -126.58938   48.18528      99.34         12  0.000e+00
     182087   7586.917     80.237     80.934     7.8375     7.8438  33.811938  33.809890     7.8298     7.8360    32.5460    32.5380    25.3715    25.3643     7.8538     7.7367    239.360    235.795     2.1722     2.0256     0.0464     0.1350     3.0940     1.2601     1.8559 -126.58938   48.18528      99.32         12  0.000e+00
     182088   7586.958     80.284     80.980     7.8376     7.8433  33.811938  33.809953     7.8299     7.8356    32.5459    32.5385    25.3714    25.3648     7.8538     7.7368    239.361    235.799     2.1722     2.0256     0.0464     0.1350     3.0940     1.2601     1.8559 -126.58938   48.18528      99.34         12  0.000e+00
     182089   7587.000     80.237     80.934     7.8376     7.8434  33.812000  33.810572     7.8299     7.8357    32.5460    32.5391    25.3714    25.3652     7.8537     7.7367    239.360    235.795     2.1722     2.0256     0.0464     0.1350     3.0928     1.2601     1.8559 -126.58938   48.18528      99.32         12  0.000e+00
     185819   7742.417     59.899     60.416     7.9875     8.0176  33.701853  33.721068     7.9817     8.0118    32.2991    32.2917    25.1558    25.1457     9.7658     9.3624    297.697    285.402     2.5922     2.3553     0.0586     0.4402     3.0916     1.0891     1.6764 -126.58904   48.18530      99.63         13  0.000e+00
     185820   7742.458     59.899     60.416     7.9879     8.0173  33.702349  33.721254     7.9821     8.0114    32.2992    32.2922    25.1559    25.1462     9.7600     9.3686    297.521    285.592     2.5910     2.3565     0.0586     0.4402     3.0916     1.0891     1.6764 -126.58904   48.18530      99.63         13  0.000e+00
     185821   7742.500     59.879     60.396     7.9889     8.0168  33.702968  33.720573     7.9831     8.0110    32.2989    32.2919    25.1556    25.1460     9.7598     9.3625    297.513    285.407     2.5910     2.3553     0.0586     0.4402     3.0916     1.0891     1.6764 -126.58904   48.18530      99.63         13  0.000e+00
     185822   7742.542     59.899     60.416     7.9897     8.0166  33.703154  33.720387     7.9839     8.0108    32.2984    32.2919    25.1550    25.1460     9.7653     9.3688    297.682    285.597     2.5922     2.3565     0.0574     0.4097     3.0916     1.0891     1.6764 -126.58904   48.18530      99.66         13  0.000e+00
     185823   7742.583     59.853     60.369     7.9902     8.0162  33.703340  33.720325     7.9844     8.0104    32.2982    32.2922    25.1548    25.1463     9.7652     9.3688    297.678    285.597     2.5922     2.3565     0.0586     0.4402     3.0928     1.0891     1.6764 -126.58904   48.18530      99.66         13  0.000e+00
     185824   7742.625     59.833     60.349     7.9910     8.0160  33.703649  33.719705     7.9852     8.0102    32.2978    32.2917    25.1543    25.1460     9.7650     9.3689    297.672    285.599     2.5922     2.3565     0.0586     0.4402     3.0928     1.0891     1.6752 -126.58904   48.18530      99.63         13  0.000e+00
     185825   7742.667     59.853     60.369     7.9913     8.0158  33.703959  33.719891     7.9855     8.0100    32.2977    32.2921    25.1543    25.1464     9.7649     9.3689    297.670    285.601     2.5922     2.3565     0.0586     0.4402     3.0916     1.0891     1.6764 -126.58904   48.18530      99.63         13  0.000e+00
     185826   7742.708     59.780     60.296     7.9921     8.0153  33.704083  33.719829     7.9863     8.0095    32.2972    32.2925    25.1537    25.1467     9.7647     9.3689    297.663    285.600     2.5922     2.3565     0.0586     0.4402     3.0916     1.0891     1.6764 -126.58904   48.18530      99.63         13  0.000e+00
     185827   7742.750     59.853     60.369     7.9926     8.0150  33.704517  33.719272     7.9868     8.0092    32.2972    32.2922    25.1536    25.1465     9.7647     9.3691    297.662    285.606     2.5922     2.3565     0.0586     0.4402     3.0928     1.0891     1.6752 -126.58904   48.18530      99.63         13  0.000e+00
     185828   7742.792     59.754     60.269     7.9931     8.0148  33.705136  33.719519     7.9873     8.0090    32.2974    32.2927    25.1538    25.1469     9.7587     9.3690    297.482    285.603     2.5910     2.3565     0.0586     0.4402     3.0928     1.0891     1.6752 -126.58904   48.18530      99.66         13  0.000e+00
     185829   7742.833     59.780     60.296     7.9944     8.0149  33.705508  33.719334     7.9886     8.0091    32.2966    32.2924    25.1530    25.1467     9.7642     9.3690    297.648    285.604     2.5922     2.3565     0.0586     0.4402     3.0916     1.0891     1.6752 -126.58904   48.18530      99.63         13  0.000e+00
     185830   7742.875     59.754     60.269     7.9947     8.0146  33.705632  33.718652     7.9889     8.0088    32.2965    32.2919    25.1528    25.1464     9.7584     9.3752    297.473    285.794     2.5910     2.3578     0.0586     0.4402     3.0916     1.0891     1.6764 -126.58904   48.18530      99.63         13  0.000e+00
     185831   7742.917     59.734     60.249     7.9947     8.0145  33.706004  33.718776     7.9889     8.0087    32.2969    32.2922    25.1531    25.1465     9.7640     9.3752    297.644    285.793     2.5922     2.3578     0.0586     0.4402     3.0916     1.0891     1.6764 -126.58904   48.18530      99.63         13  0.000e+00
     185832   7742.958     59.708     60.223     7.9949     8.0145  33.706375  33.718590     7.9891     8.0087    32.2971    32.2920    25.1532    25.1464     9.7583     9.3752    297.468    285.793     2.5910     2.3578     0.0586     0.4402     3.0928     1.0891     1.6764 -126.58904   48.18530      99.63         13  0.000e+00
     185833   7743.000     59.754     60.269     7.9953     8.0143  33.706499  33.718776     7.9896     8.0085    32.2968    32.2924    25.1529    25.1467     9.7639     9.3691    297.640    285.607     2.5922     2.3565     0.0586     0.4402     3.0928     1.0891     1.6752 -126.58904   48.18530      99.63         13  0.000e+00
     185834   7743.042     59.681     60.196     7.9958     8.0144  33.706499  33.718838     7.9900     8.0086    32.2964    32.2924    25.1526    25.1467     9.7637     9.3752    297.635    285.792     2.5922     2.3578     0.0586     0.4402     3.0928     1.0891     1.6764 -126.58904   48.18530      99.66         13  0.000e+00
     185835   7743.083     59.708     60.223     7.9965     8.0144  33.706685  33.718405     7.9907     8.0086    32.2960    32.2919    25.1521    25.1464     9.7636     9.3753    297.632    285.794     2.5922     2.3578     0.0586     0.4402     3.0916     1.0891     1.6764 -126.58904   48.18530      99.63         13  0.000e+00
     185836   7743.125     59.708     60.223     7.9961     8.0145  33.706995  33.718652     7.9904     8.0087    32.2966    32.2921    25.1527    25.1465     9.7580     9.3752    297.460    285.793     2.5910     2.3578     0.0586     0.4402     3.0916     1.0891     1.6764 -126.58904   48.18530      99.66         13  0.000e+00
     185837   7743.167     59.635     60.149     7.9961     8.0145  33.706871  33.718404     7.9904     8.0087    32.2965    32.2918    25.1526    25.1463     9.7636     9.3751    297.630    285.791     2.5922     2.3578     0.0586     0.4402     3.0916     1.0891     1.6654 -126.58904   48.18530      99.63         13  0.000e+00
     185838   7743.208     59.655     60.169     7.9961     8.0143  33.706685  33.718219     7.9903     8.0085    32.2964    32.2918    25.1525    25.1463     9.7636     9.3752    297.632    285.793     2.5922     2.3578     0.0586     0.4402     3.0916     1.0891     1.6569 -126.58904   48.18530      99.63         13  0.000e+00
     185839   7743.250     59.588     60.102     7.9963     8.0144  33.706994  33.718652     7.9905     8.0086    32.2965    32.2922    25.1526    25.1466     9.7635     9.3751    297.628    285.789     2.5922     2.3578     0.0586     0.4402     3.0916     1.0891     1.6557 -126.58904   48.18530      99.63         13  0.000e+00
     185840   7743.292     59.708     60.223     7.9963     8.0145  33.706871  33.718652     7.9905     8.0087    32.2963    32.2920    25.1525    25.1465     9.7637     9.3814    297.633    285.981     2.5922     2.3590     0.0586     0.4402     3.0928     1.0891     1.6557 -126.58904   48.18530      99.63         13  0.000e+00
     185841   7743.333     59.608     60.123     7.9965     8.0143  33.706995  33.718528     7.9907     8.0085    32.2964    32.2922    25.1524    25.1466     9.7578     9.3813    297.455    285.979     2.5910     2.3590     0.0586     0.4402     3.0916     1.0891     1.6569 -126.58904   48.18530      99.63         13  0.000e+00
     185842   7743.375     59.589     60.103     7.9966     8.0147  33.707118  33.718342     7.9908     8.0089    32.2964    32.2916    25.1524    25.1461     9.7634     9.3812    297.626    285.976     2.5922     2.3590     0.0574     0.4097     3.0916     1.0891     1.6557 -126.58904   48.18530      99.63         13  0.000e+00
     185843   7743.417     59.608     60.123     7.9965     8.0146  33.707118  33.718466     7.9907     8.0088    32.2965    32.2918    25.1525    25.1462     9.7578     9.3813    297.455    285.977     2.5910     2.3590     0.0586     0.4402     3.0928     1.0891     1.6557 -126.58904   48.18530      99.63         13  0.000e+00
     185844   7743.458     59.589     60.103     7.9965     8.0147  33.706871  33.718528     7.9907     8.0089    32.2962    32.2918    25.1523    25.1462     9.7578     9.3812    297.454    285.976     2.5910     2.3590     0.0586     0.4402     3.0916     1.0891     1.6569 -126.58904   48.18530      99.63         13  0.000e+00
     185845   7743.500     59.608     60.123     7.9966     8.0147  33.706561  33.718528     7.9908     8.0089    32.2958    32.2918    25.1520    25.1462     9.7635     9.3812    297.628    285.976     2.5922     2.3590     0.0574     0.4097     3.0916     1.0891     1.6569 -126.58904   48.18530      99.63         13  0.000e+00
     185846   7743.542     59.509     60.023     7.9965     8.0152  33.706932  33.718775     7.9907     8.0094    32.2963    32.2917    25.1524    25.1461     9.7577     9.3872    297.451    286.158     2.5910     2.3602     0.0586     0.4402     3.0904     1.0891     1.6569 -126.58904   48.18530      99.63         13  0.000e+00
     185847   7743.583     59.536     60.049     7.9965     8.0150  33.706870  33.718590     7.9907     8.0092    32.2963    32.2916    25.1524    25.1460     9.7577     9.3811    297.452    285.972     2.5910     2.3590     0.0586     0.4402     3.0928     1.0891     1.6569 -126.58904   48.18530      99.63         13  0.000e+00
     185848   7743.625     59.609     60.123     7.9965     8.0153  33.706809  33.718528     7.9907     8.0095    32.2962    32.2913    25.1523    25.1457     9.7578     9.3873    297.455    286.162     2.5910     2.3602     0.0586     0.4402     3.0916     1.0891     1.6569 -126.58904   48.18530      99.63         13  0.000e+00
     185849   7743.667     59.509     60.023     7.9965     8.0155  33.706994  33.718961     7.9907     8.0098    32.2964    32.2915    25.1525    25.1459     9.7577     9.3871    297.451    286.156     2.5910     2.3602     0.0586     0.4402     3.0916     1.0891     1.6569 -126.58904   48.18530      99.63         13  0.000e+00
     185850   7743.708     59.536     60.049     7.9968     8.0153  33.706870  33.719333     7.9910     8.0096    32.2959    32.2921    25.1521    25.1464     9.7577     9.3933    297.451    286.345     2.5910     2.3614     0.0586     0.4402     3.0916     1.0891     1.6569 -126.58904   48.18530      99.63         13  0.000e+00
     185851   7743.750     59.509     60.023     7.9968     8.0153  33.706808  33.718775     7.9910     8.0095    32.2959    32.2916    25.1520    25.1460     9.7577     9.3933    297.450    286.346     2.5910     2.3614     0.0586     0.4402     3.0916     1.0891     1.6569 -126.58904   48.18530      99.63         13  0.000e+00
     185852   7743.792     59.536     60.049     7.9970     8.0152  33.706994  33.718961     7.9913     8.0094    32.2959    32.2918    25.1520    25.1462     9.7576     9.3934    297.449    286.347     2.5910     2.3614     0.0586     0.4402     3.0916     1.0891     1.6557 -126.58904   48.18530      99.63         13  0.000e+00
     185853   7743.833     59.509     60.023     7.9971     8.0157  33.707118  33.718713     7.9914     8.0099    32.2959    32.2911    25.1520    25.1456     9.7519     9.3871    297.275    286.156     2.5897     2.3602     0.0586     0.4402     3.0928     1.0891     1.6569 -126.58904   48.18530      99.66         13  0.000e+00
     185854   7743.875     59.509     60.023     7.9971     8.0154  33.707118  33.718961     7.9914     8.0097    32.2959    32.2916    25.1520    25.1460     9.7576     9.3933    297.447    286.344     2.5910     2.3614     0.0586     0.4402     3.0916     1.0891     1.6569 -126.58904   48.18530      99.63         13  0.000e+00
     185855   7743.917     59.489     60.003     7.9973     8.0157  33.707304  33.718961     7.9915     8.0099    32.2960    32.2914    25.1520    25.1458     9.7575     9.3932    297.445    286.342     2.5910     2.3614     0.0586     0.4402     3.0928     1.0891     1.6569 -126.58904   48.18530      99.63         13  0.000e+00
     185856   7743.958     59.463     59.976     7.9973     8.0161  33.707428  33.719085     7.9915     8.0103    32.2961    32.2912    25.1521    25.1455     9.7575     9.3931    297.444    286.339     2.5910     2.3614     0.0586     0.4402     3.0928     1.0891     1.6569 -126.58904   48.18530      99.63         13  0.000e+00
     185857   7744.000     59.489     60.003     7.9974     8.0166  33.707614  33.719147     7.9917     8.0109    32.2962    32.2907    25.1522    25.1451     9.7518     9.3931    297.271    286.337     2.5897     2.3614     0.0586     0.4402     3.0928     1.0891     1.6557 -126.58904   48.18530      99.66         13  0.000e+00
     185858   7744.042     59.463     59.976     7.9976     8.0172  33.707242  33.719580     7.9918     8.0114    32.2956    32.2907    25.1517    25.1450     9.7518     9.3991    297.270    286.521     2.5897     2.3626     0.0586     0.4402     3.0916     1.0891     1.6569 -126.58904   48.18530      99.63         13  0.000e+00
