West Coast/WCOA-7/CTD_Data/RB2102_CTD_105_01.ros
* Sea-Bird SBE 9 Data File:
* FileName = C:\Users\scs.user.rb\CTD\RB2102\Data\RB2102_CTD_105_01.hex
* Software Version Seasave V 7.26.7.107
* Temperature SN = 6202
* Conductivity SN = 4907
* Number of Bytes Per Scan = 41
* Number of Voltage Words = 4
* Number of Scans Averaged by the Deck Unit = 1
* NMEA Latitude = 35 28.62 N
* NMEA Longitude = 121 36.70 W
* NMEA UTC (Time) = Jul 15 2021  18:54:04
* NMEA baud rate = 4800
# nquan = 30
# nvalues = 991                                   
# units = specified
# name 0 = scan: Scan Count
# name 1 = timeS: Time, Elapsed [seconds]
# name 2 = depSM: Depth [salt water, m]
# name 3 = prDM: Pressure, Digiquartz [db]
# name 4 = t090C: Temperature [ITS-90, deg C]
# name 5 = t190C: Temperature, 2 [ITS-90, deg C]
# name 6 = c0mS/cm: Conductivity [mS/cm]
# name 7 = c1mS/cm: Conductivity, 2 [mS/cm]
# name 8 = potemp090C: Potential Temperature [ITS-90, deg C]
# name 9 = potemp190C: Potential Temperature, 2 [ITS-90, deg C]
# name 10 = sal00: Salinity, Practical [PSU]
# name 11 = sal11: Salinity, Practical, 2 [PSU]
# name 12 = sigma-é00: Density [sigma-theta, kg/m^3]
# name 13 = sigma-é11: Density, 2 [sigma-theta, kg/m^3]
# name 14 = sbeox0Mg/L: Oxygen, SBE 43 [mg/l]
# name 15 = sbeox1Mg/L: Oxygen, SBE 43, 2 [mg/l]
# name 16 = sbox0Mm/Kg: Oxygen, SBE 43 [umol/kg]
# name 17 = sbox1Mm/Kg: Oxygen, SBE 43, 2 [umol/kg]
# name 18 = sbeox0V: Oxygen raw, SBE 43 [V]
# name 19 = sbeox1V: Oxygen raw, SBE 43, 2 [V]
# name 20 = v4: Voltage 4
# name 21 = flECO-AFL: Fluorescence, WET Labs ECO-AFL/FL [mg/m^3]
# name 22 = v3: Voltage 3
# name 23 = v6: Voltage 6
# name 24 = v7: Voltage 7
# name 25 = longitude: Longitude [deg]
# name 26 = latitude: Latitude [deg]
# name 27 = altM: Altimeter [m]
# name 28 = nbf: Bottles Fired
# name 29 = flag:  0.000e+00
# interval = seconds: 0.0416667
# start_time = Jul 15 2021 18:54:04 [NMEA time, header]
# bad_flag = -9.990e-29
*END*
[from data line 387]
      83825   3492.667    124.398    125.346     9.8408     9.8436  36.963563  36.966620     9.8266     9.8294    33.9421    33.9426    26.1550    26.1550     3.3937     3.4783    103.353    105.927     1.2527     1.2247     0.0403    -0.0177     3.1880     0.0537     0.0281 -121.61316   35.47586      99.68          9  0.000e+00
      83826   3492.708    124.444    125.392     9.8410     9.8436  36.963948  36.966556     9.8268     9.8295    33.9423    33.9425    26.1552    26.1548     3.3937     3.4783    103.353    105.927     1.2527     1.2247     0.0403    -0.0177     3.1893     0.0549     0.0281 -121.61316   35.47586      99.68          9  0.000e+00
      83827   3492.750    124.444    125.392     9.8409     9.8439  36.963884  36.966749     9.8268     9.8297    33.9423    33.9424    26.1552    26.1547     3.3937     3.4783    103.353    105.927     1.2527     1.2247     0.0403    -0.0177     3.1893     0.0549     0.0293 -121.61316   35.47586      99.68          9  0.000e+00
      83828   3492.792    124.351    125.299     9.8409     9.8441  36.963434  36.966877     9.8268     9.8299    33.9419    33.9424    26.1548    26.1547     3.3937     3.4841    103.352    106.104     1.2527     1.2259     0.0403    -0.0177     3.1880     0.0549     0.0293 -121.61316   35.47586      99.68          9  0.000e+00
      83829   3492.833    124.444    125.392     9.8411     9.8441  36.963884  36.967070     9.8269     9.8299    33.9421    33.9426    26.1550    26.1548     3.3937     3.4782    103.353    105.926     1.2527     1.2247     0.0403    -0.0177     3.1880     0.0549     0.0281 -121.61316   35.47586      99.68          9  0.000e+00
      83830   3492.875    124.398    125.346     9.8411     9.8442  36.963627  36.966941     9.8270     9.8301    33.9418    33.9423    26.1548    26.1546     3.3937     3.4782    103.352    105.925     1.2527     1.2247     0.0403    -0.0177     3.1893     0.0537     0.0269 -121.61316   35.47586      99.68          9  0.000e+00
      83831   3492.917    124.398    125.346     9.8411     9.8441  36.963627  36.966877     9.8269     9.8299    33.9419    33.9424    26.1548    26.1547     3.3937     3.4782    103.352    105.926     1.2527     1.2247     0.0403    -0.0177     3.1893     0.0537     0.0269 -121.61316   35.47586      99.68          9  0.000e+00
      83832   3492.958    124.444    125.392     9.8414     9.8441  36.964719  36.966877     9.8273     9.8299    33.9427    33.9424    26.1554    26.1547     3.3937     3.4841    103.351    106.106     1.2527     1.2259     0.0415     0.0129     3.1893     0.0525     0.0256 -121.61316   35.47586      99.68          9  0.000e+00
      83833   3493.000    124.351    125.299     9.8418     9.8438  36.964526  36.966620     9.8276     9.8296    33.9422    33.9424    26.1549    26.1548     3.3936     3.4782    103.350    105.926     1.2527     1.2247     0.0415     0.0129     3.1893     0.0537     0.0269 -121.61316   35.47586      99.68          9  0.000e+00
      83834   3493.042    124.398    125.346     9.8424     9.8439  36.965105  36.967005     9.8282     9.8297    33.9422    33.9427    26.1548    26.1550     3.3882     3.4841    103.184    106.105     1.2515     1.2259     0.0427     0.0434     3.1893     0.0537     0.0281 -121.61316   35.47586      99.68          9  0.000e+00
      83835   3493.083    124.351    125.299     9.8432     9.8441  36.965361  36.966684     9.8290     9.8299    33.9417    33.9422    26.1543    26.1546     3.3881     3.4782    103.182    105.925     1.2515     1.2247     0.0415     0.0129     3.1893     0.0537     0.0281 -121.61316   35.47586      99.68          9  0.000e+00
      83836   3493.125    124.351    125.299     9.8434     9.8441  36.964847  36.966748     9.8292     9.8299    33.9410    33.9423    26.1537    26.1546     3.3935     3.4782    103.347    105.925     1.2527     1.2247     0.0415     0.0129     3.1893     0.0537     0.0269 -121.61316   35.47586      99.68          9  0.000e+00
      83837   3493.167    124.398    125.346     9.8429     9.8441  36.964912  36.966620     9.8287     9.8299    33.9415    33.9421    26.1542    26.1545     3.3882     3.4841    103.183    106.105     1.2515     1.2259     0.0415     0.0129     3.1880     0.0537     0.0269 -121.61316   35.47586      99.68          9  0.000e+00
      83838   3493.208    124.298    125.245     9.8426     9.8439  36.964333  36.966620     9.8284     9.8298    33.9413    33.9423    26.1541    26.1547     3.3882     3.4841    103.183    106.104     1.2515     1.2259     0.0415     0.0129     3.1880     0.0525     0.0256 -121.61316   35.47586      99.68          9  0.000e+00
      83839   3493.250    124.351    125.299     9.8426     9.8442  36.963755  36.967069     9.8285     9.8301    33.9406    33.9425    26.1536    26.1547     3.3882     3.4841    103.184    106.104     1.2515     1.2259     0.0415     0.0129     3.1880     0.0525     0.0256 -121.61316   35.47586      99.68          9  0.000e+00
      83840   3493.292    124.351    125.299     9.8422     9.8443  36.964462  36.966941     9.8281     9.8302    33.9417    33.9422    26.1545    26.1546     3.3882     3.4841    103.184    106.104     1.2515     1.2259     0.0415     0.0129     3.1880     0.0525     0.0256 -121.61316   35.47586      99.68          9  0.000e+00
      83841   3493.333    124.298    125.246     9.8421     9.8444  36.964719  36.966876     9.8279     9.8303    33.9421    33.9421    26.1548    26.1544     3.3882     3.4782    103.184    105.924     1.2515     1.2247     0.0415     0.0129     3.1893     0.0537     0.0269 -121.61316   35.47586      99.68          9  0.000e+00
      83842   3493.375    124.351    125.299     9.8427     9.8444  36.964976  36.967069     9.8286     9.8303    33.9417    33.9423    26.1544    26.1546     3.3882     3.4841    103.183    106.104     1.2515     1.2259     0.0415     0.0129     3.1893     0.0525     0.0269 -121.61316   35.47586      99.68          9  0.000e+00
      83843   3493.417    124.252    125.199     9.8429     9.8444  36.964847  36.967197     9.8287     9.8303    33.9415    33.9425    26.1542    26.1547     3.3935     3.4781    103.346    105.923     1.2527     1.2247     0.0415     0.0129     3.1893     0.0537     0.0269 -121.61316   35.47586      99.68          9  0.000e+00
      83844   3493.458    124.352    125.299     9.8429     9.8447  36.964976  36.967198     9.8287     9.8306    33.9416    33.9421    26.1543    26.1544     3.3882     3.4840    103.183    106.103     1.2515     1.2259     0.0415     0.0129     3.1893     0.0537     0.0269 -121.61316   35.47586      99.68          9  0.000e+00
      83845   3493.500    124.252    125.199     9.8427     9.8447  36.964526  36.967390     9.8286     9.8306    33.9413    33.9424    26.1541    26.1546     3.3881     3.4840    103.182    106.101     1.2515     1.2259     0.0415     0.0129     3.1893     0.0525     0.0269 -121.61316   35.47586      99.68          9  0.000e+00
      83846   3493.542    124.252    125.199     9.8426     9.8451  36.964654  36.967518     9.8284     9.8309    33.9416    33.9422    26.1543    26.1544     3.3881     3.4840    103.182    106.101     1.2515     1.2259     0.0415     0.0129     3.1893     0.0513     0.0256 -121.61316   35.47586      99.68          9  0.000e+00
      83847   3493.583    124.325    125.272     9.8422     9.8452  36.964719  36.967519     9.8281     9.8311    33.9419    33.9420    26.1547    26.1542     3.3936     3.4840    103.348    106.101     1.2527     1.2259     0.0415     0.0129     3.1880     0.0525     0.0256 -121.61316   35.47586      99.68          9  0.000e+00
      83848   3493.625    124.153    125.099     9.8423     9.8454  36.964204  36.967711     9.8282     9.8313    33.9414    33.9421    26.1543    26.1543     3.3881     3.4839    103.182    106.099     1.2515     1.2259     0.0415     0.0129     3.1893     0.0525     0.0269 -121.61316   35.47586      99.68          9  0.000e+00
      83849   3493.667    124.299    125.246     9.8419     9.8456  36.963883  36.967583     9.8278     9.8314    33.9414    33.9417    26.1543    26.1540     3.3882     3.4840    103.184    106.100     1.2515     1.2259     0.0415     0.0129     3.1893     0.0525     0.0269 -121.61316   35.47586      99.68          9  0.000e+00
      83850   3493.708    124.252    125.199     9.8417     9.8457  36.964012  36.967968     9.8276     9.8316    33.9417    33.9420    26.1546    26.1542     3.3882     3.4839    103.184    106.099     1.2515     1.2259     0.0415     0.0129     3.1893     0.0537     0.0281 -121.61316   35.47586      99.68          9  0.000e+00
      83851   3493.750    124.153    125.099     9.8423     9.8459  36.964268  36.967903     9.8282     9.8318    33.9415    33.9418    26.1543    26.1540     3.3881     3.4780    103.182    105.918     1.2515     1.2247     0.0415     0.0129     3.1893     0.0549     0.0293 -121.61316   35.47586      99.68          9  0.000e+00
      83852   3493.792    124.199    125.145     9.8427     9.8459  36.965361  36.967711     9.8286     9.8318    33.9422    33.9416    26.1548    26.1538     3.3935     3.4780    103.345    105.919     1.2527     1.2247     0.0415     0.0129     3.1893     0.0562     0.0305 -121.61316   35.47586      99.68          9  0.000e+00
      83853   3493.833    124.199    125.145     9.8435     9.8460  36.965939  36.968032     9.8294     9.8319    33.9420    33.9418    26.1545    26.1539     3.3934     3.4780    103.344    105.918     1.2527     1.2247     0.0415     0.0129     3.1893     0.0598     0.0366 -121.61316   35.47586      99.71          9  0.000e+00
      83854   3493.875    124.199    125.145     9.8437     9.8459  36.965746  36.967903     9.8296     9.8318    33.9416    33.9418    26.1542    26.1540     3.3880     3.4780    103.179    105.919     1.2515     1.2247     0.0415     0.0129     3.1880     0.0635     0.0391 -121.61316   35.47586      99.68          9  0.000e+00
      83855   3493.917    124.153    125.099     9.8443     9.8460  36.965939  36.967839     9.8302     9.8319    33.9413    33.9416    26.1538    26.1538     3.3934     3.4780    103.342    105.918     1.2527     1.2247     0.0415     0.0129     3.1893     0.0635     0.0391 -121.61316   35.47586      99.68          9  0.000e+00
      83856   3493.958    124.199    125.146     9.8452     9.8461  36.966453  36.968032     9.8310     9.8320    33.9410    33.9417    26.1534    26.1538     3.3879     3.4780    103.176    105.918     1.2515     1.2247     0.0415     0.0129     3.1893     0.0635     0.0391 -121.61316   35.47586      99.68          9  0.000e+00
      83857   3494.000    124.153    125.099     9.8455     9.8462  36.967224  36.967903     9.8314     9.8321    33.9415    33.9415    26.1537    26.1537     3.3879     3.4838    103.174    106.097     1.2515     1.2259     0.0415     0.0129     3.1880     0.0623     0.0379 -121.61316   35.47586      99.68          9  0.000e+00
      83858   3494.042    124.106    125.052     9.8465     9.8464  36.967609  36.968288     9.8324     9.8322    33.9410    33.9418    26.1532    26.1539     3.3932     3.4838    103.336    106.096     1.2527     1.2259     0.0415     0.0129     3.1893     0.0611     0.0366 -121.61316   35.47586      99.68          9  0.000e+00
      83859   3494.083    124.153    125.099     9.8468     9.8465  36.967866  36.968931     9.8327     9.8324    33.9409    33.9423    26.1531    26.1542     3.3878     3.4838    103.171    106.096     1.2515     1.2259     0.0415     0.0129     3.1893     0.0611     0.0379 -121.61316   35.47586      99.68          9  0.000e+00
      83860   3494.125    124.153    125.099     9.8476     9.8471  36.968509  36.968866     9.8335     9.8329    33.9408    33.9417    26.1529    26.1537     3.3931     3.4838    103.334    106.095     1.2527     1.2259     0.0427     0.0434     3.1880     0.0598     0.0354 -121.61316   35.47586      99.68          9  0.000e+00
      83861   3494.167    124.053    124.998     9.8480     9.8471  36.968637  36.968802     9.8338     9.8329    33.9407    33.9417    26.1527    26.1537     3.3877     3.4778    103.168    105.914     1.2515     1.2247     0.0415     0.0129     3.1893     0.0574     0.0330 -121.61316   35.47586      99.68          9  0.000e+00
      83862   3494.208    124.106    125.052     9.8485     9.8474  36.968830  36.969251     9.8343     9.8333    33.9404    33.9418    26.1524    26.1537     3.3931     3.4778    103.332    105.914     1.2527     1.2247     0.0415     0.0129     3.1893     0.0562     0.0330 -121.61316   35.47586      99.71          9  0.000e+00
      83863   3494.250    124.053    124.999     9.8486     9.8477  36.969472  36.969893     9.8345     9.8336    33.9409    33.9422    26.1528    26.1540     3.3930     3.4778    103.331    105.912     1.2527     1.2247     0.0415     0.0129     3.1893     0.0549     0.0305 -121.61316   35.47586      99.68          9  0.000e+00
      83864   3494.292    124.106    125.052     9.8491     9.8488  36.969601  36.970600     9.8350     9.8347    33.9406    33.9419    26.1524    26.1535     3.3930     3.4836    103.330    106.090     1.2527     1.2259     0.0415     0.0129     3.1893     0.0525     0.0293 -121.61316   35.47586      99.68          9  0.000e+00
      83865   3494.333    124.053    124.999     9.8494     9.8497  36.969600  36.970985     9.8353     9.8355    33.9403    33.9415    26.1522    26.1531     3.3930     3.4835    103.329    106.087     1.2527     1.2259     0.0415     0.0129     3.1893     0.0525     0.0281 -121.61316   35.47586      99.68          9  0.000e+00
      83866   3494.375    124.053    124.999     9.8494     9.8498  36.969343  36.970985     9.8353     9.8357    33.9400    33.9413    26.1520    26.1529     3.3930     3.4776    103.329    105.907     1.2527     1.2247     0.0415     0.0129     3.1893     0.0513     0.0281 -121.61316   35.47586      99.68          9  0.000e+00
      83867   3494.417    124.053    124.999     9.8496     9.8503  36.969279  36.970792     9.8355     9.8362    33.9398    33.9407    26.1517    26.1523     3.3930     3.4776    103.329    105.907     1.2527     1.2247     0.0415     0.0129     3.1893     0.0513     0.0269 -121.61316   35.47586      99.68          9  0.000e+00
      83868   3494.458    124.007    124.952     9.8496     9.8503  36.969793  36.970471     9.8355     9.8362    33.9403    33.9404    26.1522    26.1521     3.3929     3.4835    103.328    106.086     1.2527     1.2259     0.0415     0.0129     3.1893     0.0513     0.0269 -121.61316   35.47586      99.68          9  0.000e+00
      83869   3494.500    124.053    124.999     9.8497     9.8503  36.969408  36.970664     9.8356     9.8362    33.9398    33.9405    26.1517    26.1522     3.3929     3.4835    103.329    106.086     1.2527     1.2259     0.0415     0.0129     3.1893     0.0525     0.0305 -121.61316   35.47586      99.68          9  0.000e+00
      87222   3634.208     99.298    100.049    10.0046    10.0064  37.073970  37.076959     9.9932     9.9950    33.9122    33.9136    26.1037    26.1045     3.5213     3.6065    107.243    109.837     1.2869     1.2564     0.0403    -0.0177     3.1868     0.0501     0.0281 -121.61330   35.47576      99.66         10  0.000e+00
      87223   3634.250     99.398    100.149    10.0039    10.0068  37.073456  37.077088     9.9925     9.9954    33.9123    33.9133    26.1039    26.1041     3.5160     3.6065    107.082    109.837     1.2857     1.2564     0.0403    -0.0177     3.1880     0.0513     0.0293 -121.61330   35.47576      99.66         10  0.000e+00
      87224   3634.292     99.298    100.049    10.0034    10.0070  37.073391  37.077537     9.9920     9.9956    33.9127    33.9136    26.1043    26.1044     3.5160     3.6064    107.081    109.835     1.2857     1.2564     0.0403    -0.0177     3.1868     0.0501     0.0281 -121.61330   35.47576      99.66         10  0.000e+00
