West Coast/WCOA-7/CTD_Data/RB2102_CTD_070_01.ros
* Sea-Bird SBE 9 Data File:
* FileName = C:\Users\scs.user.rb\CTD\RB2102\Data\RB2102_CTD_070_01.hex
* Software Version Seasave V 7.26.7.107
* Temperature SN = 6202
* Conductivity SN = 4907
* Number of Bytes Per Scan = 41
* Number of Voltage Words = 4
* Number of Scans Averaged by the Deck Unit = 1
* NMEA Latitude = 40 00.21 N
* NMEA Longitude = 124 56.23 W
* NMEA UTC (Time) = Jul 07 2021  21:02:09
* NMEA baud rate = 4800
# nquan = 30
# nvalues = 1093                                  
# units = specified
# name 0 = scan: Scan Count
# name 1 = timeS: Time, Elapsed [seconds]
# name 2 = depSM: Depth [salt water, m]
# name 3 = prDM: Pressure, Digiquartz [db]
# name 4 = t090C: Temperature [ITS-90, deg C]
# name 5 = t190C: Temperature, 2 [ITS-90, deg C]
# name 6 = c0mS/cm: Conductivity [mS/cm]
# name 7 = c1mS/cm: Conductivity, 2 [mS/cm]
# name 8 = potemp090C: Potential Temperature [ITS-90, deg C]
# name 9 = potemp190C: Potential Temperature, 2 [ITS-90, deg C]
# name 10 = sal00: Salinity, Practical [PSU]
# name 11 = sal11: Salinity, Practical, 2 [PSU]
# name 12 = sigma-é00: Density [sigma-theta, kg/m^3]
# name 13 = sigma-é11: Density, 2 [sigma-theta, kg/m^3]
# name 14 = sbeox0Mg/L: Oxygen, SBE 43 [mg/l]
# name 15 = sbeox1Mg/L: Oxygen, SBE 43, 2 [mg/l]
# name 16 = sbox0Mm/Kg: Oxygen, SBE 43 [umol/kg]
# name 17 = sbox1Mm/Kg: Oxygen, SBE 43, 2 [umol/kg]
# name 18 = sbeox0V: Oxygen raw, SBE 43 [V]
# name 19 = sbeox1V: Oxygen raw, SBE 43, 2 [V]
# name 20 = v4: Voltage 4
# name 21 = flECO-AFL: Fluorescence, WET Labs ECO-AFL/FL [mg/m^3]
# name 22 = v3: Voltage 3
# name 23 = v6: Voltage 6
# name 24 = v7: Voltage 7
# name 25 = longitude: Longitude [deg]
# name 26 = latitude: Latitude [deg]
# name 27 = altM: Altimeter [m]
# name 28 = nbf: Bottles Fired
# name 29 = flag:  0.000e+00
# interval = seconds: 0.0416667
# start_time = Jul 07 2021 21:02:09 [NMEA time, header]
# bad_flag = -9.990e-29
*END*
[from data line 291]
      83495   3478.917    393.801    397.223     5.9436     5.9468  33.672431  33.676312     5.9097     5.9129    34.0737    34.0748    26.8320    26.8325     1.3728     1.4202     41.780     43.221     0.7595     0.7619     0.0403    -0.0177     3.2479     0.0000     0.0000 -124.93794   40.00330      99.98          6  0.000e+00
      83496   3478.958    393.834    397.256     5.9443     5.9469  33.672740  33.676498     5.9103     5.9130    34.0734    34.0749    26.8317    26.8326     1.3728     1.4202     41.780     43.221     0.7595     0.7619     0.0403    -0.0177     3.2466     0.0000     0.0000 -124.93794   40.00330      99.98          6  0.000e+00
      83497   3479.000    393.834    397.256     5.9443     5.9475  33.672926  33.676498     5.9103     5.9135    34.0736    34.0744    26.8318    26.8321     1.3728     1.4201     41.780     43.221     0.7595     0.7619     0.0403    -0.0177     3.2479     0.0000     0.0000 -124.93794   40.00330      99.98          6  0.000e+00
      86043   3585.083    296.900    299.409     6.6302     6.6215  34.170415  34.160993     6.6033     6.5946    33.9923    33.9905    26.6784    26.6782     2.4855     2.5724     75.653     78.300     0.9951     0.9853     0.0403    -0.0177     3.2454     0.0000     0.0000 -124.93802   40.00328      99.85          7  0.000e+00
      86044   3585.125    296.847    299.356     6.6320     6.6212  34.171349  34.161304     6.6051     6.5943    33.9915    33.9911    26.6776    26.6787     2.4853     2.5724     75.650     78.299     0.9951     0.9853     0.0403    -0.0177     3.2442     0.0000     0.0000 -124.93802   40.00328      99.88          7  0.000e+00
      86045   3585.167    296.754    299.262     6.6330     6.6214  34.171598  34.162985     6.6060     6.5944    33.9909    33.9929    26.6770    26.6801     2.4853     2.5723     75.647     78.297     0.9951     0.9853     0.0403    -0.0177     3.2454     0.0000     0.0000 -124.93802   40.00328      99.85          7  0.000e+00
      86046   3585.208    296.847    299.356     6.6323     6.6226  34.170664  34.164728     6.6054     6.5957    33.9905    33.9935    26.6767    26.6804     2.4853     2.5723     75.650     78.295     0.9951     0.9853     0.0403    -0.0177     3.2454     0.0000     0.0000 -124.93802   40.00328      99.85          7  0.000e+00
      86047   3585.250    296.800    299.309     6.6315     6.6230  34.169791  34.165163     6.6046     6.5960    33.9903    33.9937    26.6767    26.6805     2.4854     2.5722     75.651     78.294     0.9951     0.9853     0.0403    -0.0177     3.2454     0.0000     0.0000 -124.93802   40.00328      99.85          7  0.000e+00
      86048   3585.292    296.701    299.208     6.6309     6.6226  34.169666  34.164416     6.6040     6.5957    33.9909    33.9933    26.6772    26.6802     2.4854     2.5722     75.651     78.294     0.9951     0.9853     0.0403    -0.0177     3.2442     0.0000     0.0000 -124.93802   40.00328      99.85          7  0.000e+00
      86049   3585.333    296.747    299.255     6.6306     6.6228  34.170414  34.162985     6.6036     6.5959    33.9920    33.9915    26.6781    26.6787     2.4854     2.5722     75.651     78.295     0.9951     0.9853     0.0403    -0.0177     3.2454     0.0000     0.0000 -124.93802   40.00328      99.85          7  0.000e+00
      86050   3585.375    296.654    299.161     6.6312     6.6215  34.170850  34.161739     6.6043     6.5946    33.9919    33.9914    26.6780    26.6789     2.4853     2.5723     75.649     78.297     0.9951     0.9853     0.0403    -0.0177     3.2454     0.0000     0.0000 -124.93802   40.00328      99.85          7  0.000e+00
      86051   3585.417    296.601    299.108     6.6317     6.6214  34.171410  34.160743     6.6048     6.5945    33.9921    33.9905    26.6781    26.6782     2.4853     2.5723     75.648     78.297     0.9951     0.9853     0.0403    -0.0177     3.2466     0.0000     0.0000 -124.93802   40.00328      99.85          7  0.000e+00
      86052   3585.458    296.654    299.161     6.6323     6.6209  34.172034  34.159498     6.6054     6.5940    33.9921    33.9896    26.6780    26.6775     2.4912     2.5724     75.829     78.299     0.9963     0.9853     0.0403    -0.0177     3.2466     0.0000     0.0000 -124.93802   40.00328      99.85          7  0.000e+00
      86053   3585.500    296.554    299.061     6.6325     6.6202  34.172158  34.158378     6.6056     6.5933    33.9921    33.9890    26.6780    26.6772     2.4852     2.5789     75.646     78.498     0.9951     0.9866     0.0403    -0.0177     3.2442     0.0000     0.0000 -124.93802   40.00328      99.85          7  0.000e+00
      86054   3585.542    296.555    299.061     6.6328     6.6185  34.172158  34.157880     6.6059     6.5916    33.9918    33.9902    26.6777    26.6783     2.4912     2.5725     75.827     78.302     0.9963     0.9853     0.0403    -0.0177     3.2442     0.0000     0.0000 -124.93802   40.00328      99.85          7  0.000e+00
      86055   3585.583    296.501    299.007     6.6336     6.6163  34.172407  34.157444     6.6067     6.5895    33.9913    33.9919    26.6772    26.6799     2.4911     2.5726     75.825     78.305     0.9963     0.9853     0.0403    -0.0177     3.2466     0.0000     0.0000 -124.93802   40.00328      99.85          7  0.000e+00
      86056   3585.625    296.501    299.007     6.6343     6.6148  34.172656  34.156760     6.6074     6.5879    33.9909    33.9927    26.6768    26.6808     2.4911     2.5727     75.824     78.308     0.9963     0.9853     0.0403    -0.0177     3.2442     0.0000     0.0000 -124.93802   40.00328      99.88          7  0.000e+00
      86057   3585.667    296.455    298.960     6.6355     6.6138  34.173466  34.156573     6.6086     6.5869    33.9906    33.9935    26.6764    26.6815     2.4910     2.5727     75.822     78.309     0.9963     0.9853     0.0403    -0.0177     3.2442     0.0000     0.0000 -124.93802   40.00328      99.85          7  0.000e+00
      86058   3585.708    296.408    298.913     6.6363     6.6132  34.173715  34.156697     6.6094     6.5863    33.9901    33.9943    26.6759    26.6822     2.4909     2.5792     75.820     78.508     0.9963     0.9866     0.0403    -0.0177     3.2454     0.0000     0.0000 -124.93802   40.00328      99.85          7  0.000e+00
      86059   3585.750    296.355    298.859     6.6368     6.6125  34.173652  34.156822     6.6099     6.5856    33.9896    33.9951    26.6754    26.6830     2.4909     2.5793     75.819     78.508     0.9963     0.9866     0.0403    -0.0177     3.2454     0.0000     0.0000 -124.93802   40.00328      99.85          7  0.000e+00
      86060   3585.792    296.355    298.859     6.6360     6.6127  34.173216  34.157071     6.6091     6.5858    33.9899    33.9952    26.6758    26.6830     2.4909     2.5792     75.820     78.508     0.9963     0.9866     0.0403    -0.0177     3.2454     0.0000     0.0000 -124.93802   40.00328      99.85          7  0.000e+00
      86061   3585.833    296.355    298.859     6.6352     6.6136  34.173278  34.157631     6.6083     6.5868    33.9907    33.9948    26.6765    26.6826     2.4910     2.5792     75.821     78.506     0.9963     0.9866     0.0403    -0.0177     3.2454     0.0000     0.0000 -124.93802   40.00328      99.85          7  0.000e+00
      86062   3585.875    296.262    298.766     6.6365     6.6143  34.174773  34.158564     6.6096     6.5874    33.9912    33.9953    26.6767    26.6829     2.4908     2.5791     75.818     78.504     0.9963     0.9866     0.0403    -0.0177     3.2454     0.0000     0.0000 -124.93802   40.00328      99.85          7  0.000e+00
      86063   3585.917    296.255    298.759     6.6381     6.6144  34.176642  34.158938     6.6112     6.5876    33.9916    33.9955    26.6769    26.6831     2.4907     2.5726     75.814     78.304     0.9963     0.9853     0.0403    -0.0177     3.2454     0.0000     0.0000 -124.93802   40.00328      99.85          7  0.000e+00
      86064   3585.958    296.255    298.759     6.6397     6.6144  34.177951  34.159187     6.6128     6.5875    33.9915    33.9959    26.6765    26.6833     2.4906     2.5726     75.811     78.304     0.9963     0.9853     0.0403    -0.0177     3.2454     0.0000     0.0000 -124.93802   40.00328      99.85          7  0.000e+00
      86065   3586.000    296.156    298.658     6.6416     6.6146  34.178760  34.159684     6.6147     6.5877    33.9905    33.9963    26.6755    26.6836     2.4905     2.5790     75.807     78.501     0.9963     0.9866     0.0403    -0.0177     3.2442     0.0000     0.0000 -124.93802   40.00328      99.85          7  0.000e+00
      86066   3586.042    296.156    298.658     6.6430     6.6170  34.179632  34.161302     6.6161     6.5902    33.9901    33.9956    26.6750    26.6828     2.4904     2.5789     75.805     78.497     0.9963     0.9866     0.0403    -0.0177     3.2454     0.0000     0.0000 -124.93802   40.00328      99.85          7  0.000e+00
      86067   3586.083    296.109    298.611     6.6450     6.6235  34.181003  34.164539     6.6181     6.5966    33.9897    33.9929    26.6744    26.6798     2.4963     2.5785     75.983     78.485     0.9976     0.9866     0.0403    -0.0177     3.2466     0.0000     0.0000 -124.93802   40.00328      99.85          7  0.000e+00
      86068   3586.125    296.109    298.611     6.6463     6.6288  34.181875  34.167713     6.6194     6.6019    33.9894    33.9911    26.6740    26.6777     2.4902     2.5782     75.799     78.475     0.9963     0.9866     0.0403    -0.0177     3.2454     0.0000     0.0000 -124.93802   40.00328      99.85          7  0.000e+00
      86069   3586.167    296.063    298.564     6.6468     6.6331  34.181252  34.170514     6.6199     6.6062    33.9882    33.9899    26.6730    26.6762     2.4902     2.5779     75.798     78.467     0.9963     0.9866     0.0403    -0.0177     3.2466     0.0000     0.0000 -124.93802   40.00328      99.85          7  0.000e+00
      86070   3586.208    296.010    298.511     6.6468     6.6346  34.179881  34.172381     6.6199     6.6077    33.9868    33.9906    26.6719    26.6765     2.4962     2.5778     75.980     78.463     0.9976     0.9866     0.0403    -0.0177     3.2454     0.0000     0.0000 -124.93802   40.00328      99.85          7  0.000e+00
      86071   3586.250    296.010    298.511     6.6462     6.6368  34.178136  34.173253     6.6193     6.6100    33.9854    33.9893    26.6709    26.6752     2.4903     2.5776     75.800     78.459     0.9963     0.9866     0.0403    -0.0177     3.2442     0.0000     0.0000 -124.93802   40.00328      99.85          7  0.000e+00
      86072   3586.292    295.910    298.410     6.6436     6.6386  34.177264  34.173563     6.6167     6.6118    33.9871    33.9879    26.6726    26.6738     2.4963     2.5775     75.985     78.455     0.9976     0.9866     0.0403    -0.0177     3.2466     0.0000     0.0000 -124.93802   40.00328      99.85          7  0.000e+00
      86073   3586.333    295.910    298.410     6.6404     6.6393  34.177513  34.173439     6.6135     6.6124    33.9905    33.9871    26.6757    26.6732     2.4965     2.5775     75.989     78.454     0.9976     0.9866     0.0403    -0.0177     3.2466     0.0000     0.0000 -124.93802   40.00328      99.85          7  0.000e+00
      86074   3586.375    295.910    298.410     6.6405     6.6393  34.179196  34.173439     6.6137     6.6124    33.9922    33.9871    26.6770    26.6732     2.4964     2.5775     75.988     78.454     0.9976     0.9866     0.0403    -0.0177     3.2466     0.0000     0.0000 -124.93802   40.00328      99.85          7  0.000e+00
      86075   3586.417    295.863    298.363     6.6417     6.6384  34.179818  34.173625     6.6149     6.6116    33.9918    33.9882    26.6765    26.6741     2.5023     2.5775     76.167     78.455     0.9988     0.9866     0.0403    -0.0177     3.2454     0.0000     0.0000 -124.93802   40.00328      99.85          7  0.000e+00
      86076   3586.458    295.817    298.316     6.6436     6.6384  34.180316  34.173874     6.6167     6.6116    33.9905    33.9885    26.6753    26.6743     2.5022     2.5775     76.164     78.454     0.9988     0.9866     0.0403    -0.0177     3.2454     0.0000     0.0000 -124.93802   40.00328      99.85          7  0.000e+00
      86077   3586.500    295.764    298.263     6.6453     6.6389  34.180939  34.174185     6.6185     6.6121    33.9895    33.9884    26.6742    26.6742     2.4961     2.5774     75.979     78.453     0.9976     0.9866     0.0403    -0.0177     3.2454     0.0000     0.0000 -124.93802   40.00328      99.85          7  0.000e+00
      86078   3586.542    295.764    298.263     6.6477     6.6388  34.181998  34.174310     6.6209     6.6119    33.9883    33.9887    26.6729    26.6744     2.4960     2.5774     75.975     78.453     0.9976     0.9866     0.0403    -0.0177     3.2442     0.0000     0.0000 -124.93802   40.00328      99.85          7  0.000e+00
      86079   3586.583    295.717    298.216     6.6500     6.6381  34.183369  34.174061     6.6232     6.6113    33.9875    33.9890    26.6720    26.6748     2.5018     2.5774     76.152     78.454     0.9988     0.9866     0.0403    -0.0177     3.2454     0.0000     0.0000 -124.93802   40.00328      99.85          7  0.000e+00
      86080   3586.625    295.671    298.169     6.6506     6.6368  34.183805  34.172816     6.6238     6.6100    33.9875    33.9890    26.6719    26.6749     2.5018     2.5775     76.151     78.456     0.9988     0.9866     0.0403    -0.0177     3.2454     0.0000     0.0000 -124.93802   40.00328      99.85          7  0.000e+00
      86081   3586.667    295.664    298.162     6.6513     6.6346  34.184054  34.171073     6.6244     6.6077    33.9871    33.9893    26.6715    26.6755     2.5017     2.5777     76.149     78.460     0.9988     0.9866     0.0403    -0.0177     3.2442     0.0000     0.0000 -124.93802   40.00328      99.85          7  0.000e+00
      86082   3586.708    295.564    298.061     6.6513     6.6323  34.183929  34.170139     6.6244     6.6055    33.9870    33.9905    26.6714    26.6767     2.5017     2.5778     76.149     78.463     0.9988     0.9866     0.0403    -0.0177     3.2454     0.0000     0.0000 -124.93802   40.00328      99.85          7  0.000e+00
      86083   3586.750    295.564    298.061     6.6512     6.6302  34.184303  34.169952     6.6243     6.6034    33.9875    33.9924    26.6719    26.6785     2.5017     2.5779     76.148     78.466     0.9988     0.9866     0.0403    -0.0177     3.2454     0.0000     0.0000 -124.93802   40.00328      99.85          7  0.000e+00
      86084   3586.792    295.564    298.061     6.6506     6.6294  34.184365  34.169766     6.6238     6.6026    33.9881    33.9930    26.6724    26.6791     2.5017     2.5779     76.149     78.467     0.9988     0.9866     0.0403    -0.0177     3.2442     0.0000     0.0000 -124.93802   40.00328      99.85          7  0.000e+00
      86085   3586.833    295.518    298.014     6.6503     6.6291  34.184178  34.170139     6.6235     6.6023    33.9882    33.9937    26.6725    26.6797     2.5017     2.5844     76.149     78.665     0.9988     0.9878     0.0403    -0.0177     3.2454     0.0000     0.0000 -124.93802   40.00328      99.85          7  0.000e+00
      86086   3586.875    295.418    297.914     6.6501     6.6323  34.184178  34.171695     6.6233     6.6055    33.9885    33.9923    26.6728    26.6781     2.5017     2.5842     76.148     78.659     0.9988     0.9878     0.0403    -0.0177     3.2454     0.0000     0.0000 -124.93802   40.00328      99.85          7  0.000e+00
