West Coast/WCOA-7/CTD_Data/RB2102_CTD_030_01.ros
* Sea-Bird SBE 9 Data File:
* FileName = C:\Users\scs.user.rb\CTD\RB2102\Data\RB2102_CTD_030_01.hex
* Software Version Seasave V 7.26.7.107
* Temperature SN = 6202
* Conductivity SN = 4907
* Number of Bytes Per Scan = 41
* Number of Voltage Words = 4
* Number of Scans Averaged by the Deck Unit = 1
* NMEA Latitude = 46 07.89 N
* NMEA Longitude = 124 01.88 W
* NMEA UTC (Time) = Jul 01 2021  00:36:01
* NMEA baud rate = 4800
# nquan = 30
# nvalues = 539                                   
# units = specified
# name 0 = scan: Scan Count
# name 1 = timeS: Time, Elapsed [seconds]
# name 2 = depSM: Depth [salt water, m]
# name 3 = prDM: Pressure, Digiquartz [db]
# name 4 = t090C: Temperature [ITS-90, deg C]
# name 5 = t190C: Temperature, 2 [ITS-90, deg C]
# name 6 = c0mS/cm: Conductivity [mS/cm]
# name 7 = c1mS/cm: Conductivity, 2 [mS/cm]
# name 8 = potemp090C: Potential Temperature [ITS-90, deg C]
# name 9 = potemp190C: Potential Temperature, 2 [ITS-90, deg C]
# name 10 = sal00: Salinity, Practical [PSU]
# name 11 = sal11: Salinity, Practical, 2 [PSU]
# name 12 = sigma-é00: Density [sigma-theta, kg/m^3]
# name 13 = sigma-é11: Density, 2 [sigma-theta, kg/m^3]
# name 14 = sbeox0Mg/L: Oxygen, SBE 43 [mg/l]
# name 15 = sbeox1Mg/L: Oxygen, SBE 43, 2 [mg/l]
# name 16 = sbox0Mm/Kg: Oxygen, SBE 43 [umol/kg]
# name 17 = sbox1Mm/Kg: Oxygen, SBE 43, 2 [umol/kg]
# name 18 = sbeox0V: Oxygen raw, SBE 43 [V]
# name 19 = sbeox1V: Oxygen raw, SBE 43, 2 [V]
# name 20 = v4: Voltage 4
# name 21 = flECO-AFL: Fluorescence, WET Labs ECO-AFL/FL [mg/m^3]
# name 22 = v3: Voltage 3
# name 23 = v6: Voltage 6
# name 24 = v7: Voltage 7
# name 25 = longitude: Longitude [deg]
# name 26 = latitude: Latitude [deg]
# name 27 = altM: Altimeter [m]
# name 28 = nbf: Bottles Fired
# name 29 = flag:  0.000e+00
# interval = seconds: 0.0416667
# start_time = Jul 01 2021 00:36:01 [NMEA time, header]
# bad_flag = -9.990e-29
*END*
[from data line 436]
      25975   1082.250      3.447      3.476    16.5617    16.5611  37.125086  37.102317    16.5611    16.5605    28.6234    28.6044    20.7257    20.7113     9.6397     8.9624    295.130    274.395     2.9536     2.6227     0.0928     1.2949     3.3053     0.4017     0.0000 -124.03076   46.13134      26.01          9  0.000e+00
      25976   1082.292      3.447      3.476    16.5618    16.5610  37.132231  37.101738    16.5612    16.5605    28.6295    28.6039    20.7304    20.7110     9.6394     8.9624    295.117    274.396     2.9536     2.6227     0.0916     1.2644     3.3065     0.4017     0.0000 -124.03076   46.13134      26.01          9  0.000e+00
      25977   1082.333      3.401      3.429    16.5620    16.5609  37.136543  37.102445    16.5615    16.5604    28.6330    28.6046    20.7330    20.7115     9.6391     8.9623    295.107    274.394     2.9536     2.6227     0.0916     1.2644     3.3053     0.4017     0.0000 -124.03076   46.13134      26.01          9  0.000e+00
      25978   1082.375      3.447      3.476    16.5621    16.5611  37.135835  37.103731    16.5616    16.5605    28.6323    28.6056    20.7325    20.7122     9.6391     8.9675    295.109    274.551     2.9536     2.6239     0.0928     1.2949     3.3053     0.4017     0.0000 -124.03076   46.13134      26.01          9  0.000e+00
      25979   1082.417      3.401      3.429    16.5620    16.5608  37.138346  37.103538    16.5615    16.5603    28.6346    28.6056    20.7342    20.7123     9.6390     8.9675    295.104    274.550     2.9536     2.6239     0.0928     1.2949     3.3065     0.4017     0.0000 -124.03076   46.13134      26.06          9  0.000e+00
      26048   1085.292      3.593      3.623    16.5624    16.5585  36.995870  37.004431    16.5619    16.5579    28.5123    28.5224    20.6404    20.6490     9.7036     9.0605    297.109    277.416     2.9683     2.6447     0.0940     1.3254     3.3053     0.4029     0.0000 -124.03076   46.13134      25.42         10  0.000e+00
      26049   1085.333      3.606      3.636    16.5632    16.5613  36.992849  36.994346    16.5626    16.5608    28.5091    28.5117    20.6379    20.6402     9.7036     9.0606    297.111    277.420     2.9683     2.6447     0.0940     1.3254     3.3053     0.4029     0.0000 -124.03076   46.13134      25.42         10  0.000e+00
      26050   1085.375      3.639      3.670    16.5643    16.5626  36.988479  36.991905    16.5637    16.5621    28.5046    28.5087    20.6341    20.6376     9.6990     9.0605    296.969    277.420     2.9670     2.6447     0.0928     1.2949     3.3065     0.4029     0.0000 -124.03076   46.13134      25.42         10  0.000e+00
      26051   1085.417      3.639      3.670    16.5642    16.5614  36.988350  36.999549    16.5636    16.5608    28.5045    28.5161    20.6341    20.6436     9.6990     9.0603    296.970    277.413     2.9670     2.6447     0.0940     1.3254     3.3040     0.4029     0.0000 -124.03076   46.13134      25.40         10  0.000e+00
      26052   1085.458      3.739      3.770    16.5631    16.5598  36.990150  37.003597    16.5625    16.5592    28.5068    28.5207    20.6361    20.6474     9.6992     9.0605    296.975    277.417     2.9670     2.6447     0.0940     1.3254     3.3065     0.4029     0.0000 -124.03076   46.13134      25.37         10  0.000e+00
      26053   1085.500      3.692      3.723    16.5622    16.5601  36.992014  37.001862    16.5616    16.5595    28.5091    28.5190    20.6381    20.6461     9.6992     9.0605    296.974    277.417     2.9670     2.6447     0.0940     1.3254     3.3053     0.4029     0.0000 -124.03076   46.13134      25.35         10  0.000e+00
      26054   1085.542      3.792      3.823    16.5618    16.5601  36.992336  36.999357    16.5612    16.5595    28.5096    28.5168    20.6386    20.6445     9.6946     9.0607    296.833    277.424     2.9658     2.6447     0.0928     1.2949     3.3053     0.4029     0.0000 -124.03076   46.13134      25.35         10  0.000e+00
      26055   1085.583      3.792      3.823    16.5609    16.5613  36.996449  36.994154    16.5603    16.5607    28.5138    28.5115    20.6419    20.6401     9.6945     9.0659    296.830    277.585     2.9658     2.6459     0.0940     1.3254     3.3040     0.4029     0.0000 -124.03076   46.13134      25.37         10  0.000e+00
      26056   1085.625      3.752      3.783    16.5596    16.5633  37.003391  36.987217    16.5591    16.5627    28.5206    28.5042    20.6474    20.6340     9.6943     9.0608    296.822    277.428     2.9658     2.6447     0.0940     1.3254     3.3065     0.4029     0.0000 -124.03076   46.13134      25.37         10  0.000e+00
      26057   1085.667      3.838      3.870    16.5581    16.5648  37.006541  36.983685    16.5576    16.5642    28.5243    28.5000    20.6506    20.6305     9.6897     9.0608    296.680    277.430     2.9646     2.6447     0.0928     1.2949     3.3053     0.4017     0.0000 -124.03076   46.13134      25.35         10  0.000e+00
      26058   1085.708      3.884      3.917    16.5574    16.5653  37.005192  36.983685    16.5568    16.5647    28.5237    28.4997    20.6503    20.6302     9.6899     9.0608    296.687    277.430     2.9646     2.6447     0.0916     1.2644     3.3065     0.4017     0.0000 -124.03076   46.13134      25.32         10  0.000e+00
      26059   1085.750      3.838      3.870    16.5573    16.5657  37.004420  36.983364    16.5567    16.5651    28.5231    28.4991    20.6499    20.6296     9.6899     9.0607    296.687    277.427     2.9646     2.6447     0.0904     1.2339     3.3065     0.4029     0.0000 -124.03076   46.13134      25.32         10  0.000e+00
      26060   1085.792      3.937      3.970    16.5572    16.5660  37.004292  36.982465    16.5566    16.5654    28.5230    28.4981    20.6498    20.6288     9.6900     9.0608    296.692    277.431     2.9646     2.6447     0.0904     1.2339     3.3065     0.4029     0.0000 -124.03076   46.13134      25.32         10  0.000e+00
      26061   1085.833      3.884      3.917    16.5580    16.5660  37.001335  36.982722    16.5574    16.5654    28.5200    28.4984    20.6473    20.6290     9.6852     9.0607    296.545    277.428     2.9634     2.6447     0.0916     1.2644     3.3065     0.4017     0.0000 -124.03076   46.13134      25.32         10  0.000e+00
      26062   1085.875      3.937      3.970    16.5584    16.5664  36.998443  36.982657    16.5578    16.5658    28.5172    28.4980    20.6451    20.6286     9.6854     9.0607    296.550    277.429     2.9634     2.6447     0.0916     1.2644     3.3053     0.4017     0.0000 -124.03076   46.13134      25.32         10  0.000e+00
      26063   1085.917      3.951      3.983    16.5592    16.5662  36.996836  36.983043    16.5586    16.5656    28.5153    28.4985    20.6434    20.6290     9.6854     9.0608    296.550    277.429     2.9634     2.6447     0.0916     1.2644     3.3065     0.4017     0.0000 -124.03076   46.13134      25.32         10  0.000e+00
      26064   1085.958      3.984      4.017    16.5598    16.5652  36.995743  36.985933    16.5592    16.5645    28.5138    28.5017    20.6422    20.6317     9.6806     9.0556    296.404    277.272     2.9621     2.6435     0.0916     1.2644     3.3053     0.4029     0.0000 -124.03076   46.13134      25.32         10  0.000e+00
      26065   1086.000      3.984      4.017    16.5603    16.5639  36.994522  36.994411    16.5597    16.5633    28.5125    28.5098    20.6411    20.6382     9.6806     9.0554    296.404    277.264     2.9621     2.6435     0.0916     1.2644     3.3065     0.4017     0.0000 -124.03076   46.13134      25.32         10  0.000e+00
      26066   1086.042      3.984      4.017    16.5607    16.5626  36.995936  37.003276    16.5601    16.5620    28.5134    28.5183    20.6417    20.6450     9.6804     9.0552    296.400    277.255     2.9621     2.6435     0.0916     1.2644     3.3053     0.4017     0.0000 -124.03076   46.13134      25.32         10  0.000e+00
      26067   1086.083      3.984      4.017    16.5611    16.5624  36.999599  37.005139    16.5605    16.5618    28.5162    28.5201    20.6438    20.6464     9.6802     9.0552    296.392    277.253     2.9621     2.6435     0.0904     1.2339     3.3053     0.4017     0.0000 -124.03076   46.13134      25.32         10  0.000e+00
      26068   1086.125      4.037      4.070    16.5606    16.5624  37.001271  37.000899    16.5599    16.5618    28.5181    28.5164    20.6453    20.6436     9.6803     9.0554    296.394    277.262     2.9621     2.6435     0.0904     1.2339     3.3053     0.4017     0.0000 -124.03076   46.13134      25.32         10  0.000e+00
      26069   1086.167      4.050      4.083    16.5600    16.5630  36.999664  36.993898    16.5593    16.5623    28.5171    28.5100    20.6447    20.6386     9.6805     9.0505    296.399    277.113     2.9621     2.6422     0.0916     1.2644     3.3053     0.4029     0.0000 -124.03076   46.13134      25.30         10  0.000e+00
      26070   1086.208      4.037      4.070    16.5597    16.5635  36.999857  36.990044    16.5591    16.5628    28.5175    28.5064    20.6450    20.6357     9.6805     9.0558    296.400    277.275     2.9621     2.6435     0.0916     1.2644     3.3065     0.4029     0.0000 -124.03076   46.13134      25.27         10  0.000e+00
      26071   1086.250      4.083      4.117    16.5593    16.5632  37.001785  36.989145    16.5587    16.5626    28.5193    28.5058    20.6465    20.6353     9.6805     9.0507    296.400    277.121     2.9621     2.6422     0.0904     1.2339     3.3065     0.4029     0.0000 -124.03076   46.13134      25.27         10  0.000e+00
      26072   1086.292      4.083      4.117    16.5594    16.5631  37.003907  36.988824    16.5588    16.5625    28.5211    28.5056    20.6479    20.6351     9.6804     9.0508    296.396    277.122     2.9621     2.6422     0.0916     1.2644     3.3053     0.4017     0.0000 -124.03076   46.13134      25.27         10  0.000e+00
      26073   1086.333      4.083      4.117    16.5595    16.5638  37.003585  36.986255    16.5589    16.5632    28.5208    28.5029    20.6476    20.6329     9.6756     9.0456    296.250    276.965     2.9609     2.6410     0.0904     1.2339     3.3065     0.4017     0.0000 -124.03076   46.13134      25.27         10  0.000e+00
      26074   1086.375      4.083      4.117    16.5600    16.5653  37.002878  36.983300    16.5593    16.5646    28.5198    28.4993    20.6468    20.6299     9.6756     9.0455    296.249    276.963     2.9609     2.6410     0.0916     1.2644     3.3053     0.4017     0.0000 -124.03076   46.13134      25.30         10  0.000e+00
      26075   1086.417      4.083      4.117    16.5601    16.5664  37.002942  36.981823    16.5594    16.5657    28.5198    28.4973    20.6468    20.6281     9.6708     9.0454    296.102    276.961     2.9597     2.6410     0.0904     1.2339     3.3065     0.4017     0.0000 -124.03076   46.13134      25.27         10  0.000e+00
      26076   1086.458      4.096      4.130    16.5601    16.5669  37.002043  36.981566    16.5595    16.5662    28.5190    28.4967    20.6461    20.6275     9.6708     9.0454    296.104    276.959     2.9597     2.6410     0.0916     1.2644     3.3053     0.4017     0.0000 -124.03076   46.13134      25.27         10  0.000e+00
      26077   1086.500      4.129      4.164    16.5598    16.5668  37.002685  36.981759    16.5592    16.5662    28.5197    28.4969    20.6467    20.6277     9.6756     9.0454    296.251    276.960     2.9609     2.6410     0.0916     1.2644     3.3053     0.4017     0.0000 -124.03076   46.13134      25.27         10  0.000e+00
      26078   1086.542      4.129      4.164    16.5601    16.5665  37.002814  36.982401    16.5595    16.5659    28.5196    28.4976    20.6466    20.6283     9.6708     9.0454    296.104    276.961     2.9597     2.6410     0.0916     1.2644     3.3053     0.4017     0.0000 -124.03076   46.13134      25.27         10  0.000e+00
      26079   1086.583      4.129      4.164    16.5597    16.5662  37.002750  36.983043    16.5590    16.5656    28.5199    28.4984    20.6469    20.6290     9.6709     9.0403    296.106    276.803     2.9597     2.6398     0.0904     1.2339     3.3053     0.4017     0.0000 -124.03076   46.13134      25.27         10  0.000e+00
      26080   1086.625      4.083      4.117    16.5597    16.5658  37.003392  36.984199    16.5590    16.5652    28.5205    28.4997    20.6473    20.6301     9.6613     9.0402    295.811    276.801     2.9573     2.6398     0.0904     1.2339     3.3040     0.4017     0.0000 -124.03076   46.13134      25.27         10  0.000e+00
      26081   1086.667      4.129      4.164    16.5593    16.5652  37.003971  36.985484    16.5586    16.5645    28.5213    28.5012    20.6480    20.6314     9.6661     9.0403    295.959    276.803     2.9585     2.6398     0.0916     1.2644     3.3053     0.4017     0.0000 -124.03076   46.13134      25.32         10  0.000e+00
      26082   1086.708      4.143      4.177    16.5592    16.5648  37.005192  36.985548    16.5585    16.5642    28.5224    28.5015    20.6489    20.6317     9.6661     9.0404    295.958    276.805     2.9585     2.6398     0.0904     1.2339     3.3065     0.4017     0.0000 -124.03076   46.13134      25.37         10  0.000e+00
      26083   1086.750      4.083      4.117    16.5593    16.5645  37.005385  36.985227    16.5586    16.5638    28.5225    28.5015    20.6490    20.6317     9.6612     9.0404    295.809    276.805     2.9573     2.6398     0.0904     1.2339     3.3065     0.4017     0.0000 -124.03076   46.13134      25.35         10  0.000e+00
      26084   1086.792      4.129      4.164    16.5593    16.5644  37.004035  36.985356    16.5587    16.5638    28.5212    28.5016    20.6480    20.6318     9.6661     9.0353    295.959    276.649     2.9585     2.6386     0.0904     1.2339     3.3053     0.4029     0.0000 -124.03076   46.13136      25.35         10  0.000e+00
      26085   1086.833      4.083      4.117    16.5598    16.5643  37.001978  36.985677    16.5592    16.5637    28.5192    28.5020    20.6463    20.6322     9.6661     9.0352    295.959    276.647     2.9585     2.6386     0.0916     1.2644     3.3040     0.4017     0.0000 -124.03076   46.13136      25.35         10  0.000e+00
      26086   1086.875      4.129      4.164    16.5604    16.5640  36.998893  36.985998    16.5597    16.5633    28.5161    28.5025    20.6438    20.6326     9.6614     9.0353    295.817    276.650     2.9573     2.6386     0.0904     1.2339     3.3053     0.4017     0.0000 -124.03076   46.13136      25.35         10  0.000e+00
      26087   1086.917      4.083      4.117    16.5605    16.5639  36.998122  36.986319    16.5598    16.5633    28.5154    28.5028    20.6433    20.6329     9.6614     9.0353    295.816    276.648     2.9573     2.6386     0.0916     1.2644     3.3065     0.4017     0.0000 -124.03076   46.13136      25.40         10  0.000e+00
      26088   1086.958      4.083      4.117    16.5602    16.5638  36.998571  36.986961    16.5596    16.5632    28.5160    28.5035    20.6438    20.6334     9.6614     9.0352    295.817    276.647     2.9573     2.6386     0.0916     1.2644     3.3053     0.4029     0.0000 -124.03076   46.13136      25.40         10  0.000e+00
      26089   1087.000      4.096      4.130    16.5601    16.5638  36.998057  36.987604    16.5594    16.5632    28.5156    28.5040    20.6435    20.6338     9.6615     9.0352    295.819    276.647     2.9573     2.6386     0.0916     1.2644     3.3053     0.4029     0.0000 -124.03076   46.13136      25.42         10  0.000e+00
