West Coast/WCOA-7/CTD_Data/RB2102_CTD_052_01.ros
* Sea-Bird SBE 9 Data File:
* FileName = C:\Users\scs.user.rb\CTD\RB2102\Data\RB2102_CTD_052_01.hex
* Software Version Seasave V 7.26.7.107
* Temperature SN = 6202
* Conductivity SN = 4907
* Number of Bytes Per Scan = 41
* Number of Voltage Words = 4
* Number of Scans Averaged by the Deck Unit = 1
* NMEA Latitude = 44 39.10 N
* NMEA Longitude = 124 06.06 W
* NMEA UTC (Time) = Jul 04 2021  13:29:35
* NMEA baud rate = 4800
# nquan = 30
# nvalues = 441                                   
# units = specified
# name 0 = scan: Scan Count
# name 1 = timeS: Time, Elapsed [seconds]
# name 2 = depSM: Depth [salt water, m]
# name 3 = prDM: Pressure, Digiquartz [db]
# name 4 = t090C: Temperature [ITS-90, deg C]
# name 5 = t190C: Temperature, 2 [ITS-90, deg C]
# name 6 = c0mS/cm: Conductivity [mS/cm]
# name 7 = c1mS/cm: Conductivity, 2 [mS/cm]
# name 8 = potemp090C: Potential Temperature [ITS-90, deg C]
# name 9 = potemp190C: Potential Temperature, 2 [ITS-90, deg C]
# name 10 = sal00: Salinity, Practical [PSU]
# name 11 = sal11: Salinity, Practical, 2 [PSU]
# name 12 = sigma-é00: Density [sigma-theta, kg/m^3]
# name 13 = sigma-é11: Density, 2 [sigma-theta, kg/m^3]
# name 14 = sbeox0Mg/L: Oxygen, SBE 43 [mg/l]
# name 15 = sbeox1Mg/L: Oxygen, SBE 43, 2 [mg/l]
# name 16 = sbox0Mm/Kg: Oxygen, SBE 43 [umol/kg]
# name 17 = sbox1Mm/Kg: Oxygen, SBE 43, 2 [umol/kg]
# name 18 = sbeox0V: Oxygen raw, SBE 43 [V]
# name 19 = sbeox1V: Oxygen raw, SBE 43, 2 [V]
# name 20 = v4: Voltage 4
# name 21 = flECO-AFL: Fluorescence, WET Labs ECO-AFL/FL [mg/m^3]
# name 22 = v3: Voltage 3
# name 23 = v6: Voltage 6
# name 24 = v7: Voltage 7
# name 25 = longitude: Longitude [deg]
# name 26 = latitude: Latitude [deg]
# name 27 = altM: Altimeter [m]
# name 28 = nbf: Bottles Fired
# name 29 = flag:  0.000e+00
# interval = seconds: 0.0416667
# start_time = Jul 04 2021 13:29:35 [NMEA time, header]
# bad_flag = -9.990e-29
*END*
[from data line 97]
      16732    697.125     25.075     25.281     8.9929     9.0050  35.828389  35.838703     8.9902     9.0024    33.6154    33.6147    26.0355    26.0330     3.6863     3.8743    112.276    118.003     1.3114     1.2991     0.0965     1.3865     3.3541     0.0000     0.0000 -124.10116   44.65168       5.01          2  0.000e+00
      16989    707.833     24.731     24.934     9.0076     9.0411  35.838034  35.857411     9.0050     9.0384    33.6117    33.6003    26.0303    26.0160     3.7123     3.8474    113.067    117.183     1.3175     1.2943     0.0916     1.2644     3.3516     0.0000     0.0000 -124.10116   44.65168       5.54          3  0.000e+00
      16990    707.875     24.684     24.887     9.0077     9.0417  35.838351  35.858109     9.0051     9.0391    33.6119    33.6004    26.0304    26.0160     3.7122     3.8473    113.066    117.181     1.3175     1.2943     0.0916     1.2644     3.3529     0.0000     0.0000 -124.10116   44.65168       5.54          3  0.000e+00
      16991    707.917     24.783     24.987     9.0078     9.0425  35.838542  35.858744     9.0051     9.0399    33.6120    33.6002    26.0305    26.0158     3.7123     3.8473    113.067    117.180     1.3175     1.2943     0.0916     1.2644     3.3529     0.0000     0.0000 -124.10116   44.65168       5.54          3  0.000e+00
      16992    707.958     24.731     24.934     9.0076     9.0422  35.838542  35.858680     9.0050     9.0395    33.6122    33.6005    26.0307    26.0161     3.7123     3.8473    113.066    117.180     1.3175     1.2943     0.0928     1.2949     3.3529     0.0000     0.0000 -124.10116   44.65168       5.54          3  0.000e+00
      16993    708.000     24.684     24.887     9.0078     9.0421  35.838542  35.858616     9.0052     9.0395    33.6121    33.6006    26.0305    26.0161     3.7122     3.8472    113.065    117.180     1.3175     1.2943     0.0916     1.2644     3.3529     0.0000     0.0000 -124.10116   44.65168       5.57          3  0.000e+00
      16994    708.042     24.684     24.887     9.0079     9.0420  35.838542  35.858363     9.0053     9.0394    33.6119    33.6003    26.0304    26.0159     3.7068     3.8473    112.899    117.180     1.3162     1.2943     0.0916     1.2644     3.3529     0.0000     0.0000 -124.10116   44.65168       5.59          3  0.000e+00
      16995    708.083     24.731     24.934     9.0081     9.0419  35.838288  35.858046     9.0054     9.0392    33.6115    33.6002    26.0301    26.0158     3.7122     3.8473    113.066    117.181     1.3175     1.2943     0.0916     1.2644     3.3529     0.0000     0.0000 -124.10116   44.65168       5.62          3  0.000e+00
      16996    708.125     24.684     24.887     9.0086     9.0414  35.839176  35.857982     9.0059     9.0388    33.6120    33.6006    26.0303    26.0162     3.7067     3.8473    112.897    117.182     1.3162     1.2943     0.0928     1.2949     3.3529     0.0000     0.0000 -124.10116   44.65168       5.59          3  0.000e+00
      16997    708.167     24.684     24.887     9.0086     9.0409  35.838986  35.857474     9.0059     9.0382    33.6118    33.6005    26.0302    26.0163     3.7067     3.8474    112.897    117.183     1.3162     1.2943     0.0989     1.4475     3.3516     0.0000     0.0000 -124.10116   44.65168       5.62          3  0.000e+00
      16998    708.208     24.684     24.887     9.0091     9.0402  35.839557  35.856586     9.0065     9.0376    33.6119    33.6002    26.0302    26.0161     3.7067     3.8474    112.896    117.185     1.3162     1.2943     0.1001     1.4781     3.3516     0.0000     0.0000 -124.10116   44.65168       5.62          3  0.000e+00
      16999    708.250     24.684     24.887     9.0092     9.0389  35.839303  35.856396     9.0066     9.0363    33.6115    33.6012    26.0299    26.0171     3.7067     3.8475    112.896    117.188     1.3162     1.2943     0.1013     1.5086     3.3529     0.0000     0.0000 -124.10116   44.65168       5.64          3  0.000e+00
      17000    708.292     24.638     24.840     9.0094     9.0380  35.839620  35.855889     9.0068     9.0353    33.6117    33.6016    26.0300    26.0176     3.7066     3.8476    112.895    117.190     1.3162     1.2943     0.1001     1.4781     3.3529     0.0000     0.0000 -124.10116   44.65168       5.67          3  0.000e+00
      17001    708.333     24.638     24.840     9.0095     9.0371  35.839811  35.855000     9.0069     9.0344    33.6117    33.6016    26.0300    26.0177     3.7066     3.8477    112.894    117.192     1.3162     1.2943     0.1001     1.4781     3.3516     0.0000     0.0000 -124.10116   44.65168       5.67          3  0.000e+00
      17002    708.375     24.638     24.840     9.0101     9.0364  35.839557  35.855254     9.0074     9.0338    33.6110    33.6024    26.0293    26.0184     3.7066     3.8418    112.893    117.012     1.3162     1.2930     0.1001     1.4781     3.3529     0.0000     0.0000 -124.10116   44.65168       5.67          3  0.000e+00
      17003    708.417     24.638     24.840     9.0102     9.0358  35.839938  35.855445     9.0076     9.0332    33.6113    33.6032    26.0295    26.0192     3.7066     3.8477    112.893    117.194     1.3162     1.2943     0.1001     1.4781     3.3516     0.0000     0.0000 -124.10116   44.65168       5.67          3  0.000e+00
      17004    708.458     24.638     24.840     9.0104     9.0356  35.840318  35.855635     9.0078     9.0330    33.6115    33.6036    26.0297    26.0195     3.7011     3.8477    112.726    117.195     1.3150     1.2943     0.1001     1.4781     3.3529     0.0000     0.0000 -124.10116   44.65168       5.67          3  0.000e+00
      17005    708.500     24.585     24.787     9.0110     9.0360  35.840191  35.856460     9.0084     9.0334    33.6108    33.6041    26.0290    26.0199     3.7010     3.8477    112.724    117.192     1.3150     1.2943     0.1001     1.4781     3.3516     0.0000     0.0000 -124.10116   44.65168       5.69          3  0.000e+00
      17006    708.542     24.638     24.840     9.0114     9.0366  35.840572  35.856713     9.0087     9.0340    33.6108    33.6038    26.0290    26.0195     3.7010     3.8477    112.724    117.192     1.3150     1.2943     0.1001     1.4781     3.3516     0.0000     0.0000 -124.10116   44.65168       5.71          3  0.000e+00
      17007    708.583     24.539     24.740     9.0114     9.0374  35.840001  35.856903     9.0087     9.0348    33.6103    33.6032    26.0286    26.0189     3.7010     3.8475    112.723    117.188     1.3150     1.2943     0.1001     1.4781     3.3529     0.0000     0.0000 -124.10116   44.65168       5.71          3  0.000e+00
      17008    708.625     24.585     24.787     9.0112     9.0374  35.840509  35.855825     9.0086     9.0348    33.6110    33.6021    26.0291    26.0180     3.7010     3.8476    112.724    117.190     1.3150     1.2943     0.1001     1.4781     3.3529     0.0000     0.0000 -124.10116   44.65168       5.71          3  0.000e+00
      17009    708.667     24.539     24.740     9.0112     9.0359  35.840762  35.855635     9.0086     9.0333    33.6112    33.6034    26.0294    26.0193     3.7010     3.8477    112.723    117.193     1.3150     1.2943     0.1001     1.4781     3.3529     0.0000     0.0000 -124.10116   44.65168       5.71          3  0.000e+00
      17010    708.708     24.585     24.787     9.0118     9.0351  35.840953  35.855064     9.0092     9.0325    33.6108    33.6035    26.0289    26.0195     3.7009     3.8478    112.722    117.195     1.3150     1.2943     0.1001     1.4781     3.3516     0.0000     0.0000 -124.10116   44.65168       5.71          3  0.000e+00
      17011    708.750     24.539     24.740     9.0127     9.0353  35.841270  35.854556     9.0100     9.0327    33.6104    33.6028    26.0284    26.0189     3.7009     3.8418    112.719    117.014     1.3150     1.2930     0.1001     1.4781     3.3529     0.0000     0.0000 -124.10116   44.65168       5.74          3  0.000e+00
      17012    708.792     24.539     24.740     9.0127     9.0355  35.842349  35.853732     9.0100     9.0328    33.6115    33.6018    26.0293    26.0181     3.7008     3.8418    112.719    117.014     1.3150     1.2930     0.1001     1.4781     3.3529     0.0000     0.0000 -124.10116   44.65168       5.76          3  0.000e+00
      17013    708.833     24.539     24.740     9.0130     9.0343  35.842666  35.854239     9.0104     9.0317    33.6115    33.6034    26.0293    26.0196     3.7008     3.8419    112.718    117.016     1.3150     1.2930     0.1001     1.4781     3.3529     0.0000     0.0000 -124.10116   44.65168       5.76          3  0.000e+00
      17014    708.875     24.539     24.740     9.0138     9.0340  35.842666  35.854683     9.0112     9.0314    33.6108    33.6042    26.0286    26.0202     3.6953     3.8419    112.550    117.016     1.3138     1.2930     0.1001     1.4781     3.3529     0.0000     0.0000 -124.10116   44.65168       5.76          3  0.000e+00
      17015    708.917     24.492     24.693     9.0141     9.0348  35.842412  35.855000     9.0115     9.0322    33.6102    33.6038    26.0280    26.0198     3.6953     3.8418    112.549    117.014     1.3138     1.2930     0.1001     1.4781     3.3516     0.0000     0.0000 -124.10116   44.65168       5.76          3  0.000e+00
      17016    708.958     24.539     24.740     9.0146     9.0351  35.842793  35.855318     9.0120     9.0325    33.6101    33.6038    26.0279    26.0197     3.6952     3.8418    112.548    117.013     1.3138     1.2930     0.1001     1.4781     3.3516     0.0000     0.0000 -124.10116   44.65168       5.76          3  0.000e+00
      17017    709.000     24.492     24.693     9.0155     9.0343  35.843745  35.855635     9.0129     9.0317    33.6103    33.6049    26.0279    26.0207     3.6951     3.8418    112.545    117.014     1.3138     1.2930     0.1001     1.4781     3.3529     0.0000     0.0000 -124.10116   44.65168       5.81          3  0.000e+00
      17018    709.042     24.486     24.687     9.0154     9.0330  35.843428  35.855952     9.0128     9.0304    33.6100    33.6065    26.0277    26.0222     3.6951     3.8419    112.546    117.016     1.3138     1.2930     0.1013     1.5086     3.3516     0.0000     0.0000 -124.10116   44.65168       5.81          3  0.000e+00
      17019    709.083     24.492     24.693     9.0154     9.0325  35.843047  35.856079     9.0128     9.0299    33.6097    33.6070    26.0274    26.0227     3.6952     3.8419    112.546    117.017     1.3138     1.2930     0.1001     1.4781     3.3516     0.0000     0.0000 -124.10116   44.65168       5.84          3  0.000e+00
      17020    709.125     24.492     24.693     9.0151     9.0327  35.842729  35.856269     9.0125     9.0301    33.6096    33.6071    26.0274    26.0227     3.6952     3.8479    112.547    117.198     1.3138     1.2943     0.1001     1.4781     3.3516     0.0000     0.0000 -124.10116   44.65168       5.81          3  0.000e+00
      17021    709.167     24.439     24.640     9.0151     9.0325  35.842856  35.856206     9.0125     9.0299    33.6097    33.6072    26.0276    26.0228     3.6952     3.8419    112.546    117.016     1.3138     1.2930     0.1001     1.4781     3.3529     0.0000     0.0000 -124.10116   44.65168       5.81          3  0.000e+00
      17022    709.208     24.492     24.693     9.0149     9.0330  35.842729  35.855571     9.0123     9.0304    33.6098    33.6061    26.0276    26.0218     3.6952     3.8419    112.547    117.017     1.3138     1.2930     0.1001     1.4781     3.3529     0.0000     0.0000 -124.10116   44.65168       5.84          3  0.000e+00
      17023    709.250     24.439     24.640     9.0146     9.0340  35.842412  35.855444     9.0120     9.0314    33.6098    33.6050    26.0276    26.0209     3.6952     3.8418    112.547    117.014     1.3138     1.2930     0.0940     1.3254     3.3529     0.0000     0.0000 -124.10116   44.65168       5.86          3  0.000e+00
      17024    709.292     24.439     24.640     9.0149     9.0351  35.842539  35.854492     9.0123     9.0325    33.6096    33.6030    26.0275    26.0191     3.6952     3.8477    112.547    117.193     1.3138     1.2943     0.0904     1.2339     3.3516     0.0000     0.0000 -124.10116   44.65168       5.86          3  0.000e+00
      17025    709.333     24.393     24.593     9.0145     9.0361  35.842158  35.853667     9.0119     9.0335    33.6097    33.6012    26.0276    26.0175     3.6897     3.8417    112.381    117.010     1.3126     1.2930     0.0904     1.2339     3.3516     0.0000     0.0000 -124.10116   44.65168       5.86          3  0.000e+00
      17026    709.375     24.439     24.640     9.0138     9.0366  35.842031  35.854936     9.0112     9.0340    33.6101    33.6020    26.0280    26.0181     3.6898     3.8476    112.383    117.190     1.3126     1.2943     0.0904     1.2339     3.3516     0.0000     0.0000 -124.10116   44.65168       5.86          3  0.000e+00
      17027    709.417     24.393     24.593     9.0136     9.0371  35.841269  35.854936     9.0110     9.0345    33.6096    33.6016    26.0276    26.0177     3.6898     3.8416    112.383    117.007     1.3126     1.2930     0.0904     1.2339     3.3541     0.0000     0.0000 -124.10116   44.65168       5.86          3  0.000e+00
      17028    709.458     24.393     24.593     9.0130     9.0371  35.841269  35.854809     9.0104     9.0345    33.6101    33.6014    26.0282    26.0176     3.6899     3.8475    112.384    117.189     1.3126     1.2943     0.0904     1.2339     3.3529     0.0000     0.0000 -124.10116   44.65168       5.86          3  0.000e+00
      17029    709.500     24.393     24.593     9.0127     9.0364  35.841587  35.855000     9.0101     9.0338    33.6108    33.6023    26.0287    26.0183     3.6899     3.8476    112.385    117.190     1.3126     1.2943     0.0904     1.2339     3.3516     0.0000     0.0000 -124.10116   44.65168       5.89          3  0.000e+00
      17030    709.542     24.393     24.593     9.0123     9.0360  35.841714  35.854873     9.0097     9.0334    33.6112    33.6026    26.0291    26.0186     3.6899     3.8476    112.385    117.191     1.3126     1.2943     0.0904     1.2339     3.3516     0.0000     0.0000 -124.10116   44.65168       5.89          3  0.000e+00
      17031    709.583     24.340     24.540     9.0125     9.0356  35.841460  35.855000     9.0099     9.0331    33.6108    33.6030    26.0288    26.0191     3.6899     3.8476    112.384    117.190     1.3126     1.2943     0.0904     1.2339     3.3516     0.0000     0.0000 -124.10116   44.65168       5.89          3  0.000e+00
      17032    709.625     24.340     24.540     9.0127     9.0353  35.841841  35.855380     9.0101     9.0327    33.6111    33.6037    26.0290    26.0197     3.6898     3.8476    112.384    117.191     1.3126     1.2943     0.0904     1.2339     3.3516     0.0000     0.0000 -124.10116   44.65168       5.89          3  0.000e+00
      17033    709.667     24.393     24.593     9.0128     9.0356  35.842031  35.855888     9.0102     9.0330    33.6111    33.6039    26.0290    26.0198     3.6844     3.8476    112.218    117.191     1.3114     1.2943     0.0904     1.2339     3.3516     0.0000     0.0000 -124.10116   44.65168       5.89          3  0.000e+00
      17034    709.708     24.340     24.540     9.0133     9.0351  35.842031  35.855127     9.0107     9.0325    33.6106    33.6037    26.0285    26.0196     3.6843     3.8536    112.216    117.372     1.3114     1.2955     0.0904     1.2339     3.3516     0.0000     0.0000 -124.10116   44.65168       5.89          3  0.000e+00
      17035    709.750     24.340     24.540     9.0131     9.0348  35.842031  35.854809     9.0105     9.0322    33.6108    33.6037    26.0287    26.0197     3.6898     3.8477    112.383    117.192     1.3126     1.2943     0.0904     1.2339     3.3516     0.0000     0.0000 -124.10116   44.65168       5.89          3  0.000e+00
