West Coast/WCOA-7/CTD_Data/RB2102_CTD_124_01.ros
* Sea-Bird SBE 9 Data File:
* FileName = C:\Users\scs.user.rb\CTD\RB2102\Data\RB2102_CTD_124_01.hex
* Software Version Seasave V 7.26.7.107
* Temperature SN = 6202
* Conductivity SN = 4907
* Number of Bytes Per Scan = 41
* Number of Voltage Words = 4
* Number of Scans Averaged by the Deck Unit = 1
* NMEA Latitude = 33 29.08 N
* NMEA Longitude = 117 46.04 W
* NMEA UTC (Time) = Jul 20 2021  07:55:02
* NMEA baud rate = 4800
# nquan = 30
# nvalues = 882                                   
# units = specified
# name 0 = scan: Scan Count
# name 1 = timeS: Time, Elapsed [seconds]
# name 2 = depSM: Depth [salt water, m]
# name 3 = prDM: Pressure, Digiquartz [db]
# name 4 = t090C: Temperature [ITS-90, deg C]
# name 5 = t190C: Temperature, 2 [ITS-90, deg C]
# name 6 = c0mS/cm: Conductivity [mS/cm]
# name 7 = c1mS/cm: Conductivity, 2 [mS/cm]
# name 8 = potemp090C: Potential Temperature [ITS-90, deg C]
# name 9 = potemp190C: Potential Temperature, 2 [ITS-90, deg C]
# name 10 = sal00: Salinity, Practical [PSU]
# name 11 = sal11: Salinity, Practical, 2 [PSU]
# name 12 = sigma-é00: Density [sigma-theta, kg/m^3]
# name 13 = sigma-é11: Density, 2 [sigma-theta, kg/m^3]
# name 14 = sbeox0Mg/L: Oxygen, SBE 43 [mg/l]
# name 15 = sbeox1Mg/L: Oxygen, SBE 43, 2 [mg/l]
# name 16 = sbox0Mm/Kg: Oxygen, SBE 43 [umol/kg]
# name 17 = sbox1Mm/Kg: Oxygen, SBE 43, 2 [umol/kg]
# name 18 = sbeox0V: Oxygen raw, SBE 43 [V]
# name 19 = sbeox1V: Oxygen raw, SBE 43, 2 [V]
# name 20 = v4: Voltage 4
# name 21 = flECO-AFL: Fluorescence, WET Labs ECO-AFL/FL [mg/m^3]
# name 22 = v3: Voltage 3
# name 23 = v6: Voltage 6
# name 24 = v7: Voltage 7
# name 25 = longitude: Longitude [deg]
# name 26 = latitude: Latitude [deg]
# name 27 = altM: Altimeter [m]
# name 28 = nbf: Bottles Fired
# name 29 = flag:  0.000e+00
# interval = seconds: 0.0416667
# start_time = Jul 20 2021 07:55:02 [NMEA time, header]
# bad_flag = -9.990e-29
*END*
      13702    570.875     53.297     53.685    10.9092    10.9088  37.632184  37.632630    10.9028    10.9024    33.6554    33.6562    25.7458    25.7465     5.0922     4.7708    155.139    145.348     1.6728     1.5250     0.0513     0.2571     3.1514     0.0000     0.1331 -117.76764   33.48432      11.06          1  0.000e+00
      13703    570.917     53.324     53.711    10.9096    10.9089  37.632184  37.633083    10.9031    10.9025    33.6550    33.6565    25.7455    25.7467     5.0922     4.7708    155.139    145.348     1.6728     1.5250     0.0525     0.2876     3.1514     0.0000     0.1343 -117.76764   33.48432      11.06          1  0.000e+00
      13704    570.958     53.251     53.638    10.9095    10.9090  37.632184  37.632760    10.9031    10.9025    33.6551    33.6562    25.7456    25.7465     5.0921     4.7708    155.137    145.346     1.6728     1.5250     0.0525     0.2876     3.1514     0.0000     0.1355 -117.76764   33.48432      11.06          1  0.000e+00
      13705    571.000     53.469     53.858    10.9096    10.9093  37.632443  37.633084    10.9031    10.9028    33.6552    33.6561    25.7456    25.7464     5.0975     4.7709    155.301    145.350     1.6740     1.5250     0.0513     0.2571     3.1526     0.0000     0.1368 -117.76764   33.48432      11.06          1  0.000e+00
      13706    571.042     53.324     53.711    10.9094    10.9094  37.632249  37.633018    10.9030    10.9030    33.6552    33.6560    25.7457    25.7462     5.0974     4.7765    155.299    145.520     1.6740     1.5263     0.0525     0.2876     3.1514     0.0000     0.1368 -117.76764   33.48432      11.06          1  0.000e+00
      13707    571.083     53.297     53.685    10.9092    10.9095  37.631925  37.633148    10.9028    10.9030    33.6551    33.6561    25.7456    25.7463     5.0922     4.7707    155.139    145.346     1.6728     1.5250     0.0513     0.2571     3.1514     0.0000     0.1392 -117.76764   33.48432      11.06          1  0.000e+00
      13708    571.125     53.370     53.758    10.9094    10.9093  37.632055  37.633019    10.9030    10.9029    33.6550    33.6561    25.7455    25.7464     5.0922     4.7765    155.140    145.521     1.6728     1.5263     0.0525     0.2876     3.1514     0.0000     0.1380 -117.76764   33.48432      11.06          1  0.000e+00
      13709    571.167     53.324     53.711    10.9092    10.9093  37.631925  37.632954    10.9028    10.9028    33.6551    33.6561    25.7456    25.7464     5.0975     4.7708    155.299    145.347     1.6740     1.5250     0.0525     0.2876     3.1526     0.0000     0.1392 -117.76764   33.48432      11.04          1  0.000e+00
      13710    571.208     53.350     53.738    10.9092    10.9091  37.632055  37.632954    10.9028    10.9027    33.6552    33.6562    25.7457    25.7465     5.0922     4.7765    155.140    145.522     1.6728     1.5263     0.0537     0.3181     3.1526     0.0000     0.1404 -117.76764   33.48432      11.01          1  0.000e+00
      13711    571.250     53.370     53.758    10.9091    10.9095  37.631925  37.632954    10.9026    10.9030    33.6552    33.6559    25.7457    25.7461     5.0923     4.7708    155.141    145.347     1.6728     1.5250     0.0537     0.3181     3.1514     0.0000     0.1404 -117.76764   33.48432      11.01          1  0.000e+00
      13712    571.292     53.350     53.738    10.9092    10.9091  37.632055  37.632954    10.9028    10.9027    33.6552    33.6562    25.7457    25.7465     5.0922     4.7765    155.140    145.522     1.6728     1.5263     0.0537     0.3181     3.1514     0.0000     0.1404 -117.76764   33.48432      11.01          1  0.000e+00
      13713    571.333     53.370     53.758    10.9092    10.9094  37.631925  37.633148    10.9028    10.9030    33.6551    33.6561    25.7456    25.7463     5.0975     4.7765    155.300    145.521     1.6740     1.5263     0.0537     0.3181     3.1526     0.0000     0.1392 -117.76764   33.48432      11.01          1  0.000e+00
      13714    571.375     53.370     53.758    10.9092    10.9093  37.632378  37.633277    10.9028    10.9029    33.6555    33.6563    25.7459    25.7466     5.0975     4.7765    155.300    145.521     1.6740     1.5263     0.0525     0.2876     3.1526     0.0000     0.1404 -117.76764   33.48432      11.01          1  0.000e+00
      13715    571.417     53.350     53.738    10.9094    10.9095  37.631990  37.633277    10.9030    10.9030    33.6550    33.6562    25.7455    25.7464     5.0975     4.7765    155.299    145.520     1.6740     1.5263     0.0525     0.2876     3.1526     0.0000     0.1404 -117.76764   33.48432      11.01          1  0.000e+00
      13716    571.458     53.370     53.758    10.9092    10.9094  37.631796  37.633471    10.9028    10.9030    33.6549    33.6564    25.7455    25.7466     5.0975     4.7708    155.301    145.347     1.6740     1.5250     0.0537     0.3181     3.1514     0.0000     0.1404 -117.76764   33.48432      10.99          1  0.000e+00
      13717    571.500     53.350     53.738    10.9094    10.9095  37.632055  37.633083    10.9029    10.9030    33.6551    33.6560    25.7455    25.7462     5.0975     4.7765    155.300    145.521     1.6740     1.5263     0.0537     0.3181     3.1514     0.0000     0.1404 -117.76764   33.48432      10.99          1  0.000e+00
      13718    571.542     53.370     53.758    10.9094    10.9096  37.631667  37.633407    10.9030    10.9032    33.6546    33.6562    25.7452    25.7464     5.0975     4.7765    155.300    145.520     1.6740     1.5263     0.0537     0.3181     3.1514     0.0000     0.1404 -117.76764   33.48432      10.99          1  0.000e+00
      13719    571.583     53.370     53.758    10.9092    10.9094  37.631731  37.633083    10.9028    10.9030    33.6549    33.6560    25.7454    25.7463     5.0975     4.7765    155.301    145.521     1.6740     1.5263     0.0537     0.3181     3.1514     0.0000     0.1404 -117.76764   33.48432      10.99          1  0.000e+00
      13720    571.625     53.350     53.738    10.9094    10.9095  37.632055  37.633148    10.9030    10.9030    33.6550    33.6561    25.7455    25.7463     5.0975     4.7765    155.299    145.521     1.6740     1.5263     0.0537     0.3181     3.1502     0.0000     0.1392 -117.76764   33.48432      10.99          1  0.000e+00
      13721    571.667     53.416     53.805    10.9092    10.9096  37.632184  37.633471    10.9028    10.9032    33.6553    33.6562    25.7457    25.7464     5.0975     4.7765    155.301    145.521     1.6740     1.5263     0.0525     0.2876     3.1514     0.0000     0.1404 -117.76764   33.48432      10.96          1  0.000e+00
      13722    571.708     53.350     53.738    10.9096    10.9094  37.631925  37.633342    10.9031    10.9030    33.6548    33.6563    25.7453    25.7465     5.0974     4.7765    155.299    145.520     1.6740     1.5263     0.0525     0.2876     3.1502     0.0000     0.1404 -117.76764   33.48432      10.96          1  0.000e+00
      13723    571.750     53.370     53.758    10.9097    10.9095  37.632378  37.633471    10.9033    10.9030    33.6551    33.6564    25.7455    25.7465     5.0974     4.7765    155.299    145.521     1.6740     1.5263     0.0525     0.2876     3.1526     0.0000     0.1404 -117.76764   33.48432      10.96          1  0.000e+00
      13724    571.792     53.416     53.805    10.9097    10.9096  37.632249  37.633342    10.9032    10.9032    33.6549    33.6561    25.7454    25.7463     5.0975     4.7765    155.300    145.521     1.6740     1.5263     0.0525     0.2876     3.1514     0.0000     0.1392 -117.76764   33.48432      10.96          1  0.000e+00
      13725    571.833     53.350     53.738    10.9097    10.9098  37.631666  37.633277    10.9033    10.9034    33.6544    33.6559    25.7449    25.7461     5.0974     4.7707    155.299    145.346     1.6740     1.5250     0.0537     0.3181     3.1526     0.0000     0.1404 -117.76764   33.48432      10.96          1  0.000e+00
      13726    571.875     53.416     53.805    10.9097    10.9098  37.629984  37.633471    10.9033    10.9033    33.6527    33.6561    25.7436    25.7463     5.0975     4.7765    155.302    145.521     1.6740     1.5263     0.0525     0.2876     3.1526     0.0000     0.1392 -117.76764   33.48432      10.96          1  0.000e+00
      13727    571.917     53.370     53.758    10.9097    10.9098  37.630049  37.633342    10.9033    10.9034    33.6527    33.6560    25.7437    25.7462     5.0975     4.7708    155.301    145.346     1.6740     1.5250     0.0537     0.3181     3.1514     0.0000     0.1392 -117.76764   33.48432      10.96          1  0.000e+00
      13728    571.958     53.350     53.738    10.9100    10.9098  37.632184  37.633277    10.9036    10.9034    33.6546    33.6559    25.7450    25.7461     5.0974     4.7765    155.298    145.520     1.6740     1.5263     0.0525     0.2876     3.1526     0.0000     0.1380 -117.76764   33.48432      10.96          1  0.000e+00
      13729    572.000     53.416     53.805    10.9100    10.9099  37.632314  37.633277    10.9036    10.9035    33.6547    33.6557    25.7451    25.7460     5.0974     4.7708    155.299    145.347     1.6740     1.5250     0.0537     0.3181     3.1514     0.0000     0.1380 -117.76764   33.48432      10.99          1  0.000e+00
      13730    572.042     53.350     53.738    10.9099    10.9100  37.632443  37.633471    10.9035    10.9035    33.6550    33.6559    25.7454    25.7461     5.0974     4.7764    155.298    145.519     1.6740     1.5263     0.0537     0.3181     3.1514     0.0000     0.1380 -117.76764   33.48432      10.99          1  0.000e+00
      13731    572.083     53.416     53.805    10.9099    10.9098  37.632573  37.633342    10.9034    10.9033    33.6551    33.6559    25.7455    25.7461     5.0974     4.7765    155.299    145.521     1.6740     1.5263     0.0537     0.3181     3.1502     0.0000     0.1355 -117.76764   33.48432      10.96          1  0.000e+00
      13732    572.125     53.370     53.758    10.9096    10.9099  37.632249  37.633277    10.9031    10.9035    33.6551    33.6558    25.7455    25.7460     5.0974     4.7765    155.299    145.520     1.6740     1.5263     0.0537     0.3181     3.1502     0.0000     0.1355 -117.76764   33.48432      10.96          1  0.000e+00
      13733    572.167     53.396     53.785    10.9094    10.9100  37.631667  37.633471    10.9030    10.9035    33.6546    33.6559    25.7452    25.7461     5.0975     4.7765    155.301    145.520     1.6740     1.5263     0.0537     0.3181     3.1502     0.0000     0.1368 -117.76764   33.48432      10.96          1  0.000e+00
      13734    572.208     53.370     53.758    10.9094    10.9098  37.631990  37.633083    10.9030    10.9034    33.6550    33.6557    25.7454    25.7460     5.0975     4.7765    155.300    145.520     1.6740     1.5263     0.0525     0.2876     3.1526     0.0000     0.1368 -117.76764   33.48432      10.96          1  0.000e+00
      13735    572.250     53.396     53.785    10.9091    10.9098  37.632184  37.633407    10.9026    10.9033    33.6555    33.6560    25.7459    25.7462     5.0975     4.7765    155.301    145.520     1.6740     1.5263     0.0537     0.3181     3.1514     0.0000     0.1368 -117.76764   33.48432      10.94          1  0.000e+00
      13736    572.292     53.370     53.758    10.9091    10.9096  37.632378  37.633601    10.9026    10.9032    33.6557    33.6564    25.7461    25.7465     5.0975     4.7765    155.300    145.520     1.6740     1.5263     0.0525     0.2876     3.1526     0.0000     0.1368 -117.76764   33.48432      10.96          1  0.000e+00
      13737    572.333     53.416     53.805    10.9091    10.9096  37.631731  37.633342    10.9026    10.9032    33.6550    33.6561    25.7456    25.7463     5.0975     4.7765    155.302    145.521     1.6740     1.5263     0.0525     0.2876     3.1514     0.0000     0.1368 -117.76764   33.48432      10.96          1  0.000e+00
      13738    572.375     53.350     53.738    10.9091    10.9098  37.631990  37.633277    10.9026    10.9034    33.6553    33.6559    25.7458    25.7461     5.0975     4.7707    155.300    145.346     1.6740     1.5250     0.0537     0.3181     3.1514     0.0000     0.1368 -117.76764   33.48432      10.96          1  0.000e+00
      13739    572.417     53.370     53.758    10.9092    10.9094  37.632184  37.633019    10.9028    10.9030    33.6553    33.6560    25.7458    25.7462     5.1027     4.7765    155.460    145.521     1.6752     1.5263     0.0537     0.3181     3.1514     0.0000     0.1368 -117.76764   33.48432      10.94          1  0.000e+00
      13740    572.458     53.350     53.738    10.9092    10.9095  37.632443  37.632954    10.9028    10.9030    33.6556    33.6559    25.7460    25.7461     5.1027     4.7765    155.459    145.521     1.6752     1.5263     0.0525     0.2876     3.1514     0.0000     0.1380 -117.76764   33.48432      10.94          1  0.000e+00
      13741    572.500     53.416     53.805    10.9092    10.9096  37.632249  37.633148    10.9028    10.9032    33.6554    33.6559    25.7458    25.7462     5.1027     4.7708    155.461    145.348     1.6752     1.5250     0.0525     0.2876     3.1514     0.0000     0.1380 -117.76764   33.48432      10.94          1  0.000e+00
      13742    572.542     53.370     53.758    10.9092    10.9094  37.632184  37.633277    10.9028    10.9030    33.6553    33.6562    25.7458    25.7464     5.1027     4.7708    155.460    145.347     1.6752     1.5250     0.0537     0.3181     3.1514     0.0000     0.1368 -117.76764   33.48432      10.94          1  0.000e+00
      13743    572.583     53.396     53.785    10.9091    10.9098  37.632184  37.633019    10.9026    10.9034    33.6555    33.6556    25.7459    25.7459     5.1028     4.7765    155.461    145.521     1.6752     1.5263     0.0525     0.2876     3.1514     0.0000     0.1355 -117.76764   33.48432      10.94          1  0.000e+00
      13744    572.625     53.370     53.758    10.9094    10.9095  37.632443  37.633407    10.9029    10.9030    33.6555    33.6563    25.7458    25.7465     5.0975     4.7708    155.299    145.347     1.6740     1.5250     0.0537     0.3181     3.1514     0.0000     0.1343 -117.76764   33.48432      10.94          1  0.000e+00
      13745    572.667     53.370     53.758    10.9094    10.9096  37.632249  37.632825    10.9030    10.9032    33.6552    33.6556    25.7456    25.7459     5.0975     4.7708    155.300    145.347     1.6740     1.5250     0.0525     0.2876     3.1502     0.0000     0.1343 -117.76764   33.48432      10.94          1  0.000e+00
      13746    572.708     53.396     53.785    10.9094    10.9095  37.632184  37.633083    10.9030    10.9030    33.6551    33.6560    25.7456    25.7462     5.0975     4.7708    155.300    145.348     1.6740     1.5250     0.0525     0.2876     3.1526     0.0000     0.1343 -117.76764   33.48432      10.96          1  0.000e+00
      13747    572.750     53.323     53.711    10.9094    10.9096  37.632184  37.633471    10.9030    10.9032    33.6552    33.6563    25.7456    25.7464     5.0974     4.7707    155.299    145.346     1.6740     1.5250     0.0525     0.2876     3.1526     0.0000     0.1331 -117.76764   33.48432      10.96          1  0.000e+00
      13748    572.792     53.396     53.785    10.9094    10.9096  37.632184  37.633342    10.9030    10.9032    33.6551    33.6561    25.7456    25.7463     5.0975     4.7708    155.300    145.347     1.6740     1.5250     0.0525     0.2876     3.1526     0.0000     0.1319 -117.76764   33.48432      10.96          1  0.000e+00
      13749    572.833     53.370     53.758    10.9094    10.9096  37.632184  37.633277    10.9030    10.9032    33.6552    33.6561    25.7456    25.7463     5.0975     4.7708    155.300    145.347     1.6740     1.5250     0.0537     0.3181     3.1514     0.0000     0.1319 -117.76764   33.48432      10.96          1  0.000e+00
