West Coast/WCOA-7/CTD_Data/RB2102_CTD_014_01.ros
* Sea-Bird SBE 9 Data File:
* FileName = C:\Users\scs.user.rb\CTD\RB2102\Data\RB2102_CTD_014_01.hex
* Software Version Seasave V 7.26.7.107
* Temperature SN = 6202
* Conductivity SN = 4907
* Number of Bytes Per Scan = 41
* Number of Voltage Words = 4
* Number of Scans Averaged by the Deck Unit = 1
* NMEA Latitude = 48 48.59 N
* NMEA Longitude = 125 31.01 W
* NMEA UTC (Time) = Jun 28 2021  09:35:01
* NMEA baud rate = 4800
# nquan = 30
# nvalues = 931                                   
# units = specified
# name 0 = scan: Scan Count
# name 1 = timeS: Time, Elapsed [seconds]
# name 2 = depSM: Depth [salt water, m]
# name 3 = prDM: Pressure, Digiquartz [db]
# name 4 = t090C: Temperature [ITS-90, deg C]
# name 5 = t190C: Temperature, 2 [ITS-90, deg C]
# name 6 = c0mS/cm: Conductivity [mS/cm]
# name 7 = c1mS/cm: Conductivity, 2 [mS/cm]
# name 8 = potemp090C: Potential Temperature [ITS-90, deg C]
# name 9 = potemp190C: Potential Temperature, 2 [ITS-90, deg C]
# name 10 = sal00: Salinity, Practical [PSU]
# name 11 = sal11: Salinity, Practical, 2 [PSU]
# name 12 = sigma-é00: Density [sigma-theta, kg/m^3]
# name 13 = sigma-é11: Density, 2 [sigma-theta, kg/m^3]
# name 14 = sbeox0Mg/L: Oxygen, SBE 43 [mg/l]
# name 15 = sbeox1Mg/L: Oxygen, SBE 43, 2 [mg/l]
# name 16 = sbox0Mm/Kg: Oxygen, SBE 43 [umol/kg]
# name 17 = sbox1Mm/Kg: Oxygen, SBE 43, 2 [umol/kg]
# name 18 = sbeox0V: Oxygen raw, SBE 43 [V]
# name 19 = sbeox1V: Oxygen raw, SBE 43, 2 [V]
# name 20 = v4: Voltage 4
# name 21 = flECO-AFL: Fluorescence, WET Labs ECO-AFL/FL [mg/m^3]
# name 22 = v3: Voltage 3
# name 23 = v6: Voltage 6
# name 24 = v7: Voltage 7
# name 25 = longitude: Longitude [deg]
# name 26 = latitude: Latitude [deg]
# name 27 = altM: Altimeter [m]
# name 28 = nbf: Bottles Fired
# name 29 = flag:  0.000e+00
# interval = seconds: 0.0416667
# start_time = Jun 28 2021 09:35:01 [NMEA time, header]
# bad_flag = -9.990e-29
*END*
[from data line 387]
      32724   1363.458     30.544     30.807     9.2253     9.2277  34.810030  34.810536     9.2221     9.2244    32.3410    32.3394    25.0019    25.0003     5.5673     5.4699    169.736    166.767     1.7277     1.6227     0.0611     0.5013     3.1978     1.4420     1.7253 -125.51656   48.81052      82.64          8  0.000e+00
      32725   1363.500     30.597     30.860     9.2249     9.2275  34.809528  34.810223     9.2216     9.2242    32.3409    32.3393    25.0019    25.0002     5.5619     5.4699    169.572    166.769     1.7265     1.6227     0.0611     0.5013     3.1978     1.4432     1.7253 -125.51656   48.81052      82.64          8  0.000e+00
      32726   1363.542     30.544     30.807     9.2249     9.2271  34.809402  34.810286     9.2216     9.2239    32.3408    32.3397    25.0018    25.0006     5.5619     5.4699    169.571    166.769     1.7265     1.6227     0.0611     0.5013     3.1966     1.4432     1.7253 -125.51656   48.81052      82.64          8  0.000e+00
      32727   1363.583     30.544     30.807     9.2245     9.2268  34.809214  34.810348     9.2213     9.2236    32.3409    32.3400    25.0019    25.0009     5.5619     5.4700    169.572    166.769     1.7265     1.6227     0.0611     0.5013     3.1990     1.4420     1.7253 -125.51656   48.81052      82.74          8  0.000e+00
      32728   1363.625     30.597     30.860     9.2247     9.2274  34.809089  34.811289     9.2214     9.2241    32.3406    32.3405    25.0017    25.0012     5.5619     5.4699    169.573    166.768     1.7265     1.6227     0.0611     0.5013     3.1978     1.4432     1.7253 -125.51656   48.81052      82.81          8  0.000e+00
      32756   1364.792     30.643     30.907     9.2270     9.2275  34.811787  34.811603     9.2237     9.2242    32.3413    32.3407    25.0019    25.0013     5.5671     5.4759    169.731    166.950     1.7277     1.6239     0.0586     0.4402     3.1978     1.4420     1.7253 -125.51656   48.81054      82.52          9  0.000e+00
      32757   1364.833     30.643     30.907     9.2268     9.2278  34.811411  34.811477     9.2236     9.2246    32.3411    32.3402    25.0017    25.0009     5.5672     5.4759    169.732    166.949     1.7277     1.6239     0.0574     0.4097     3.1990     1.4420     1.7253 -125.51656   48.81054      82.56          9  0.000e+00
      32758   1364.875     30.498     30.760     9.2268     9.2279  34.811473  34.811540     9.2236     9.2247    32.3412    32.3403    25.0018    25.0009     5.5670     5.4817    169.729    167.128     1.7277     1.6252     0.0586     0.4402     3.1978     1.4420     1.7253 -125.51656   48.81054      82.61          9  0.000e+00
      32759   1364.917     30.643     30.907     9.2266     9.2282  34.812038  34.811352     9.2234     9.2249    32.3419    32.3398    25.0024    25.0005     5.5671     5.4758    169.732    166.949     1.7277     1.6239     0.0586     0.4402     3.1978     1.4420     1.7253 -125.51656   48.81054      82.61          9  0.000e+00
      32760   1364.958     30.597     30.860     9.2268     9.2280  34.811975  34.811540     9.2236     9.2248    32.3417    32.3401    25.0022    25.0008     5.5671     5.4758    169.731    166.948     1.7277     1.6239     0.0574     0.4097     3.1978     1.4420     1.7253 -125.51656   48.81054      82.61          9  0.000e+00
      32761   1365.000     30.551     30.814     9.2270     9.2283  34.811661  34.811602     9.2237     9.2251    32.3413    32.3399    25.0018    25.0006     5.5671     5.4817    169.730    167.128     1.7277     1.6252     0.0586     0.4402     3.1966     1.4420     1.7253 -125.51656   48.81054      82.59          9  0.000e+00
      32762   1365.042     30.643     30.907     9.2268     9.2282  34.811599  34.811791     9.2236     9.2249    32.3413    32.3403    25.0019    25.0009     5.5671     5.4818    169.732    167.130     1.7277     1.6252     0.0574     0.4097     3.1990     1.4420     1.7253 -125.51656   48.81054      82.61          9  0.000e+00
      32763   1365.083     30.597     30.861     9.2268     9.2284  34.811599  34.812418     9.2236     9.2252    32.3413    32.3407    25.0019    25.0011     5.5671     5.4817    169.731    167.127     1.7277     1.6252     0.0574     0.4097     3.1990     1.4420     1.7253 -125.51656   48.81054      82.69          9  0.000e+00
      32764   1365.125     30.597     30.861     9.2266     9.2285  34.811599  34.811853     9.2234     9.2252    32.3415    32.3400    25.0020    25.0006     5.5671     5.4817    169.732    167.128     1.7277     1.6252     0.0574     0.4097     3.1966     1.4420     1.7253 -125.51656   48.81054      82.76          9  0.000e+00
      32765   1365.167     30.544     30.807     9.2265     9.2288  34.811097  34.811853     9.2232     9.2256    32.3411    32.3398    25.0018    25.0004     5.5671     5.4817    169.731    167.126     1.7277     1.6252     0.0586     0.4402     3.1990     1.4420     1.7253 -125.51656   48.81054      82.76          9  0.000e+00
      32766   1365.208     30.643     30.907     9.2263     9.2288  34.811411  34.812355     9.2230     9.2256    32.3415    32.3402    25.0022    25.0008     5.5672     5.4817    169.734    167.127     1.7277     1.6252     0.0586     0.4402     3.1966     1.4420     1.7253 -125.51656   48.81054      82.76          9  0.000e+00
      32767   1365.250     30.597     30.861     9.2263     9.2292  34.811097  34.812543     9.2231     9.2260    32.3412    32.3401    25.0019    25.0006     5.5672     5.4816    169.733    167.125     1.7277     1.6252     0.0574     0.4097     3.1978     1.4420     1.7253 -125.51656   48.81054      82.76          9  0.000e+00
      32768   1365.292     30.597     30.861     9.2263     9.2291  34.811411  34.812794     9.2231     9.2259    32.3416    32.3404    25.0022    25.0008     5.5672     5.4816    169.733    167.125     1.7277     1.6252     0.0586     0.4402     3.1978     1.4420     1.7253 -125.51656   48.81054      82.76          9  0.000e+00
      32769   1365.333     30.597     30.861     9.2262     9.2293  34.811097  34.812355     9.2229     9.2261    32.3414    32.3398    25.0020    25.0003     5.5672     5.4816    169.734    167.125     1.7277     1.6252     0.0586     0.4402     3.1990     1.4420     1.7253 -125.51656   48.81054      82.69          9  0.000e+00
      32770   1365.375     30.597     30.861     9.2260     9.2290  34.810030  34.812230     9.2227     9.2257    32.3404    32.3400    25.0013    25.0005     5.5727     5.4817    169.902    167.126     1.7289     1.6252     0.0586     0.4402     3.1978     1.4408     1.7253 -125.51656   48.81054      82.64          9  0.000e+00
      32771   1365.417     30.597     30.861     9.2255     9.2287  34.810407  34.812230     9.2223     9.2254    32.3412    32.3403    25.0020    25.0008     5.5673     5.4817    169.736    167.127     1.7277     1.6252     0.0586     0.4402     3.1990     1.4408     1.7253 -125.51656   48.81054      82.64          9  0.000e+00
      32772   1365.458     30.597     30.861     9.2255     9.2286  34.809967  34.811728     9.2223     9.2253    32.3408    32.3398    25.0017    25.0005     5.5728     5.4817    169.904    167.128     1.7289     1.6252     0.0586     0.4402     3.1978     1.4408     1.7253 -125.51656   48.81054      82.64          9  0.000e+00
      32773   1365.500     30.643     30.907     9.2257     9.2285  34.810156  34.811854     9.2224     9.2252    32.3408    32.3400    25.0017    25.0006     5.5728     5.4818    169.904    167.129     1.7289     1.6252     0.0586     0.4402     3.1978     1.4408     1.7253 -125.51656   48.81054      82.64          9  0.000e+00
      32774   1365.542     30.597     30.861     9.2258     9.2287  34.811034  34.812167     9.2226     9.2254    32.3416    32.3402    25.0023    25.0007     5.5727     5.4817    169.902    167.127     1.7289     1.6252     0.0586     0.4402     3.1978     1.4408     1.7253 -125.51656   48.81054      82.64          9  0.000e+00
      32775   1365.583     30.597     30.861     9.2263     9.2285  34.811473  34.812042     9.2231     9.2252    32.3416    32.3402    25.0022    25.0008     5.5726     5.4817    169.900    167.128     1.7289     1.6252     0.0586     0.4402     3.1978     1.4408     1.7253 -125.51656   48.81054      82.61          9  0.000e+00
      32776   1365.625     30.597     30.861     9.2266     9.2283  34.811787  34.811916     9.2234     9.2251    32.3417    32.3402    25.0022    25.0008     5.5726     5.4817    169.898    167.128     1.7289     1.6252     0.0586     0.4402     3.1978     1.4408     1.7253 -125.51656   48.81054      82.59          9  0.000e+00
      32777   1365.667     30.597     30.861     9.2270     9.2283  34.811661  34.811665     9.2237     9.2250    32.3412    32.3401    25.0018    25.0007     5.5726     5.4818    169.898    167.129     1.7289     1.6252     0.0586     0.4402     3.1978     1.4408     1.7253 -125.51656   48.81054      82.59          9  0.000e+00
      32778   1365.708     30.650     30.914     9.2271     9.2280  34.811787  34.811603     9.2239     9.2248    32.3412    32.3402    25.0017    25.0008     5.5726     5.4818    169.898    167.131     1.7289     1.6252     0.0586     0.4402     3.1978     1.4408     1.7253 -125.51656   48.81054      82.59          9  0.000e+00
      32779   1365.750     30.597     30.861     9.2268     9.2278  34.811913  34.810913     9.2236     9.2246    32.3416    32.3397    25.0021    25.0005     5.5671     5.4818    169.731    167.131     1.7277     1.6252     0.0586     0.4402     3.1990     1.4408     1.7253 -125.51656   48.81054      82.59          9  0.000e+00
      32780   1365.792     30.597     30.861     9.2268     9.2275  34.811913  34.811415     9.2236     9.2242    32.3416    32.3405    25.0021    25.0011     5.5671     5.4818    169.731    167.131     1.7277     1.6252     0.0586     0.4402     3.1966     1.4408     1.7265 -125.51656   48.81054      82.59          9  0.000e+00
      32781   1365.833     30.597     30.861     9.2268     9.2276  34.812101  34.810913     9.2236     9.2243    32.3418    32.3399    25.0023    25.0007     5.5671     5.4818    169.730    167.132     1.7277     1.6252     0.0598     0.4707     3.1978     1.4408     1.7253 -125.51656   48.81054      82.59          9  0.000e+00
      32782   1365.875     30.643     30.907     9.2271     9.2274  34.811473  34.810662     9.2239     9.2241    32.3408    32.3398    25.0015    25.0006     5.5726     5.4819    169.898    167.134     1.7289     1.6252     0.0586     0.4402     3.1990     1.4408     1.6996 -125.51656   48.81054      82.59          9  0.000e+00
      32783   1365.917     30.597     30.861     9.2268     9.2272  34.811473  34.810662     9.2236     9.2239    32.3412    32.3400    25.0018    25.0008     5.5726     5.4819    169.898    167.133     1.7289     1.6252     0.0586     0.4402     3.1990     1.4408     1.0647 -125.51656   48.81054      82.59          9  0.000e+00
      32784   1365.958     30.597     30.861     9.2270     9.2272  34.811787  34.810913     9.2237     9.2239    32.3414    32.3403    25.0019    25.0010     5.5726     5.4819    169.897    167.133     1.7289     1.6252     0.0586     0.4402     3.1990     1.4408     0.6862 -125.51656   48.81054      82.59          9  0.000e+00
      32785   1366.000     30.597     30.861     9.2273     9.2272  34.812352  34.810286     9.2241     9.2239    32.3416    32.3396    25.0021    25.0005     5.5670     5.4819    169.729    167.134     1.7277     1.6252     0.0574     0.4097     3.1990     1.4408     0.6435 -125.51656   48.81054      82.59          9  0.000e+00
      32786   1366.042     30.597     30.861     9.2276     9.2269  34.813481  34.810035     9.2244     9.2237    32.3425    32.3396    25.0027    25.0005     5.5724     5.4819    169.893    167.135     1.7289     1.6252     0.0586     0.4402     3.1978     1.4408     0.6789 -125.51656   48.81054      82.59          9  0.000e+00
      32787   1366.083     30.644     30.907     9.2281     9.2268  34.814234  34.810035     9.2249     9.2236    32.3428    32.3396    25.0029    25.0006     5.5724     5.4760    169.892    166.954     1.7289     1.6239     0.0586     0.4402     3.1990     1.4408     0.6947 -125.51656   48.81054      82.54          9  0.000e+00
      32788   1366.125     30.597     30.861     9.2286     9.2268  34.813669  34.810286     9.2254     9.2236    32.3418    32.3399    25.0020    25.0008     5.5723     5.4819    169.890    167.135     1.7289     1.6252     0.0586     0.4402     3.1990     1.4408     0.6960 -125.51656   48.81054      82.49          9  0.000e+00
      32789   1366.167     30.597     30.861     9.2284     9.2268  34.813230  34.810098     9.2252     9.2236    32.3415    32.3397    25.0018    25.0006     5.5724     5.4820    169.891    167.135     1.7289     1.6252     0.0586     0.4402     3.1990     1.4408     0.6935 -125.51656   48.81054      82.47          9  0.000e+00
      32790   1366.208     30.644     30.907     9.2281     9.2268  34.812226  34.810035     9.2249     9.2235    32.3407    32.3397    25.0013    25.0006     5.5725     5.4820    169.895    167.136     1.7289     1.6252     0.0586     0.4402     3.1978     1.4408     0.6935 -125.51656   48.81054      82.47          9  0.000e+00
      32791   1366.250     30.544     30.807     9.2276     9.2267  34.811661  34.810286     9.2244     9.2235    32.3407    32.3401    25.0013    25.0009     5.5670     5.4819    169.728    167.134     1.7277     1.6252     0.0586     0.4402     3.1978     1.4408     0.6935 -125.51656   48.81054      82.47          9  0.000e+00
      32792   1366.292     30.644     30.907     9.2276     9.2265  34.812038  34.810098     9.2244     9.2233    32.3410    32.3400    25.0015    25.0009     5.5725     5.4880    169.896    167.319     1.7289     1.6264     0.0586     0.4402     3.1978     1.4408     0.6935 -125.51656   48.81054      82.49          9  0.000e+00
      32793   1366.333     30.597     30.861     9.2275     9.2268  34.812414  34.810537     9.2242     9.2236    32.3415    32.3402    25.0020    25.0010     5.5670     5.4819    169.728    167.134     1.7277     1.6252     0.0586     0.4402     3.1978     1.4408     0.6935 -125.51656   48.81054      82.49          9  0.000e+00
      32794   1366.375     30.597     30.861     9.2276     9.2267  34.812728  34.810411     9.2244     9.2235    32.3417    32.3402    25.0021    25.0010     5.5670     5.4760    169.727    166.953     1.7277     1.6239     0.0598     0.4707     3.1990     1.4408     0.6935 -125.51656   48.81054      82.49          9  0.000e+00
      32795   1366.417     30.650     30.914     9.2281     9.2271  34.812854  34.811101     9.2249     9.2239    32.3414    32.3405    25.0018    25.0012     5.5725     5.4819    169.894    167.134     1.7289     1.6252     0.0586     0.4402     3.1978     1.4396     0.6935 -125.51656   48.81054      82.49          9  0.000e+00
      32796   1366.458     30.597     30.861     9.2283     9.2275  34.813293  34.811289     9.2250     9.2242    32.3417    32.3403    25.0020    25.0010     5.5669     5.4818    169.725    167.132     1.7277     1.6252     0.0574     0.4097     3.1966     1.4408     0.6935 -125.51656   48.81054      82.49          9  0.000e+00
      32797   1366.500     30.597     30.861     9.2288     9.2272  34.813920  34.810537     9.2255     9.2239    32.3419    32.3399    25.0021    25.0007     5.5668     5.4819    169.723    167.133     1.7277     1.6252     0.0586     0.4402     3.1966     1.4408     0.6935 -125.51656   48.81054      82.49          9  0.000e+00
      32798   1366.542     30.644     30.908     9.2291     9.2272  34.814297  34.810349     9.2258     9.2239    32.3420    32.3397    25.0021    25.0006     5.5668     5.4819    169.722    167.135     1.7277     1.6252     0.0574     0.4097     3.1990     1.4396     0.6935 -125.51656   48.81054      82.49          9  0.000e+00
