West Coast/WCOA-7/CTD_Data/RB2102_CTD_133_01.ros
* Sea-Bird SBE 9 Data File:
* FileName = C:\Users\scs.user.rb\CTD\RB2102\Data\RB2102_CTD_133_02.hex
* Software Version Seasave V 7.26.7.107
* Temperature SN = 6224
* Conductivity SN = 4722
* Number of Bytes Per Scan = 41
* Number of Voltage Words = 4
* Number of Scans Averaged by the Deck Unit = 1
* NMEA Latitude = 31 46.66 N
* NMEA Longitude = 120 14.98 W
* NMEA UTC (Time) = Jul 23 2021  09:31:59
* NMEA baud rate = 4800
# nquan = 30
# nvalues = 1176                                  
# units = specified
# name 0 = scan: Scan Count
# name 1 = timeS: Time, Elapsed [seconds]
# name 2 = depSM: Depth [salt water, m]
# name 3 = prDM: Pressure, Digiquartz [db]
# name 4 = t090C: Temperature [ITS-90, deg C]
# name 5 = t190C: Temperature, 2 [ITS-90, deg C]
# name 6 = c0mS/cm: Conductivity [mS/cm]
# name 7 = c1mS/cm: Conductivity, 2 [mS/cm]
# name 8 = potemp090C: Potential Temperature [ITS-90, deg C]
# name 9 = potemp190C: Potential Temperature, 2 [ITS-90, deg C]
# name 10 = sal00: Salinity, Practical [PSU]
# name 11 = sal11: Salinity, Practical, 2 [PSU]
# name 12 = sigma-é00: Density [sigma-theta, kg/m^3]
# name 13 = sigma-é11: Density, 2 [sigma-theta, kg/m^3]
# name 14 = sbeox0Mg/L: Oxygen, SBE 43 [mg/l]
# name 15 = sbeox1Mg/L: Oxygen, SBE 43, 2 [mg/l]
# name 16 = sbox0Mm/Kg: Oxygen, SBE 43 [umol/kg]
# name 17 = sbox1Mm/Kg: Oxygen, SBE 43, 2 [umol/kg]
# name 18 = sbeox0V: Oxygen raw, SBE 43 [V]
# name 19 = sbeox1V: Oxygen raw, SBE 43, 2 [V]
# name 20 = v4: Voltage 4
# name 21 = flECO-AFL: Fluorescence, WET Labs ECO-AFL/FL [mg/m^3]
# name 22 = v3: Voltage 3
# name 23 = v6: Voltage 6
# name 24 = v7: Voltage 7
# name 25 = longitude: Longitude [deg]
# name 26 = latitude: Latitude [deg]
# name 27 = altM: Altimeter [m]
# name 28 = nbf: Bottles Fired
# name 29 = flag:  0.000e+00
# interval = seconds: 0.0416667
# start_time = Jul 23 2021 09:31:59 [NMEA time, header]
# bad_flag = -9.990e-29
*END*
[from data line 146]
     150623   6275.917   3196.321   3243.420     1.5948     1.5954  31.475843  31.503851     1.3524     1.3528    34.6362    34.6700    27.7288    27.7559     3.8348     3.5257    116.605    107.205     0.9951     0.8657     0.0391    -0.0482     0.0000     0.0000     0.0000 -120.25178   31.77652      99.95          3  0.000e+00
     160951   6706.250   2912.910   2953.864     1.6630     1.6635  31.422533  31.450578     1.4473     1.4476    34.6298    34.6638    27.7169    27.7441     3.6251     3.3377    110.230    101.487     0.9878     0.8596     0.0391    -0.0482     0.0000     0.0000     0.0000 -120.25220   31.77628      99.95          4  0.000e+00
     160952   6706.292   2912.847   2953.800     1.6631     1.6637  31.422929  31.450522     1.4474     1.4478    34.6302    34.6635    27.7172    27.7440     3.6250     3.3376    110.228    101.486     0.9878     0.8596     0.0391    -0.0482     0.0000     0.0000     0.0000 -120.25220   31.77628      99.95          4  0.000e+00
     160953   6706.333   2912.847   2953.800     1.6630     1.6635  31.422703  31.450691     1.4473     1.4476    34.6301    34.6639    27.7171    27.7443     3.6250     3.3376    110.229    101.486     0.9878     0.8596     0.0391    -0.0482     0.0000     0.0000     0.0000 -120.25220   31.77628      99.95          4  0.000e+00
     160954   6706.375   2912.746   2953.697     1.6630     1.6637  31.423212  31.450859     1.4473     1.4478    34.6308    34.6640    27.7177    27.7443     3.6349     3.3276    110.528    101.180     0.9890     0.8584     0.0403    -0.0177     0.0000     0.0000     0.0000 -120.25220   31.77628      99.95          4  0.000e+00
     160955   6706.417   2912.847   2953.800     1.6630     1.6635  31.422533  31.450409     1.4473     1.4476    34.6299    34.6636    27.7169    27.7440     3.6250     3.3276    110.229    101.183     0.9878     0.8584     0.0391    -0.0482     0.0000     0.0000     0.0000 -120.25220   31.77628      99.95          4  0.000e+00
     160956   6706.458   2912.793   2953.745     1.6631     1.6637  31.422929  31.450409     1.4474     1.4478    34.6302    34.6634    27.7172    27.7439     3.6250     3.3376    110.227    101.486     0.9878     0.8596     0.0391    -0.0482     0.0000     0.0000     0.0000 -120.25220   31.77628      99.95          4  0.000e+00
     160957   6706.500   2912.730   2953.681     1.6630     1.6638  31.423099  31.450803     1.4473     1.4479    34.6306    34.6638    27.7176    27.7442     3.6250     3.3375    110.227    101.484     0.9878     0.8596     0.0391    -0.0482     0.0000     0.0000     0.0000 -120.25220   31.77628      99.95          4  0.000e+00
     160958   6706.542   2912.793   2953.745     1.6632     1.6637  31.422759  31.450409     1.4475     1.4478    34.6300    34.6634    27.7170    27.7439     3.6250     3.3376    110.227    101.486     0.9878     0.8596     0.0391    -0.0482     0.0000     0.0000     0.0000 -120.25220   31.77628      99.95          4  0.000e+00
     160959   6706.583   2912.730   2953.681     1.6630     1.6635  31.423042  31.450634     1.4473     1.4476    34.6306    34.6639    27.7175    27.7443     3.6250     3.3376    110.227    101.485     0.9878     0.8596     0.0391    -0.0482     0.0000     0.0000     0.0000 -120.25220   31.77628      99.95          4  0.000e+00
     160960   6706.625   2912.667   2953.617     1.6631     1.6637  31.422702  31.450634     1.4474     1.4478    34.6300    34.6638    27.7170    27.7441     3.6348     3.3375    110.527    101.484     0.9890     0.8596     0.0391    -0.0482     0.0000     0.0000     0.0000 -120.25220   31.77628      99.95          4  0.000e+00
     160961   6706.667   2912.667   2953.617     1.6630     1.6637  31.422816  31.450521     1.4473     1.4478    34.6303    34.6636    27.7173    27.7440     3.6348     3.3375    110.527    101.484     0.9890     0.8596     0.0391    -0.0482     0.0000     0.0000     0.0000 -120.25220   31.77628      99.95          4  0.000e+00
     160962   6706.708   2912.628   2953.577     1.6631     1.6638  31.422419  31.450521     1.4474     1.4480    34.6297    34.6635    27.7168    27.7439     3.6249     3.3375    110.225    101.483     0.9878     0.8596     0.0379    -0.0787     0.0000     0.0000     0.0000 -120.25220   31.77628      99.95          4  0.000e+00
     160963   6706.750   2912.668   2953.617     1.6631     1.6635  31.422929  31.451028     1.4474     1.4476    34.6303    34.6644    27.7173    27.7447     3.6249     3.3375    110.225    101.484     0.9878     0.8596     0.0391    -0.0482     0.0000     0.0000     0.0000 -120.25220   31.77628      99.95          4  0.000e+00
     160964   6706.792   2912.613   2953.561     1.6631     1.6637  31.422702  31.450465     1.4474     1.4478    34.6300    34.6636    27.7171    27.7440     3.6249     3.3375    110.225    101.483     0.9878     0.8596     0.0379    -0.0787     0.0000     0.0000     0.0000 -120.25220   31.77628      99.95          4  0.000e+00
     160965   6706.833   2912.613   2953.561     1.6631     1.6637  31.422815  31.450859     1.4474     1.4478    34.6302    34.6641    27.7172    27.7444     3.6249     3.3375    110.225    101.483     0.9878     0.8596     0.0379    -0.0787     0.0000     0.0000     0.0000 -120.25220   31.77628      99.95          4  0.000e+00
     160966   6706.875   2912.613   2953.561     1.6631     1.6638  31.422589  31.450915     1.4474     1.4479    34.6299    34.6640    27.7170    27.7443     3.6249     3.3375    110.225    101.482     0.9878     0.8596     0.0379    -0.0787     0.0000     0.0000     0.0000 -120.25220   31.77628      99.95          4  0.000e+00
     160967   6706.917   2912.550   2953.497     1.6628     1.6637  31.422362  31.450577     1.4471     1.4478    34.6300    34.6638    27.7170    27.7441     3.6348     3.3375    110.526    101.482     0.9890     0.8596     0.0379    -0.0787     0.0000     0.0000     0.0000 -120.25220   31.77628      99.95          4  0.000e+00
     160968   6706.958   2912.550   2953.497     1.6630     1.6637  31.422645  31.450521     1.4473     1.4478    34.6301    34.6637    27.7172    27.7441     3.6249     3.3375    110.224    101.482     0.9878     0.8596     0.0391    -0.0482     0.0000     0.0000     0.0000 -120.25220   31.77628      99.95          4  0.000e+00
     160969   6707.000   2912.550   2953.497     1.6630     1.6638  31.422645  31.450915     1.4473     1.4480    34.6301    34.6640    27.7172    27.7443     3.6249     3.3275    110.224    101.177     0.9878     0.8584     0.0379    -0.0787     0.0000     0.0000     0.0000 -120.25220   31.77628      99.95          4  0.000e+00
     160970   6707.042   2912.440   2953.385     1.6630     1.6638  31.422758  31.450746     1.4473     1.4480    34.6303    34.6638    27.7173    27.7442     3.6248     3.3374    110.223    101.480     0.9878     0.8596     0.0391    -0.0482     0.0000     0.0000     0.0000 -120.25220   31.77628      99.95          4  0.000e+00
     160971   6707.083   2912.550   2953.497     1.6630     1.6638  31.422419  31.450746     1.4473     1.4480    34.6299    34.6638    27.7169    27.7441     3.6249     3.3375    110.225    101.482     0.9878     0.8596     0.0379    -0.0787     0.0000     0.0000     0.0000 -120.25220   31.77628      99.95          4  0.000e+00
     160972   6707.125   2912.425   2953.369     1.6628     1.6638  31.422305  31.450802     1.4472     1.4480    34.6299    34.6639    27.7170    27.7442     3.6249     3.3374    110.223    101.480     0.9878     0.8596     0.0379    -0.0787     0.0000     0.0000     0.0000 -120.25220   31.77628      99.95          4  0.000e+00
     160973   6707.167   2912.488   2953.433     1.6628     1.6638  31.422249  31.450464     1.4472     1.4480    34.6298    34.6635    27.7169    27.7439     3.6249     3.3374    110.224    101.481     0.9878     0.8596     0.0379    -0.0787     0.0000     0.0000     0.0000 -120.25220   31.77628      99.95          4  0.000e+00
     160974   6707.208   2912.425   2953.369     1.6630     1.6638  31.423154  31.450689     1.4473     1.4480    34.6308    34.6638    27.7177    27.7441     3.6347     3.3374    110.523    101.480     0.9890     0.8596     0.0391    -0.0482     0.0000     0.0000     0.0000 -120.25220   31.77628      99.95          4  0.000e+00
     160975   6707.250   2912.425   2953.369     1.6630     1.6639  31.422532  31.450802     1.4473     1.4481    34.6301    34.6638    27.7171    27.7441     3.6248     3.3374    110.223    101.480     0.9878     0.8596     0.0391    -0.0482     0.0000     0.0000     0.0000 -120.25220   31.77628      99.95          4  0.000e+00
     160976   6707.292   2912.425   2953.369     1.6631     1.6637  31.423154  31.450633     1.4475     1.4478    34.6307    34.6639    27.7176    27.7442     3.6248     3.3374    110.222    101.480     0.9878     0.8596     0.0379    -0.0787     0.0000     0.0000     0.0000 -120.25220   31.77628      99.95          4  0.000e+00
     160977   6707.333   2912.370   2953.313     1.6630     1.6637  31.422758  31.450520     1.4473     1.4478    34.6304    34.6638    27.7173    27.7441     3.6347     3.3374    110.522    101.480     0.9890     0.8596     0.0379    -0.0787     0.0000     0.0000     0.0000 -120.25220   31.77628      99.95          4  0.000e+00
     160978   6707.375   2912.441   2953.385     1.6628     1.6638  31.422815  31.450689     1.4472     1.4480    34.6306    34.6638    27.7175    27.7441     3.6248     3.3374    110.223    101.480     0.9878     0.8596     0.0391    -0.0482     0.0000     0.0000     0.0000 -120.25220   31.77628      99.95          4  0.000e+00
     160979   6707.417   2912.370   2953.313     1.6631     1.6638  31.422588  31.450858     1.4475     1.4480    34.6300    34.6640    27.7170    27.7443     3.6248     3.3374    110.221    101.479     0.9878     0.8596     0.0379    -0.0787     0.0000     0.0000     0.0000 -120.25220   31.77628      99.95          4  0.000e+00
     160980   6707.458   2912.308   2953.249     1.6628     1.6638  31.422588  31.450801     1.4472     1.4480    34.6304    34.6640    27.7173    27.7443     3.6248     3.3373    110.221    101.478     0.9878     0.8596     0.0379    -0.0787     0.0000     0.0000     0.0000 -120.25220   31.77628      99.95          4  0.000e+00
     160981   6707.500   2912.370   2953.313     1.6630     1.6638  31.422758  31.450577     1.4473     1.4480    34.6304    34.6637    27.7173    27.7440     3.6248     3.3374    110.222    101.479     0.9878     0.8596     0.0391    -0.0482     0.0000     0.0000     0.0000 -120.25220   31.77628      99.95          4  0.000e+00
     160982   6707.542   2912.308   2953.249     1.6628     1.6637  31.422192  31.450576     1.4472     1.4478    34.6299    34.6639    27.7170    27.7442     3.6347     3.3374    110.522    101.479     0.9890     0.8596     0.0379    -0.0787     0.0000     0.0000     0.0000 -120.25220   31.77628      99.95          4  0.000e+00
     160983   6707.583   2912.308   2953.249     1.6628     1.6638  31.423550  31.450745     1.4472     1.4479    34.6315    34.6640    27.7183    27.7443     3.6347     3.3374    110.521    101.478     0.9890     0.8596     0.0391    -0.0482     0.0000     0.0000     0.0000 -120.25220   31.77628      99.95          4  0.000e+00
     160984   6707.625   2912.370   2953.313     1.6628     1.6637  31.422475  31.450577     1.4472     1.4478    34.6302    34.6638    27.7172    27.7442     3.6248     3.3274    110.222    101.176     0.9878     0.8584     0.0379    -0.0787     0.0000     0.0000     0.0000 -120.25220   31.77628      99.95          4  0.000e+00
     160985   6707.667   2912.308   2953.249     1.6630     1.6635  31.423324  31.450520     1.4473     1.4477    34.6311    34.6640    27.7179    27.7443     3.6248     3.3374    110.220    101.479     0.9878     0.8596     0.0379    -0.0787     0.0000     0.0000     0.0000 -120.25220   31.77628      99.95          4  0.000e+00
     160986   6707.708   2912.261   2953.201     1.6628     1.6638  31.422588  31.450576     1.4472     1.4480    34.6304    34.6637    27.7174    27.7441     3.6248     3.3273    110.220    101.174     0.9878     0.8584     0.0379    -0.0787     0.0000     0.0000     0.0000 -120.25220   31.77628      99.95          4  0.000e+00
     160987   6707.750   2912.308   2953.249     1.6630     1.6637  31.422758  31.450745     1.4473     1.4478    34.6304    34.6641    27.7174    27.7444     3.6248     3.3374    110.221    101.479     0.9878     0.8596     0.0391    -0.0482     0.0000     0.0000     0.0000 -120.25220   31.77628      99.95          4  0.000e+00
     160988   6707.792   2912.308   2953.249     1.6628     1.6637  31.422588  31.450970     1.4472     1.4478    34.6304    34.6644    27.7173    27.7446     3.6149     3.3374    109.920    101.478     0.9866     0.8596     0.0391    -0.0482     0.0000     0.0000     0.0000 -120.25220   31.77628      99.95          4  0.000e+00
     160989   6707.833   2912.308   2953.249     1.6628     1.6635  31.423041  31.450520     1.4472     1.4477    34.6309    34.6640    27.7178    27.7443     3.6248     3.3374    110.221    101.479     0.9878     0.8596     0.0391    -0.0482     0.0000     0.0000     0.0000 -120.25220   31.77628      99.95          4  0.000e+00
     160990   6707.875   2912.245   2953.185     1.6630     1.6637  31.422248  31.450464     1.4473     1.4478    34.6298    34.6638    27.7169    27.7441     3.6248     3.3373    110.220    101.478     0.9878     0.8596     0.0391    -0.0482     0.0000     0.0000     0.0000 -120.25220   31.77628      99.95          4  0.000e+00
     160991   6707.917   2912.308   2953.249     1.6628     1.6637  31.422192  31.450914     1.4472     1.4478    34.6299    34.6643    27.7170    27.7445     3.6248     3.3374    110.222    101.478     0.9878     0.8596     0.0391    -0.0482     0.0000     0.0000     0.0000 -120.25220   31.77628      99.95          4  0.000e+00
     160992   6707.958   2912.245   2953.185     1.6630     1.6636  31.422871  31.450520     1.4473     1.4478    34.6306    34.6639    27.7175    27.7442     3.6247     3.3373    110.219    101.478     0.9878     0.8596     0.0391    -0.0482     0.0000     0.0000     0.0000 -120.25220   31.77628      99.95          4  0.000e+00
     160993   6708.000   2912.323   2953.265     1.6629     1.6637  31.422079  31.450239     1.4472     1.4478    34.6297    34.6634    27.7168    27.7439     3.6248     3.3374    110.222    101.479     0.9878     0.8596     0.0391    -0.0482     0.0000     0.0000     0.0000 -120.25220   31.77628      99.95          4  0.000e+00
     160994   6708.042   2912.245   2953.185     1.6627     1.6635  31.423041  31.450632     1.4470     1.4477    34.6311    34.6641    27.7180    27.7444     3.6248     3.3373    110.220    101.478     0.9878     0.8596     0.0391    -0.0482     0.0000     0.0000     0.0000 -120.25220   31.77628      99.95          4  0.000e+00
     160995   6708.083   2912.308   2953.249     1.6628     1.6635  31.422758  31.450464     1.4472     1.4477    34.6306    34.6639    27.7175    27.7442     3.6248     3.3374    110.221    101.479     0.9878     0.8596     0.0391    -0.0482     0.0000     0.0000     0.0000 -120.25220   31.77628      99.95          4  0.000e+00
     160996   6708.125   2912.245   2953.185     1.6627     1.6634  31.422814  31.450464     1.4470     1.4475    34.6308    34.6641    27.7177    27.7444     3.6149     3.3374    109.919    101.479     0.9866     0.8596     0.0391    -0.0482     0.0000     0.0000     0.0000 -120.25220   31.77628      99.95          4  0.000e+00
