West Coast/WCOA-7/CTD_Data/RB2102_CTD_099_01.ros
* Sea-Bird SBE 9 Data File:
* FileName = C:\Users\scs.user.rb\CTD\RB2102\Data\RB2102_CTD_099_01.hex
* Software Version Seasave V 7.26.7.107
* Temperature SN = 6202
* Conductivity SN = 4907
* Number of Bytes Per Scan = 41
* Number of Voltage Words = 4
* Number of Scans Averaged by the Deck Unit = 1
* NMEA Latitude = 36 45.47 N
* NMEA Longitude = 121 55.59 W
* NMEA UTC (Time) = Jul 14 2021  20:46:18
* NMEA baud rate = 4800
# nquan = 30
# nvalues = 686                                   
# units = specified
# name 0 = scan: Scan Count
# name 1 = timeS: Time, Elapsed [seconds]
# name 2 = depSM: Depth [salt water, m]
# name 3 = prDM: Pressure, Digiquartz [db]
# name 4 = t090C: Temperature [ITS-90, deg C]
# name 5 = t190C: Temperature, 2 [ITS-90, deg C]
# name 6 = c0mS/cm: Conductivity [mS/cm]
# name 7 = c1mS/cm: Conductivity, 2 [mS/cm]
# name 8 = potemp090C: Potential Temperature [ITS-90, deg C]
# name 9 = potemp190C: Potential Temperature, 2 [ITS-90, deg C]
# name 10 = sal00: Salinity, Practical [PSU]
# name 11 = sal11: Salinity, Practical, 2 [PSU]
# name 12 = sigma-é00: Density [sigma-theta, kg/m^3]
# name 13 = sigma-é11: Density, 2 [sigma-theta, kg/m^3]
# name 14 = sbeox0Mg/L: Oxygen, SBE 43 [mg/l]
# name 15 = sbeox1Mg/L: Oxygen, SBE 43, 2 [mg/l]
# name 16 = sbox0Mm/Kg: Oxygen, SBE 43 [umol/kg]
# name 17 = sbox1Mm/Kg: Oxygen, SBE 43, 2 [umol/kg]
# name 18 = sbeox0V: Oxygen raw, SBE 43 [V]
# name 19 = sbeox1V: Oxygen raw, SBE 43, 2 [V]
# name 20 = v4: Voltage 4
# name 21 = flECO-AFL: Fluorescence, WET Labs ECO-AFL/FL [mg/m^3]
# name 22 = v3: Voltage 3
# name 23 = v6: Voltage 6
# name 24 = v7: Voltage 7
# name 25 = longitude: Longitude [deg]
# name 26 = latitude: Latitude [deg]
# name 27 = altM: Altimeter [m]
# name 28 = nbf: Bottles Fired
# name 29 = flag:  0.000e+00
# interval = seconds: 0.0416667
# start_time = Jul 14 2021 20:46:18 [NMEA time, header]
# bad_flag = -9.990e-29
*END*
[from data line 677]
      43329   1805.333      3.855      3.884    13.6083    13.6077  40.312230  40.312461    13.6078    13.6071    33.8308    33.8316    25.3646    25.3653     8.6019     8.7715    262.163    267.331     2.6264     2.5140     0.1062     1.6307     3.2125     0.1856     0.0391 -121.92650   36.75810      99.68         14  0.000e+00
      43330   1805.375      3.855      3.884    13.6087    13.6085  40.313095  40.313458    13.6081    13.6079    33.8313    33.8319    25.3649    25.3654     8.6018     8.7713    262.160    267.326     2.6264     2.5140     0.1062     1.6307     3.2112     0.1844     0.0391 -121.92650   36.75810      99.68         14  0.000e+00
      43331   1805.417      3.855      3.884    13.6090    13.6095  40.313028  40.314455    13.6085    13.6090    33.8309    33.8319    25.3645    25.3651     8.6018     8.7711    262.159    267.320     2.6264     2.5140     0.1062     1.6307     3.2112     0.1844     0.0391 -121.92650   36.75810      99.68         14  0.000e+00
      43332   1805.458      3.855      3.884    13.6095    13.6105  40.313627  40.314521    13.6090    13.6099    33.8311    33.8311    25.3645    25.3643     8.6017     8.7710    262.156    267.316     2.6264     2.5140     0.1062     1.6307     3.2112     0.1844     0.0391 -121.92650   36.75810      99.68         14  0.000e+00
      43333   1805.500      3.901      3.930    13.6098    13.6099  40.313428  40.313990    13.6093    13.6093    33.8306    33.8311    25.3641    25.3645     8.5968     8.7711    262.007    267.321     2.6252     2.5140     0.1062     1.6307     3.2112     0.1856     0.0391 -121.92650   36.75810      99.68         14  0.000e+00
      43334   1805.542      3.855      3.884    13.6097    13.6091  40.313294  40.314189    13.6091    13.6086    33.8306    33.8320    25.3641    25.3653     8.6017     8.7712    262.156    267.322     2.6264     2.5140     0.1062     1.6307     3.2112     0.1856     0.0391 -121.92650   36.75810      99.68         14  0.000e+00
      43335   1805.583      3.948      3.977    13.6098    13.6088  40.312896  40.313924    13.6093    13.6083    33.8301    33.8319    25.3637    25.3653     8.6018     8.7713    262.159    267.327     2.6264     2.5140     0.1062     1.6307     3.2112     0.1856     0.0391 -121.92650   36.75810      99.68         14  0.000e+00
      43336   1805.625      3.855      3.884    13.6093    13.6086  40.312895  40.313524    13.6088    13.6080    33.8306    33.8318    25.3642    25.3653     8.6017     8.7713    262.158    267.326     2.6264     2.5140     0.1062     1.6307     3.2112     0.1868     0.0403 -121.92650   36.75810      99.68         14  0.000e+00
      43337   1805.667      3.901      3.930    13.6092    13.6080  40.312962  40.313724    13.6087    13.6075    33.8307    33.8325    25.3643    25.3659     8.5969     8.7714    262.010    267.329     2.6252     2.5140     0.1062     1.6307     3.2112     0.1868     0.0403 -121.92650   36.75810      99.68         14  0.000e+00
