West Coast/WCOA-7/CTD_Data/RB2102_CTD_039_01.ros
* Sea-Bird SBE 9 Data File:
* FileName = C:\Users\scs.user.rb\CTD\RB2102\Data\RB2102_CTD_039_01.hex
* Software Version Seasave V 7.26.7.107
* Temperature SN = 6202
* Conductivity SN = 4907
* Number of Bytes Per Scan = 41
* Number of Voltage Words = 4
* Number of Scans Averaged by the Deck Unit = 1
* NMEA Latitude = 47 06.93 N
* NMEA Longitude = 124 58.86 W
* NMEA UTC (Time) = Jul 02 2021  13:07:40
* NMEA baud rate = 4800
# nquan = 30
# nvalues = 1029                                  
# units = specified
# name 0 = scan: Scan Count
# name 1 = timeS: Time, Elapsed [seconds]
# name 2 = depSM: Depth [salt water, m]
# name 3 = prDM: Pressure, Digiquartz [db]
# name 4 = t090C: Temperature [ITS-90, deg C]
# name 5 = t190C: Temperature, 2 [ITS-90, deg C]
# name 6 = c0mS/cm: Conductivity [mS/cm]
# name 7 = c1mS/cm: Conductivity, 2 [mS/cm]
# name 8 = potemp090C: Potential Temperature [ITS-90, deg C]
# name 9 = potemp190C: Potential Temperature, 2 [ITS-90, deg C]
# name 10 = sal00: Salinity, Practical [PSU]
# name 11 = sal11: Salinity, Practical, 2 [PSU]
# name 12 = sigma-é00: Density [sigma-theta, kg/m^3]
# name 13 = sigma-é11: Density, 2 [sigma-theta, kg/m^3]
# name 14 = sbeox0Mg/L: Oxygen, SBE 43 [mg/l]
# name 15 = sbeox1Mg/L: Oxygen, SBE 43, 2 [mg/l]
# name 16 = sbox0Mm/Kg: Oxygen, SBE 43 [umol/kg]
# name 17 = sbox1Mm/Kg: Oxygen, SBE 43, 2 [umol/kg]
# name 18 = sbeox0V: Oxygen raw, SBE 43 [V]
# name 19 = sbeox1V: Oxygen raw, SBE 43, 2 [V]
# name 20 = v4: Voltage 4
# name 21 = flECO-AFL: Fluorescence, WET Labs ECO-AFL/FL [mg/m^3]
# name 22 = v3: Voltage 3
# name 23 = v6: Voltage 6
# name 24 = v7: Voltage 7
# name 25 = longitude: Longitude [deg]
# name 26 = latitude: Latitude [deg]
# name 27 = altM: Altimeter [m]
# name 28 = nbf: Bottles Fired
# name 29 = flag:  0.000e+00
# interval = seconds: 0.0416667
# start_time = Jul 02 2021 13:07:40 [NMEA time, header]
# bad_flag = -9.990e-29
*END*
[from data line 97]
      31668   1319.458    392.450    396.118     6.1615     6.1619  33.825988  33.826535     6.1270     6.1273    34.0283    34.0286    26.7687    26.7689     1.7569     1.8467     53.471     56.207     0.8376     0.8413     0.0403    -0.0177     3.2955     1.7460     0.0000 -124.98154   47.11530      16.24          2  0.000e+00
      31682   1320.042    392.769    396.441     6.1617     6.1618  33.826051  33.826722     6.1271     6.1272    34.0280    34.0287    26.7685    26.7690     1.7569     1.8468     53.473     56.209     0.8376     0.8413     0.0403    -0.0177     3.2955     1.7460     0.0000 -124.98154   47.11530      15.75          3  0.000e+00
      31683   1320.083    392.749    396.421     6.1615     6.1618  33.826175  33.826846     6.1270     6.1272    34.0283    34.0288    26.7688    26.7691     1.7569     1.8468     53.473     56.209     0.8376     0.8413     0.0403    -0.0177     3.2943     1.7448     0.0000 -124.98154   47.11530      15.68          3  0.000e+00
      31684   1320.125    392.849    396.521     6.1617     6.1619  33.825989  33.826350     6.1272     6.1273    34.0279    34.0281    26.7684    26.7686     1.7569     1.8468     53.474     56.210     0.8376     0.8413     0.0403    -0.0177     3.2955     1.7460     0.0000 -124.98154   47.11530      15.60          3  0.000e+00
      31685   1320.167    392.769    396.441     6.1617     6.1619  33.825926  33.826412     6.1271     6.1274    34.0279    34.0282    26.7684    26.7686     1.7569     1.8468     53.473     56.209     0.8376     0.8413     0.0403    -0.0177     3.2955     1.7448     0.0000 -124.98154   47.11530      15.60          3  0.000e+00
      31686   1320.208    392.796    396.468     6.1617     6.1619  33.826175  33.826722     6.1272     6.1273    34.0281    34.0286    26.7686    26.7689     1.7569     1.8468     53.473     56.210     0.8376     0.8413     0.0403    -0.0177     3.2955     1.7460     0.0000 -124.98154   47.11530      15.60          3  0.000e+00
      31687   1320.250    392.863    396.535     6.1617     6.1619  33.826051  33.826598     6.1271     6.1274    34.0280    34.0283    26.7685    26.7687     1.7569     1.8402     53.474     56.007     0.8376     0.8400     0.0403    -0.0177     3.2955     1.7460     0.0000 -124.98154   47.11530      15.60          3  0.000e+00
      31688   1320.292    392.796    396.468     6.1618     6.1618  33.826175  33.826970     6.1273     6.1272    34.0280    34.0290    26.7685    26.7692     1.7569     1.8468     53.473     56.210     0.8376     0.8413     0.0403    -0.0177     3.2955     1.7460     0.0000 -124.98154   47.11530      15.60          3  0.000e+00
      31689   1320.333    392.849    396.521     6.1618     6.1619  33.826051  33.826908     6.1273     6.1273    34.0278    34.0288    26.7683    26.7691     1.7569     1.8468     53.474     56.210     0.8376     0.8413     0.0403    -0.0177     3.2955     1.7460     0.0000 -124.98154   47.11530      15.70          3  0.000e+00
      31690   1320.375    392.863    396.535     6.1618     6.1619  33.825989  33.826598     6.1273     6.1274    34.0278    34.0283    26.7683    26.7687     1.7569     1.8468     53.474     56.210     0.8376     0.8413     0.0403    -0.0177     3.2955     1.7460     0.0000 -124.98154   47.11530      15.80          3  0.000e+00
      31691   1320.417    392.896    396.569     6.1617     6.1617  33.825679  33.826722     6.1272     6.1272    34.0275    34.0287    26.7681    26.7690     1.7570     1.8469     53.474     56.210     0.8376     0.8413     0.0403    -0.0177     3.2955     1.7448     0.0000 -124.98154   47.11530      15.82          3  0.000e+00
      31692   1320.458    392.849    396.521     6.1617     6.1619  33.826113  33.826784     6.1271     6.1274    34.0281    34.0285    26.7685    26.7689     1.7569     1.8402     53.474     56.006     0.8376     0.8400     0.0403    -0.0177     3.2955     1.7460     0.0000 -124.98154   47.11530      15.82          3  0.000e+00
      31693   1320.500    392.863    396.535     6.1617     6.1618  33.826051  33.826846     6.1271     6.1272    34.0280    34.0288    26.7685    26.7691     1.7569     1.8402     53.474     56.007     0.8376     0.8400     0.0403    -0.0177     3.2955     1.7448     0.0000 -124.98154   47.11530      15.82          3  0.000e+00
      31694   1320.542    392.896    396.569     6.1617     6.1619  33.826175  33.827032     6.1272     6.1273    34.0281    34.0289    26.7685    26.7692     1.7569     1.8468     53.474     56.210     0.8376     0.8413     0.0403    -0.0177     3.2955     1.7448     0.0000 -124.98154   47.11530      15.82          3  0.000e+00
      31695   1320.583    392.863    396.535     6.1615     6.1618  33.825989  33.826660     6.1270     6.1272    34.0281    34.0286    26.7686    26.7689     1.7569     1.8468     53.474     56.210     0.8376     0.8413     0.0403    -0.0177     3.2955     1.7448     0.0000 -124.98154   47.11530      15.82          3  0.000e+00
      31696   1320.625    392.896    396.569     6.1617     6.1618  33.826175  33.826536     6.1272     6.1272    34.0281    34.0284    26.7685    26.7688     1.7569     1.8469     53.474     56.210     0.8376     0.8413     0.0403    -0.0177     3.2955     1.7448     0.0000 -124.98154   47.11530      15.82          3  0.000e+00
      31697   1320.667    392.896    396.568     6.1618     6.1619  33.826051  33.826722     6.1273     6.1273    34.0278    34.0285    26.7683    26.7689     1.7569     1.8469     53.474     56.210     0.8376     0.8413     0.0403    -0.0177     3.2955     1.7448     0.0000 -124.98154   47.11530      15.85          3  0.000e+00
      31698   1320.708    392.863    396.535     6.1617     6.1619  33.826175  33.827032     6.1271     6.1274    34.0281    34.0288    26.7686    26.7691     1.7569     1.8402     53.474     56.006     0.8376     0.8400     0.0403    -0.0177     3.2955     1.7448     0.0000 -124.98154   47.11530      15.82          3  0.000e+00
      31699   1320.750    392.849    396.521     6.1618     6.1619  33.825989  33.827342     6.1273     6.1273    34.0277    34.0293    26.7683    26.7694     1.7569     1.8468     53.474     56.210     0.8376     0.8413     0.0403    -0.0177     3.2943     1.7448     0.0000 -124.98154   47.11530      15.82          3  0.000e+00
      31700   1320.792    392.916    396.589     6.1618     6.1618  33.826175  33.826722     6.1273     6.1272    34.0280    34.0286    26.7684    26.7690     1.7569     1.8402     53.474     56.007     0.8376     0.8400     0.0403    -0.0177     3.2955     1.7448     0.0000 -124.98154   47.11530      15.82          3  0.000e+00
      31701   1320.833    392.849    396.521     6.1618     6.1616  33.826051  33.826536     6.1273     6.1271    34.0278    34.0286    26.7683    26.7690     1.7569     1.8469     53.474     56.210     0.8376     0.8413     0.0403    -0.0177     3.2955     1.7448     0.0000 -124.98154   47.11530      15.87          3  0.000e+00
      31702   1320.875    392.896    396.568     6.1618     6.1619  33.825989  33.826722     6.1273     6.1273    34.0278    34.0285    26.7683    26.7689     1.7569     1.8469     53.474     56.210     0.8376     0.8413     0.0403    -0.0177     3.2955     1.7448     0.0000 -124.98154   47.11530      15.90          3  0.000e+00
      31703   1320.917    392.816    396.488     6.1618     6.1616  33.826175  33.826536     6.1273     6.1271    34.0280    34.0286    26.7685    26.7690     1.7569     1.8468     53.473     56.210     0.8376     0.8413     0.0403    -0.0177     3.2955     1.7448     0.0000 -124.98154   47.11530      15.90          3  0.000e+00
      31704   1320.958    392.896    396.568     6.1618     6.1619  33.826237  33.826722     6.1273     6.1273    34.0280    34.0285    26.7685    26.7689     1.7569     1.8469     53.474     56.210     0.8376     0.8413     0.0403    -0.0177     3.2955     1.7448     0.0000 -124.98154   47.11530      15.90          3  0.000e+00
      31705   1321.000    392.849    396.521     6.1620     6.1618  33.826051  33.826598     6.1275     6.1272    34.0277    34.0285    26.7682    26.7689     1.7569     1.8402     53.473     56.007     0.8376     0.8400     0.0403    -0.0177     3.2955     1.7448     0.0000 -124.98154   47.11530      15.90          3  0.000e+00
      31706   1321.042    392.816    396.488     6.1618     6.1619  33.826175  33.826722     6.1273     6.1274    34.0280    34.0285    26.7684    26.7688     1.7569     1.8468     53.473     56.210     0.8376     0.8413     0.0403    -0.0177     3.2955     1.7448     0.0000 -124.98154   47.11530      15.90          3  0.000e+00
      31707   1321.083    392.849    396.521     6.1620     6.1619  33.826237  33.826598     6.1275     6.1273    34.0279    34.0284    26.7683    26.7688     1.7569     1.8468     53.473     56.210     0.8376     0.8413     0.0403    -0.0177     3.2955     1.7448     0.0000 -124.98154   47.11530      15.90          3  0.000e+00
      31708   1321.125    392.816    396.488     6.1623     6.1619  33.826485  33.826722     6.1277     6.1274    34.0279    34.0285    26.7683    26.7688     1.7569     1.8468     53.473     56.210     0.8376     0.8413     0.0403    -0.0177     3.2955     1.7448     0.0000 -124.98154   47.11530      15.90          3  0.000e+00
      31709   1321.167    392.849    396.521     6.1620     6.1619  33.826113  33.826784     6.1275     6.1273    34.0277    34.0286    26.7682    26.7690     1.7569     1.8468     53.473     56.210     0.8376     0.8413     0.0403    -0.0177     3.2943     1.7448     0.0000 -124.98154   47.11530      15.90          3  0.000e+00
      31710   1321.208    392.796    396.468     6.1620     6.1619  33.826175  33.826846     6.1275     6.1274    34.0278    34.0286    26.7683    26.7689     1.7569     1.8468     53.473     56.209     0.8376     0.8413     0.0403    -0.0177     3.2943     1.7448     0.0000 -124.98154   47.11530      15.92          3  0.000e+00
      31711   1321.250    392.816    396.488     6.1620     6.1621  33.826051  33.826846     6.1275     6.1276    34.0277    34.0285    26.7682    26.7688     1.7569     1.8468     53.473     56.209     0.8376     0.8413     0.0403    -0.0177     3.2943     1.7448     0.0000 -124.98154   47.11530      15.90          3  0.000e+00
      31712   1321.292    392.796    396.468     6.1621     6.1620  33.826175  33.826598     6.1276     6.1275    34.0277    34.0283    26.7682    26.7686     1.7569     1.8401     53.473     56.006     0.8376     0.8400     0.0403    -0.0177     3.2955     1.7448     0.0000 -124.98154   47.11530      15.90          3  0.000e+00
      31713   1321.333    392.749    396.421     6.1620     6.1621  33.826299  33.826970     6.1275     6.1276    34.0280    34.0286    26.7684    26.7689     1.7569     1.8468     53.473     56.209     0.8376     0.8413     0.0403    -0.0177     3.2955     1.7448     0.0000 -124.98154   47.11530      15.85          3  0.000e+00
      31714   1321.375    392.769    396.441     6.1620     6.1619  33.826237  33.826846     6.1275     6.1274    34.0279    34.0286    26.7684    26.7690     1.7569     1.8401     53.473     56.006     0.8376     0.8400     0.0403    -0.0177     3.2955     1.7448     0.0000 -124.98154   47.11530      15.80          3  0.000e+00
      31715   1321.417    392.749    396.421     6.1620     6.1622  33.826237  33.827032     6.1275     6.1277    34.0279    34.0286    26.7684    26.7689     1.7569     1.8401     53.473     56.005     0.8376     0.8400     0.0403    -0.0177     3.2955     1.7448     0.0000 -124.98154   47.11530      15.80          3  0.000e+00
      31716   1321.458    392.716    396.387     6.1620     6.1621  33.826050  33.827156     6.1275     6.1276    34.0277    34.0289    26.7682    26.7691     1.7569     1.8401     53.472     56.005     0.8376     0.8400     0.0403    -0.0177     3.2955     1.7448     0.0000 -124.98154   47.11530      15.80          3  0.000e+00
      31717   1321.500    392.749    396.421     6.1621     6.1622  33.826175  33.827342     6.1276     6.1277    34.0277    34.0290    26.7682    26.7692     1.7569     1.8468     53.473     56.209     0.8376     0.8413     0.0403    -0.0177     3.2943     1.7460     0.0000 -124.98154   47.11530      15.80          3  0.000e+00
      31718   1321.542    392.696    396.367     6.1620     6.1624  33.825802  33.827217     6.1275     6.1279    34.0275    34.0286    26.7680    26.7689     1.7569     1.8468     53.472     56.208     0.8376     0.8413     0.0403    -0.0177     3.2955     1.7460     0.0000 -124.98154   47.11530      15.80          3  0.000e+00
      31719   1321.583    392.669    396.340     6.1620     6.1622  33.825864  33.826907     6.1275     6.1277    34.0275    34.0285    26.7681    26.7688     1.7569     1.8468     53.472     56.208     0.8376     0.8413     0.0403    -0.0177     3.2955     1.7460     0.0000 -124.98154   47.11530      15.82          3  0.000e+00
      31720   1321.625    392.696    396.367     6.1618     6.1623  33.825740  33.827031     6.1273     6.1278    34.0276    34.0285    26.7681    26.7688     1.7569     1.8468     53.473     56.208     0.8376     0.8413     0.0403    -0.0177     3.2955     1.7460     0.0000 -124.98154   47.11530      15.85          3  0.000e+00
      31721   1321.667    392.650    396.320     6.1618     6.1624  33.825864  33.826659     6.1273     6.1279    34.0277    34.0280    26.7682    26.7684     1.7569     1.8468     53.472     56.208     0.8376     0.8413     0.0403    -0.0177     3.2943     1.7460     0.0000 -124.98154   47.11530      15.87          3  0.000e+00
      31722   1321.708    392.616    396.286     6.1615     6.1623  33.825740  33.826969     6.1270     6.1278    34.0279    34.0285    26.7684    26.7688     1.7569     1.8401     53.472     56.004     0.8376     0.8400     0.0403    -0.0177     3.2955     1.7460     0.0000 -124.98154   47.11530      15.87          3  0.000e+00
      31723   1321.750    392.649    396.320     6.1615     6.1622  33.825678  33.827155     6.1270     6.1277    34.0278    34.0288    26.7684    26.7690     1.7569     1.8468     53.473     56.208     0.8376     0.8413     0.0403    -0.0177     3.2955     1.7460     0.0000 -124.98154   47.11530      15.85          3  0.000e+00
      31724   1321.792    392.616    396.286     6.1615     6.1624  33.826112  33.826907     6.1270     6.1279    34.0283    34.0283    26.7688    26.7686     1.7569     1.8468     53.472     56.207     0.8376     0.8413     0.0403    -0.0177     3.2955     1.7460     0.0000 -124.98154   47.11530      15.85          3  0.000e+00
      31725   1321.833    392.596    396.266     6.1618     6.1625  33.826236  33.826783     6.1273     6.1280    34.0282    34.0281    26.7686    26.7685     1.7569     1.8401     53.472     56.004     0.8376     0.8400     0.0403    -0.0177     3.2955     1.7460     0.0000 -124.98154   47.11530      15.85          3  0.000e+00
      31726   1321.875    392.550    396.219     6.1617     6.1621  33.825802  33.826597     6.1272     6.1276    34.0278    34.0283    26.7683    26.7687     1.7508     1.8468     53.286     56.207     0.8364     0.8413     0.0403    -0.0177     3.2967     1.7460     0.0000 -124.98154   47.11530      15.85          3  0.000e+00
      31727   1321.917    392.570    396.239     6.1618     6.1623  33.826112  33.826721     6.1273     6.1278    34.0281    34.0282    26.7685    26.7686     1.7508     1.8401     53.285     56.004     0.8364     0.8400     0.0403    -0.0177     3.2943     1.7460     0.0000 -124.98154   47.11530      15.85          3  0.000e+00
      31728   1321.958    392.550    396.219     6.1620     6.1621  33.826236  33.827031     6.1275     6.1276    34.0280    34.0288    26.7685    26.7691     1.7507     1.8401     53.285     56.004     0.8364     0.8400     0.0403    -0.0177     3.2943     1.7460     0.0000 -124.98154   47.11530      15.85          3  0.000e+00
