West Coast/WCOA-7/CTD_Data/RB2102_CTD_130_01.ros
* Sea-Bird SBE 9 Data File:
* FileName = C:\Users\scs.user.rb\CTD\RB2102\Data\RB2102_CTD_130_01.hex
* Software Version Seasave V 7.26.7.107
* Temperature SN = 6202
* Conductivity SN = 4907
* Number of Bytes Per Scan = 41
* Number of Voltage Words = 4
* Number of Scans Averaged by the Deck Unit = 1
* NMEA Latitude = 32 39.05 N
* NMEA Longitude = 119 28.96 W
* NMEA UTC (Time) = Jul 22 2021  01:30:53
* NMEA baud rate = 4800
# nquan = 30
# nvalues = 1127                                  
# units = specified
# name 0 = scan: Scan Count
# name 1 = timeS: Time, Elapsed [seconds]
# name 2 = depSM: Depth [salt water, m]
# name 3 = prDM: Pressure, Digiquartz [db]
# name 4 = t090C: Temperature [ITS-90, deg C]
# name 5 = t190C: Temperature, 2 [ITS-90, deg C]
# name 6 = c0mS/cm: Conductivity [mS/cm]
# name 7 = c1mS/cm: Conductivity, 2 [mS/cm]
# name 8 = potemp090C: Potential Temperature [ITS-90, deg C]
# name 9 = potemp190C: Potential Temperature, 2 [ITS-90, deg C]
# name 10 = sal00: Salinity, Practical [PSU]
# name 11 = sal11: Salinity, Practical, 2 [PSU]
# name 12 = sigma-é00: Density [sigma-theta, kg/m^3]
# name 13 = sigma-é11: Density, 2 [sigma-theta, kg/m^3]
# name 14 = sbeox0Mg/L: Oxygen, SBE 43 [mg/l]
# name 15 = sbeox1Mg/L: Oxygen, SBE 43, 2 [mg/l]
# name 16 = sbox0Mm/Kg: Oxygen, SBE 43 [umol/kg]
# name 17 = sbox1Mm/Kg: Oxygen, SBE 43, 2 [umol/kg]
# name 18 = sbeox0V: Oxygen raw, SBE 43 [V]
# name 19 = sbeox1V: Oxygen raw, SBE 43, 2 [V]
# name 20 = v4: Voltage 4
# name 21 = flECO-AFL: Fluorescence, WET Labs ECO-AFL/FL [mg/m^3]
# name 22 = v3: Voltage 3
# name 23 = v6: Voltage 6
# name 24 = v7: Voltage 7
# name 25 = longitude: Longitude [deg]
# name 26 = latitude: Latitude [deg]
# name 27 = altM: Altimeter [m]
# name 28 = nbf: Bottles Fired
# name 29 = flag:  0.000e+00
# interval = seconds: 0.0416667
# start_time = Jul 22 2021 01:30:53 [NMEA time, header]
# bad_flag = -9.990e-29
*END*
[from data line 436]
      89047   3710.250    197.645    199.138     8.6427     8.6419  36.082489  36.083181     8.6219     8.6211    34.1355    34.1370    26.5005    26.5018     2.0264     1.8979     61.690     57.780     0.9280     0.8828     0.0403    -0.0177     3.1490     0.0000     0.0000 -119.48298   32.65058      99.88          9  0.000e+00
      89048   3710.292    197.545    199.038     8.6427     8.6422  36.082553  36.082990     8.6219     8.6213    34.1356    34.1366    26.5006    26.5015     2.0263     1.8918     61.689     57.592     0.9280     0.8816     0.0403    -0.0177     3.1490     0.0000     0.0000 -119.48298   32.65058      99.88          9  0.000e+00
      89049   3710.333    197.645    199.138     8.6429     8.6422  36.082362  36.083118     8.6220     8.6213    34.1352    34.1367    26.5003    26.5015     2.0264     1.8979     61.690     57.779     0.9280     0.8828     0.0403    -0.0177     3.1502     0.0000     0.0000 -119.48298   32.65058      99.88          9  0.000e+00
      89050   3710.375    197.625    199.118     8.6425     8.6422  36.082298  36.082990     8.6217     8.6213    34.1355    34.1366    26.5005    26.5014     2.0264     1.8979     61.690     57.779     0.9280     0.8828     0.0403    -0.0177     3.1490     0.0000     0.0000 -119.48298   32.65058      99.88          9  0.000e+00
      89051   3710.417    197.598    199.092     8.6427     8.6420  36.082044  36.082672     8.6219     8.6211    34.1350    34.1364    26.5002    26.5014     2.0264     1.8979     61.690     57.779     0.9280     0.8828     0.0403    -0.0177     3.1502     0.0000     0.0000 -119.48298   32.65058      99.88          9  0.000e+00
      94157   3923.167    148.894    150.001     8.9968     8.9902  36.260528  36.256767     8.9808     8.9741    34.0050    34.0075    26.3420    26.3450     3.2765     3.0536     99.766     92.976     1.2100     1.1221     0.0403    -0.0177     3.1465     0.0012     0.0000 -119.48306   32.65048      99.73         10  0.000e+00
      94158   3923.208    148.834    149.941     8.9973     8.9893  36.260400  36.256129     8.9812     8.9733    34.0045    34.0076    26.3416    26.3453     3.2765     3.0536     99.764     92.977     1.2100     1.1221     0.0403    -0.0177     3.1465     0.0012     0.0000 -119.48306   32.65048      99.73         10  0.000e+00
      94159   3923.250    148.841    149.948     8.9972     8.9890  36.260528  36.256193     8.9811     8.9730    34.0047    34.0080    26.3417    26.3456     3.2820     3.0536     99.933     92.977     1.2112     1.1221     0.0403    -0.0177     3.1465     0.0012     0.0000 -119.48306   32.65048      99.71         10  0.000e+00
      94160   3923.292    148.881    149.988     8.9968     8.9886  36.260400  36.256257     8.9808     8.9726    34.0049    34.0084    26.3419    26.3460     3.2821     3.0536     99.934     92.978     1.2112     1.1221     0.0391    -0.0482     3.1465     0.0012     0.0000 -119.48306   32.65048      99.71         10  0.000e+00
      94161   3923.333    148.841    149.948     8.9969     8.9886  36.260018  36.256066     8.9809     8.9726    34.0044    34.0082    26.3415    26.3458     3.2765     3.0536     99.765     92.978     1.2100     1.1221     0.0403    -0.0177     3.1465     0.0012     0.0000 -119.48306   32.65048      99.71         10  0.000e+00
      94162   3923.375    148.841    149.948     8.9965     8.9888  36.259763  36.256193     8.9805     8.9728    34.0045    34.0081    26.3417    26.3457     3.2821     3.0597     99.934     93.161     1.2112     1.1233     0.0403    -0.0177     3.1465     0.0012     0.0000 -119.48306   32.65048      99.73         10  0.000e+00
      94163   3923.417    148.834    149.941     8.9965     8.9890  36.259763  36.256321     8.9805     8.9730    34.0045    34.0081    26.3417    26.3457     3.2821     3.0596     99.934     93.161     1.2112     1.1233     0.0403    -0.0177     3.1465     0.0012     0.0000 -119.48306   32.65048      99.73         10  0.000e+00
      94164   3923.458    148.794    149.901     8.9963     8.9895  36.259890  36.256767     8.9803     8.9735    34.0049    34.0081    26.3420    26.3456     3.2766     3.0596     99.766     93.159     1.2100     1.1233     0.0403    -0.0177     3.1465     0.0012     0.0000 -119.48306   32.65048      99.71         10  0.000e+00
      94165   3923.500    148.894    150.001     8.9960     8.9896  36.259763  36.256703     8.9800     8.9736    34.0050    34.0079    26.3421    26.3454     3.2821     3.0536     99.936     92.976     1.2112     1.1221     0.0403    -0.0177     3.1465     0.0012     0.0000 -119.48306   32.65048      99.71         10  0.000e+00
      94166   3923.542    148.788    149.894     8.9959     8.9902  36.259635  36.257085     8.9798     8.9741    34.0050    34.0078    26.3422    26.3453     3.2821     3.0595     99.935     93.158     1.2112     1.1233     0.0403    -0.0177     3.1465     0.0012     0.0000 -119.48306   32.65048      99.73         10  0.000e+00
      94167   3923.583    148.841    149.948     8.9960     8.9908  36.259252  36.257021     8.9799     8.9748    34.0045    34.0071    26.3418    26.3446     3.2766     3.0535     99.767     92.974     1.2100     1.1221     0.0403    -0.0177     3.1465     0.0012     0.0000 -119.48306   32.65048      99.73         10  0.000e+00
      94168   3923.625    148.794    149.901     8.9957     8.9915  36.259252  36.257595     8.9797     8.9755    34.0048    34.0071    26.3421    26.3445     3.2821     3.0595     99.936     93.155     1.2112     1.1233     0.0403    -0.0177     3.1465     0.0012     0.0000 -119.48306   32.65048      99.73         10  0.000e+00
      94169   3923.667    148.788    149.894     8.9957     8.9927  36.259380  36.258614     8.9797     8.9767    34.0050    34.0070    26.3422    26.3442     3.2821     3.0594     99.935     93.152     1.2112     1.1233     0.0403    -0.0177     3.1465     0.0012     0.0000 -119.48306   32.65048      99.73         10  0.000e+00
      94170   3923.708    148.841    149.948     8.9954     8.9934  36.259444  36.258614     8.9794     8.9774    34.0052    34.0063    26.3424    26.3436     3.2766     3.0593     99.768     93.152     1.2100     1.1233     0.0403    -0.0177     3.1477     0.0012     0.0000 -119.48306   32.65048      99.71         10  0.000e+00
      94171   3923.750    148.748    149.854     8.9957     8.9939  36.259316  36.259251     8.9797     8.9779    34.0049    34.0065    26.3421    26.3437     3.2821     3.0532     99.935     92.966     1.2112     1.1221     0.0403    -0.0177     3.1465     0.0012     0.0000 -119.48306   32.65048      99.71         10  0.000e+00
      94172   3923.792    148.834    149.941     8.9954     8.9947  36.259125  36.259697     8.9793     8.9787    34.0050    34.0062    26.3422    26.3433     3.2822     3.0593     99.937     93.149     1.2112     1.1233     0.0403    -0.0177     3.1465     0.0012     0.0000 -119.48306   32.65050      99.73         10  0.000e+00
      94173   3923.833    148.748    149.854     8.9954     8.9950  36.258742  36.259824     8.9794     8.9790    34.0045    34.0060    26.3419    26.3431     3.2766     3.0592     99.767     93.147     1.2100     1.1233     0.0403    -0.0177     3.1477     0.0012     0.0000 -119.48306   32.65050      99.71         10  0.000e+00
      94174   3923.875    148.795    149.901     8.9950     8.9949  36.258997  36.259825     8.9790     8.9789    34.0052    34.0062    26.3424    26.3432     3.2766     3.0592     99.768     93.148     1.2100     1.1233     0.0403    -0.0177     3.1465     0.0012     0.0000 -119.48306   32.65050      99.73         10  0.000e+00
      94175   3923.917    148.788    149.894     8.9950     8.9952  36.258997  36.260016     8.9790     8.9792    34.0052    34.0061    26.3424    26.3431     3.2766     3.0592     99.768     93.148     1.2100     1.1233     0.0403    -0.0177     3.1465     0.0012     0.0000 -119.48306   32.65050      99.71         10  0.000e+00
      94176   3923.958    148.748    149.854     8.9950     8.9957  36.258806  36.260780     8.9790     8.9797    34.0050    34.0064    26.3423    26.3433     3.2766     3.0591     99.768     93.146     1.2100     1.1233     0.0391    -0.0482     3.1465     0.0012     0.0000 -119.48306   32.65050      99.73         10  0.000e+00
      94177   3924.000    148.748    149.854     8.9950     8.9960  36.259252  36.260844     8.9790     8.9800    34.0055    34.0062    26.3427    26.3431     3.2766     3.0591     99.768     93.145     1.2100     1.1233     0.0403    -0.0177     3.1465     0.0012     0.0000 -119.48306   32.65050      99.73         10  0.000e+00
      94178   3924.042    148.788    149.894     8.9954     8.9962  36.259316  36.260971     8.9793     8.9802    34.0052    34.0061    26.3424    26.3430     3.2821     3.0591     99.936     93.145     1.2112     1.1233     0.0403    -0.0177     3.1465     0.0012     0.0000 -119.48306   32.65050      99.73         10  0.000e+00
      94179   3924.083    148.695    149.801     8.9958     8.9965  36.259124  36.261290     8.9798     8.9805    34.0046    34.0062    26.3419    26.3430     3.2821     3.0591     99.934     93.143     1.2112     1.1233     0.0403    -0.0177     3.1465     0.0012     0.0000 -119.48306   32.65050      99.73         10  0.000e+00
      94180   3924.125    148.795    149.901     8.9959     8.9968  36.258742  36.261163     8.9798     8.9808    34.0041    34.0057    26.3415    26.3426     3.2766     3.0591     99.767     93.144     1.2100     1.1233     0.0403    -0.0177     3.1465     0.0012     0.0000 -119.48306   32.65050      99.73         10  0.000e+00
      94181   3924.167    148.689    149.794     8.9957     8.9970  36.258742  36.261290     8.9797     8.9810    34.0043    34.0057    26.3417    26.3425     3.2710     3.0590     99.598     93.142     1.2088     1.1233     0.0403    -0.0177     3.1465     0.0012     0.0000 -119.48306   32.65050      99.73         10  0.000e+00
      94182   3924.208    148.748    149.854     8.9953     8.9965  36.258423  36.261162     8.9793     8.9805    34.0043    34.0060    26.3417    26.3429     3.2766     3.0591     99.768     93.144     1.2100     1.1233     0.0403    -0.0177     3.1465     0.0012     0.0000 -119.48306   32.65050      99.73         10  0.000e+00
      94183   3924.250    148.695    149.801     8.9949     8.9965  36.258168  36.260844     8.9789     8.9805    34.0045    34.0057    26.3419    26.3426     3.2766     3.0591     99.768     93.144     1.2100     1.1233     0.0403    -0.0177     3.1465     0.0012     0.0000 -119.48306   32.65050      99.73         10  0.000e+00
      94184   3924.292    148.735    149.841     8.9944     8.9965  36.258041  36.260971     8.9784     8.9805    34.0048    34.0058    26.3423    26.3427     3.2711     3.0591     99.601     93.144     1.2088     1.1233     0.0403    -0.0177     3.1477     0.0012     0.0000 -119.48306   32.65050      99.71         10  0.000e+00
      94185   3924.333    148.695    149.801     8.9945     8.9968  36.257849  36.260589     8.9785     8.9808    34.0045    34.0052    26.3420    26.3421     3.2767     3.0591     99.769     93.143     1.2100     1.1233     0.0403    -0.0177     3.1465     0.0012     0.0000 -119.48306   32.65050      99.71         10  0.000e+00
      94186   3924.375    148.735    149.841     8.9942     8.9965  36.257849  36.260908     8.9782     8.9805    34.0048    34.0058    26.3422    26.3427     3.2767     3.0591     99.770     93.144     1.2100     1.1233     0.0403    -0.0177     3.1453     0.0012     0.0000 -119.48306   32.65050      99.73         10  0.000e+00
      94187   3924.417    148.596    149.701     8.9937     8.9965  36.257466  36.260588     8.9777     8.9805    34.0049    34.0055    26.3424    26.3425     3.2711     3.0590     99.601     93.143     1.2088     1.1233     0.0403    -0.0177     3.1465     0.0012     0.0000 -119.48306   32.65050      99.73         10  0.000e+00
      94188   3924.458    148.695    149.801     8.9935     8.9964  36.257212  36.260652     8.9775     8.9804    34.0048    34.0057    26.3424    26.3426     3.2712     3.0591     99.602     93.144     1.2088     1.1233     0.0403    -0.0177     3.1465     0.0012     0.0000 -119.48306   32.65050      99.71         10  0.000e+00
      94189   3924.500    148.636    149.741     8.9939     8.9960  36.257339  36.260525     8.9779     8.9800    34.0046    34.0059    26.3421    26.3428     3.2767     3.0591     99.769     93.144     1.2100     1.1233     0.0403    -0.0177     3.1465     0.0012     0.0000 -119.48306   32.65050      99.73         10  0.000e+00
      94190   3924.542    148.695    149.801     8.9942     8.9964  36.257467  36.260652     8.9782     8.9804    34.0044    34.0057    26.3419    26.3426     3.2711     3.0591     99.601     93.144     1.2088     1.1233     0.0403    -0.0177     3.1453     0.0012     0.0000 -119.48306   32.65050      99.73         10  0.000e+00
      94191   3924.583    148.649    149.754     8.9947     8.9958  36.257658  36.260461     8.9787     8.9798    34.0042    34.0060    26.3417    26.3429     3.2766     3.0591     99.768     93.144     1.2100     1.1233     0.0403    -0.0177     3.1465     0.0012     0.0000 -119.48306   32.65050      99.73         10  0.000e+00
      94192   3924.625    148.636    149.741     8.9946     8.9964  36.257785  36.260652     8.9786     8.9804    34.0044    34.0057    26.3419    26.3426     3.2766     3.0591     99.768     93.143     1.2100     1.1233     0.0403    -0.0177     3.1477     0.0012     0.0000 -119.48306   32.65050      99.71         10  0.000e+00
      94193   3924.667    148.649    149.754     8.9946     8.9964  36.258551  36.260525     8.9786     8.9804    34.0052    34.0056    26.3425    26.3425     3.2766     3.0591     99.768     93.144     1.2100     1.1233     0.0403    -0.0177     3.1477     0.0012     0.0000 -119.48306   32.65050      99.71         10  0.000e+00
      94194   3924.708    148.596    149.701     8.9953     8.9957  36.258678  36.260652     8.9793     8.9797    34.0047    34.0063    26.3420    26.3432     3.2765     3.0591     99.766     93.144     1.2100     1.1233     0.0403    -0.0177     3.1477     0.0012     0.0000 -119.48306   32.65050      99.71         10  0.000e+00
      94195   3924.750    148.589    149.694     8.9957     8.9958  36.258741  36.260270     8.9797     8.9798    34.0044    34.0058    26.3417    26.3428     3.2765     3.0591     99.765     93.144     1.2100     1.1233     0.0403    -0.0177     3.1453     0.0012     0.0000 -119.48306   32.65050      99.73         10  0.000e+00
      94196   3924.792    148.649    149.754     8.9954     8.9960  36.258678  36.260334     8.9794     8.9800    34.0046    34.0057    26.3419    26.3427     3.2710     3.0591     99.598     93.144     1.2088     1.1233     0.0403    -0.0177     3.1477     0.0012     0.0000 -119.48306   32.65050      99.71         10  0.000e+00
      94197   3924.833    148.549    149.654     8.9951     8.9962  36.258741  36.260206     8.9791     8.9802    34.0049    34.0054    26.3422    26.3425     3.2710     3.0590     99.597     93.143     1.2088     1.1233     0.0403    -0.0177     3.1465     0.0012     0.0000 -119.48306   32.65050      99.71         10  0.000e+00
      94198   3924.875    148.589    149.694     8.9950     8.9965  36.258678  36.260333     8.9790     8.9805    34.0049    34.0052    26.3422    26.3423     3.2710     3.0590     99.597     93.143     1.2088     1.1233     0.0403    -0.0177     3.1453     0.0012     0.0000 -119.48306   32.65050      99.73         10  0.000e+00
