West Coast/WCOA-7/CTD_Data/RB2102_CTD_074_01.ros
* Sea-Bird SBE 9 Data File:
* FileName = C:\Users\scs.user.rb\CTD\RB2102\Data\RB2102_CTD_074_01.hex
* Software Version Seasave V 7.26.7.107
* Temperature SN = 6202
* Conductivity SN = 4907
* Number of Bytes Per Scan = 41
* Number of Voltage Words = 4
* Number of Scans Averaged by the Deck Unit = 1
* NMEA Latitude = 40 13.16 N
* NMEA Longitude = 124 26.80 W
* NMEA UTC (Time) = Jul 09 2021  12:34:56
* NMEA baud rate = 4800
# nquan = 30
# nvalues = 784                                   
# units = specified
# name 0 = scan: Scan Count
# name 1 = timeS: Time, Elapsed [seconds]
# name 2 = depSM: Depth [salt water, m]
# name 3 = prDM: Pressure, Digiquartz [db]
# name 4 = t090C: Temperature [ITS-90, deg C]
# name 5 = t190C: Temperature, 2 [ITS-90, deg C]
# name 6 = c0mS/cm: Conductivity [mS/cm]
# name 7 = c1mS/cm: Conductivity, 2 [mS/cm]
# name 8 = potemp090C: Potential Temperature [ITS-90, deg C]
# name 9 = potemp190C: Potential Temperature, 2 [ITS-90, deg C]
# name 10 = sal00: Salinity, Practical [PSU]
# name 11 = sal11: Salinity, Practical, 2 [PSU]
# name 12 = sigma-é00: Density [sigma-theta, kg/m^3]
# name 13 = sigma-é11: Density, 2 [sigma-theta, kg/m^3]
# name 14 = sbeox0Mg/L: Oxygen, SBE 43 [mg/l]
# name 15 = sbeox1Mg/L: Oxygen, SBE 43, 2 [mg/l]
# name 16 = sbox0Mm/Kg: Oxygen, SBE 43 [umol/kg]
# name 17 = sbox1Mm/Kg: Oxygen, SBE 43, 2 [umol/kg]
# name 18 = sbeox0V: Oxygen raw, SBE 43 [V]
# name 19 = sbeox1V: Oxygen raw, SBE 43, 2 [V]
# name 20 = v4: Voltage 4
# name 21 = flECO-AFL: Fluorescence, WET Labs ECO-AFL/FL [mg/m^3]
# name 22 = v3: Voltage 3
# name 23 = v6: Voltage 6
# name 24 = v7: Voltage 7
# name 25 = longitude: Longitude [deg]
# name 26 = latitude: Latitude [deg]
# name 27 = altM: Altimeter [m]
# name 28 = nbf: Bottles Fired
# name 29 = flag:  0.000e+00
# interval = seconds: 0.0416667
# start_time = Jul 09 2021 12:34:56 [NMEA time, header]
# bad_flag = -9.990e-29
*END*
[from data line 97]
      18456    768.958    118.328    119.278     7.9571     7.9582  35.351919  35.353617     7.9453     7.9464    34.0616    34.0623    26.5449    26.5453     2.3728     2.4904     72.234     75.815     1.0000     0.9976     0.0415     0.0129     3.2601     0.0305     0.0110 -124.44990   40.21896      10.99          2  0.000e+00
      23945    997.667     99.987    100.786     8.0309     8.0287  35.402939  35.403844     8.0209     8.0187    34.0532    34.0563    26.5271    26.5299     2.4531     2.5600     74.679     77.935     1.0195     1.0134     0.0415     0.0129     3.2552     0.0305     0.0134 -124.45086   40.21880      34.51          3  0.000e+00
      23946    997.708     99.947    100.745     8.0309     8.0289  35.403002  35.404159     8.0209     8.0188    34.0533    34.0565    26.5272    26.5300     2.4475     2.5600     74.508     77.934     1.0183     1.0134     0.0415     0.0129     3.2552     0.0305     0.0134 -124.45086   40.21880      34.51          3  0.000e+00
      23947    997.750     99.987    100.786     8.0306     8.0293  35.402054  35.404033     8.0206     8.0193    34.0526    34.0559    26.5267    26.5295     2.4531     2.5600     74.680     77.934     1.0195     1.0134     0.0415     0.0129     3.2564     0.0305     0.0134 -124.45086   40.21880      34.55          3  0.000e+00
      23948    997.792     99.894    100.692     8.0307     8.0296  35.402244  35.404159     8.0207     8.0196    34.0527    34.0558    26.5268    26.5294     2.4475     2.5600     74.508     77.932     1.0183     1.0134     0.0415     0.0129     3.2564     0.0305     0.0134 -124.45086   40.21880      34.60          3  0.000e+00
      23949    997.833     99.947    100.745     8.0306     8.0295  35.402370  35.404033     8.0206     8.0195    34.0529    34.0558    26.5270    26.5294     2.4475     2.5600     74.508     77.933     1.0183     1.0134     0.0415     0.0129     3.2564     0.0293     0.0134 -124.45086   40.21880      34.58          3  0.000e+00
      23950    997.875     99.941    100.739     8.0306     8.0295  35.402370  35.403717     8.0206     8.0195    34.0529    34.0554    26.5270    26.5291     2.4475     2.5600     74.508     77.933     1.0183     1.0134     0.0415     0.0129     3.2552     0.0293     0.0134 -124.45086   40.21880      34.58          3  0.000e+00
      23951    997.917     99.947    100.745     8.0302     8.0288  35.402181  35.403844     8.0202     8.0188    34.0530    34.0562    26.5271    26.5298     2.4475     2.5600     74.509     77.934     1.0183     1.0134     0.0415     0.0129     3.2564     0.0293     0.0134 -124.45086   40.21880      34.60          3  0.000e+00
      23952    997.958     99.941    100.739     8.0299     8.0293  35.402054  35.404159     8.0199     8.0193    34.0532    34.0560    26.5273    26.5296     2.4531     2.5600     74.681     77.933     1.0195     1.0134     0.0415     0.0129     3.2564     0.0293     0.0134 -124.45086   40.21880      34.60          3  0.000e+00
      23953    998.000     99.894    100.692     8.0299     8.0293  35.401865  35.404285     8.0199     8.0193    34.0531    34.0562    26.5272    26.5298     2.4531     2.5600     74.680     77.932     1.0195     1.0134     0.0415     0.0129     3.2564     0.0293     0.0134 -124.45086   40.21880      34.63          3  0.000e+00
      23954    998.042     99.894    100.692     8.0299     8.0297  35.402180  35.404475     8.0199     8.0197    34.0534    34.0561    26.5274    26.5296     2.4531     2.5599     74.680     77.932     1.0195     1.0134     0.0415     0.0129     3.2564     0.0293     0.0134 -124.45086   40.21880      34.68          3  0.000e+00
      23955    998.083     99.894    100.692     8.0296     8.0298  35.402180  35.404601     8.0196     8.0198    34.0537    34.0561    26.5277    26.5296     2.4531     2.5599     74.680     77.932     1.0195     1.0134     0.0415     0.0129     3.2552     0.0293     0.0134 -124.45086   40.21880      34.68          3  0.000e+00
      23956    998.125     99.894    100.692     8.0298     8.0295  35.402117  35.404348     8.0198     8.0195    34.0535    34.0561    26.5275    26.5297     2.4531     2.5600     74.680     77.932     1.0195     1.0134     0.0415     0.0129     3.2564     0.0305     0.0134 -124.45086   40.21880      34.68          3  0.000e+00
      23957    998.167     99.894    100.692     8.0294     8.0290  35.402054  35.404727     8.0194     8.0190    34.0537    34.0570    26.5278    26.5304     2.4531     2.5600     74.681     77.933     1.0195     1.0134     0.0415     0.0129     3.2552     0.0293     0.0134 -124.45086   40.21880      34.68          3  0.000e+00
      23958    998.208     99.947    100.745     8.0294     8.0296  35.402054  35.404917     8.0194     8.0196    34.0537    34.0566    26.5277    26.5300     2.4532     2.5600     74.681     77.932     1.0195     1.0134     0.0415     0.0129     3.2552     0.0305     0.0134 -124.45086   40.21880      34.68          3  0.000e+00
      23959    998.250     99.841    100.638     8.0294     8.0298  35.402307  35.404664     8.0194     8.0198    34.0540    34.0562    26.5280    26.5296     2.4475     2.5660     74.509     78.118     1.0183     1.0147     0.0415     0.0129     3.2564     0.0305     0.0134 -124.45086   40.21880      34.65          3  0.000e+00
      23960    998.292     99.894    100.692     8.0293     8.0295  35.402117  35.403843     8.0192     8.0195    34.0540    34.0556    26.5280    26.5292     2.4475     2.5661     74.510     78.119     1.0183     1.0147     0.0415     0.0129     3.2552     0.0305     0.0134 -124.45086   40.21880      34.60          3  0.000e+00
      23961    998.333     99.894    100.692     8.0293     8.0295  35.402307  35.403654     8.0192     8.0195    34.0542    34.0554    26.5281    26.5291     2.4475     2.5600     74.510     77.933     1.0183     1.0134     0.0415     0.0129     3.2564     0.0293     0.0134 -124.45086   40.21880      34.60          3  0.000e+00
      23962    998.375     99.795    100.592     8.0293     8.0288  35.402370  35.403654     8.0193     8.0188    34.0543    34.0561    26.5282    26.5297     2.4531     2.5661     74.680     78.119     1.0195     1.0147     0.0415     0.0129     3.2552     0.0305     0.0134 -124.45086   40.21880      34.60          3  0.000e+00
      23963    998.417     99.894    100.692     8.0291     8.0283  35.402181  35.403654     8.0191     8.0183    34.0542    34.0565    26.5282    26.5301     2.4475     2.5600     74.510     77.934     1.0183     1.0134     0.0415     0.0129     3.2564     0.0305     0.0134 -124.45086   40.21880      34.63          3  0.000e+00
      23964    998.458     99.841    100.638     8.0291     8.0282  35.402307  35.403654     8.0191     8.0182    34.0543    34.0567    26.5283    26.5303     2.4531     2.5661     74.680     78.121     1.0195     1.0147     0.0415     0.0129     3.2564     0.0305     0.0134 -124.45086   40.21880      34.60          3  0.000e+00
      23965    998.500     99.894    100.692     8.0289     8.0282  35.402370  35.403654     8.0189     8.0182    34.0546    34.0566    26.5285    26.5302     2.4532     2.5662     74.681     78.121     1.0195     1.0147     0.0415     0.0129     3.2552     0.0305     0.0134 -124.45086   40.21880      34.65          3  0.000e+00
      23966    998.542     99.848    100.645     8.0289     8.0282  35.402180  35.403654     8.0189     8.0182    34.0544    34.0567    26.5284    26.5303     2.4475     2.5661     74.510     78.121     1.0183     1.0147     0.0415     0.0129     3.2564     0.0305     0.0134 -124.45086   40.21880      34.68          3  0.000e+00
      23967    998.583     99.841    100.638     8.0291     8.0280  35.402307  35.403843     8.0191     8.0180    34.0543    34.0571    26.5283    26.5306     2.4475     2.5661     74.509     78.121     1.0183     1.0147     0.0427     0.0434     3.2576     0.0293     0.0134 -124.45086   40.21880      34.68          3  0.000e+00
      23968    998.625     99.848    100.645     8.0291     8.0280  35.402623  35.403465     8.0191     8.0180    34.0547    34.0566    26.5286    26.5303     2.4531     2.5662     74.680     78.121     1.0195     1.0147     0.0427     0.0434     3.2564     0.0305     0.0134 -124.45086   40.21880      34.70          3  0.000e+00
      23969    998.667     99.841    100.638     8.0291     8.0277  35.402496  35.403528     8.0191     8.0177    34.0545    34.0570    26.5285    26.5306     2.4531     2.5662     74.680     78.121     1.0195     1.0147     0.0427     0.0434     3.2552     0.0305     0.0134 -124.45086   40.21880      34.70          3  0.000e+00
      23970    998.708     99.848    100.645     8.0289     8.0279  35.402180  35.403402     8.0189     8.0179    34.0544    34.0567    26.5284    26.5304     2.4531     2.5662     74.681     78.121     1.0195     1.0147     0.0427     0.0434     3.2564     0.0305     0.0134 -124.45086   40.21880      34.70          3  0.000e+00
      23971    998.750     99.841    100.638     8.0291     8.0282  35.402307  35.403528     8.0191     8.0182    34.0543    34.0565    26.5283    26.5302     2.4531     2.5661     74.680     78.121     1.0195     1.0147     0.0427     0.0434     3.2564     0.0305     0.0134 -124.45086   40.21880      34.73          3  0.000e+00
      23972    998.792     99.848    100.645     8.0291     8.0279  35.402180  35.403402     8.0191     8.0179    34.0542    34.0567    26.5282    26.5304     2.4531     2.5662     74.681     78.121     1.0195     1.0147     0.0427     0.0434     3.2552     0.0305     0.0134 -124.45086   40.21880      34.77          3  0.000e+00
      23973    998.833     99.848    100.645     8.0289     8.0282  35.402054  35.403528     8.0189     8.0182    34.0542    34.0565    26.5283    26.5302     2.4531     2.5600     74.681     77.934     1.0195     1.0134     0.0427     0.0434     3.2564     0.0305     0.0134 -124.45086   40.21880      34.77          3  0.000e+00
      23974    998.875     99.841    100.639     8.0288     8.0282  35.402054  35.403654     8.0188     8.0182    34.0544    34.0567    26.5284    26.5303     2.4532     2.5661     74.681     78.121     1.0195     1.0147     0.0427     0.0434     3.2564     0.0305     0.0134 -124.45086   40.21880      34.77          3  0.000e+00
      23975    998.917     99.848    100.645     8.0289     8.0279  35.402307  35.403654     8.0189     8.0179    34.0545    34.0570    26.5285    26.5306     2.4531     2.5662     74.681     78.121     1.0195     1.0147     0.0427     0.0434     3.2552     0.0305     0.0134 -124.45086   40.21880      34.77          3  0.000e+00
      23976    998.958     99.841    100.639     8.0291     8.0280  35.402370  35.403402     8.0191     8.0180    34.0544    34.0566    26.5283    26.5302     2.4531     2.5662     74.680     78.121     1.0195     1.0147     0.0427     0.0434     3.2552     0.0305     0.0134 -124.45086   40.21880      34.77          3  0.000e+00
      23977    999.000     99.848    100.645     8.0289     8.0280  35.402180  35.403528     8.0189     8.0180    34.0544    34.0567    26.5284    26.5303     2.4531     2.5662     74.681     78.121     1.0195     1.0147     0.0427     0.0434     3.2552     0.0305     0.0134 -124.45086   40.21880      34.75          3  0.000e+00
      23978    999.042     99.795    100.592     8.0289     8.0279  35.402559  35.403149     8.0189     8.0179    34.0548    34.0565    26.5287    26.5302     2.4531     2.5662     74.680     78.121     1.0195     1.0147     0.0427     0.0434     3.2564     0.0305     0.0134 -124.45086   40.21880      34.73          3  0.000e+00
      23979    999.083     99.894    100.692     8.0291     8.0279  35.402433  35.403212     8.0191     8.0178    34.0544    34.0565    26.5284    26.5302     2.4531     2.5662     74.681     78.122     1.0195     1.0147     0.0427     0.0434     3.2564     0.0305     0.0134 -124.45086   40.21880      34.73          3  0.000e+00
      23980    999.125     99.848    100.645     8.0291     8.0280  35.402370  35.403086     8.0191     8.0180    34.0544    34.0562    26.5283    26.5300     2.4531     2.5662     74.680     78.121     1.0195     1.0147     0.0427     0.0434     3.2564     0.0293     0.0134 -124.45086   40.21880      34.73          3  0.000e+00
      23981    999.167     99.894    100.692     8.0293     8.0280  35.402623  35.403465     8.0192     8.0180    34.0545    34.0566    26.5284    26.5302     2.4531     2.5662     74.681     78.121     1.0195     1.0147     0.0427     0.0434     3.2564     0.0293     0.0134 -124.45086   40.21880      34.73          3  0.000e+00
      23982    999.208     99.795    100.592     8.0291     8.0279  35.401991  35.403654     8.0191     8.0179    34.0540    34.0570    26.5280    26.5306     2.4531     2.5661     74.680     78.121     1.0195     1.0147     0.0427     0.0434     3.2564     0.0305     0.0134 -124.45086   40.21880      34.73          3  0.000e+00
      23983    999.250     99.894    100.692     8.0289     8.0279  35.401991  35.403844     8.0189     8.0178    34.0541    34.0572    26.5282    26.5307     2.4532     2.5662     74.681     78.121     1.0195     1.0147     0.0427     0.0434     3.2552     0.0305     0.0134 -124.45086   40.21880      34.60          3  0.000e+00
      23984    999.292     99.848    100.645     8.0291     8.0279  35.402307  35.403465     8.0191     8.0179    34.0543    34.0568    26.5283    26.5304     2.4531     2.5662     74.680     78.121     1.0195     1.0147     0.0427     0.0434     3.2564     0.0305     0.0134 -124.45086   40.21880      34.51          3  0.000e+00
      23985    999.333     99.848    100.645     8.0291     8.0282  35.401928  35.404033     8.0191     8.0182    34.0539    34.0571    26.5280    26.5306     2.4531     2.5661     74.681     78.120     1.0195     1.0147     0.0427     0.0434     3.2552     0.0305     0.0134 -124.45086   40.21880      34.51          3  0.000e+00
      23986    999.375     99.894    100.692     8.0291     8.0282  35.402244  35.404285     8.0191     8.0182    34.0542    34.0573    26.5282    26.5308     2.4532     2.5661     74.681     78.121     1.0195     1.0147     0.0427     0.0434     3.2552     0.0305     0.0134 -124.45086   40.21880      34.53          3  0.000e+00
      23987    999.417     99.848    100.645     8.0291     8.0287  35.402370  35.404475     8.0191     8.0187    34.0544    34.0571    26.5283    26.5305     2.4531     2.5661     74.680     78.119     1.0195     1.0147     0.0427     0.0434     3.2564     0.0305     0.0134 -124.45086   40.21880      34.53          3  0.000e+00
      23988    999.458     99.894    100.692     8.0289     8.0287  35.401612  35.404349     8.0189     8.0187    34.0537    34.0569    26.5279    26.5304     2.4532     2.5661     74.682     78.120     1.0195     1.0147     0.0427     0.0434     3.2552     0.0305     0.0134 -124.45086   40.21880      34.53          3  0.000e+00
      23989    999.500     99.848    100.645     8.0288     8.0288  35.401865  35.404033     8.0188     8.0188    34.0542    34.0565    26.5282    26.5300     2.4532     2.5661     74.681     78.120     1.0195     1.0147     0.0427     0.0434     3.2552     0.0293     0.0134 -124.45086   40.21880      34.68          3  0.000e+00
      23990    999.542     99.894    100.692     8.0288     8.0287  35.401865  35.404412     8.0188     8.0187    34.0542    34.0570    26.5282    26.5304     2.4532     2.5661     74.682     78.120     1.0195     1.0147     0.0427     0.0434     3.2576     0.0293     0.0134 -124.45086   40.21880      34.80          3  0.000e+00
      23991    999.583     99.894    100.692     8.0289     8.0288  35.401991  35.404096     8.0189     8.0188    34.0541    34.0565    26.5282    26.5301     2.4532     2.5661     74.681     78.120     1.0195     1.0147     0.0427     0.0434     3.2552     0.0293     0.0134 -124.45086   40.21880      34.82          3  0.000e+00
