West Coast/WCOA-7/CTD_Data/RB2102_CTD_007_01.ros
* Sea-Bird SBE 9 Data File:
* FileName = C:\Users\scs.user.rb\CTD\RB2102\Data\RB2102_CTD_007_01.hex
* Software Version Seasave V 7.26.7.107
* Temperature SN = 6202
* Conductivity SN = 4907
* Number of Bytes Per Scan = 41
* Number of Voltage Words = 4
* Number of Scans Averaged by the Deck Unit = 1
* NMEA Latitude = 48 11.07 N
* NMEA Longitude = 126 35.91 W
* NMEA UTC (Time) = Jun 27 2021  11:49:03
* NMEA baud rate = 4800
# nquan = 30
# nvalues = 1176                                  
# units = specified
# name 0 = scan: Scan Count
# name 1 = timeS: Time, Elapsed [seconds]
# name 2 = depSM: Depth [salt water, m]
# name 3 = prDM: Pressure, Digiquartz [db]
# name 4 = t090C: Temperature [ITS-90, deg C]
# name 5 = t190C: Temperature, 2 [ITS-90, deg C]
# name 6 = c0mS/cm: Conductivity [mS/cm]
# name 7 = c1mS/cm: Conductivity, 2 [mS/cm]
# name 8 = potemp090C: Potential Temperature [ITS-90, deg C]
# name 9 = potemp190C: Potential Temperature, 2 [ITS-90, deg C]
# name 10 = sal00: Salinity, Practical [PSU]
# name 11 = sal11: Salinity, Practical, 2 [PSU]
# name 12 = sigma-é00: Density [sigma-theta, kg/m^3]
# name 13 = sigma-é11: Density, 2 [sigma-theta, kg/m^3]
# name 14 = sbeox0Mg/L: Oxygen, SBE 43 [mg/l]
# name 15 = sbeox1Mg/L: Oxygen, SBE 43, 2 [mg/l]
# name 16 = sbox0Mm/Kg: Oxygen, SBE 43 [umol/kg]
# name 17 = sbox1Mm/Kg: Oxygen, SBE 43, 2 [umol/kg]
# name 18 = sbeox0V: Oxygen raw, SBE 43 [V]
# name 19 = sbeox1V: Oxygen raw, SBE 43, 2 [V]
# name 20 = v4: Voltage 4
# name 21 = flECO-AFL: Fluorescence, WET Labs ECO-AFL/FL [mg/m^3]
# name 22 = v3: Voltage 3
# name 23 = v6: Voltage 6
# name 24 = v7: Voltage 7
# name 25 = longitude: Longitude [deg]
# name 26 = latitude: Latitude [deg]
# name 27 = altM: Altimeter [m]
# name 28 = nbf: Bottles Fired
# name 29 = flag:  0.000e+00
# interval = seconds: 0.0416667
# start_time = Jun 27 2021 11:49:03 [NMEA time, header]
# bad_flag = -9.990e-29
*END*
[from data line 1112]
     204907   8537.750      3.966      4.000    15.1187    15.0539  39.650516  39.655222    15.1181    15.0534    31.9399    31.9971    23.5886    23.6465     9.1530     8.4836    279.443    258.991     2.8083     2.4872     0.0488     0.1960     3.0965     0.8828     1.6960 -126.58754   48.18536      99.83         23  0.000e+00
     204908   8537.792      3.966      4.000    15.1188    15.0541  39.650912  39.655619    15.1183    15.0535    31.9401    31.9973    23.5887    23.6467     9.1529     8.4835    279.441    258.990     2.8083     2.4872     0.0488     0.1960     3.0952     0.8828     1.6960 -126.58754   48.18536      99.80         23  0.000e+00
     204909   8537.833      3.966      4.000    15.1187    15.0541  39.650582  39.655420    15.1181    15.0535    31.9400    31.9971    23.5886    23.6465     9.1530     8.4835    279.443    258.990     2.8083     2.4872     0.0488     0.1960     3.0952     0.8828     1.6960 -126.58754   48.18536      99.80         23  0.000e+00
     204910   8537.875      4.019      4.053    15.1182    15.0542  39.649855  39.655355    15.1176    15.0536    31.9397    31.9969    23.5886    23.6463     9.1531     8.4836    279.448    258.991     2.8083     2.4872     0.0488     0.1960     3.0965     0.8828     1.6960 -126.58754   48.18536      99.83         23  0.000e+00
     204911   8537.917      3.966      4.000    15.1177    15.0542  39.649128  39.655883    15.1171    15.0537    31.9395    31.9974    23.5885    23.6467     9.1580     8.4835    279.596    258.989     2.8095     2.4872     0.0488     0.1960     3.0952     0.8828     1.6960 -126.58754   48.18536      99.80         23  0.000e+00
     204912   8537.958      4.019      4.053    15.1180    15.0543  39.649987  39.656081    15.1174    15.0537    31.9400    31.9975    23.5888    23.6467     9.1580     8.4835    279.595    258.990     2.8095     2.4872     0.0488     0.1960     3.0965     0.8828     1.6960 -126.58754   48.18536      99.83         23  0.000e+00
     204913   8538.000      4.065      4.100    15.1193    15.0546  39.649855  39.655355    15.1187    15.0540    31.9388    31.9966    23.5876    23.6460     9.1579     8.4888    279.592    259.151     2.8095     2.4884     0.0488     0.1960     3.0952     0.8828     1.6960 -126.58754   48.18536      99.80         23  0.000e+00
     204914   8538.042      4.019      4.053    15.1192    15.0546  39.649723  39.655817    15.1186    15.0540    31.9388    31.9970    23.5876    23.6463     9.1578     8.4835    279.591    258.989     2.8095     2.4872     0.0488     0.1960     3.0965     0.8828     1.6960 -126.58754   48.18536      99.83         23  0.000e+00
     204915   8538.083      4.065      4.100    15.1187    15.0546  39.648930  39.656345    15.1181    15.0540    31.9385    31.9975    23.5875    23.6467     9.1580     8.4835    279.596    258.990     2.8095     2.4872     0.0501     0.2265     3.0952     0.8828     1.6960 -126.58754   48.18536      99.80         23  0.000e+00
     204916   8538.125      4.019      4.053    15.1180    15.0548  39.648864  39.656213    15.1174    15.0542    31.9390    31.9973    23.5880    23.6465     9.1628     8.4887    279.744    259.147     2.8107     2.4884     0.0501     0.2265     3.0952     0.8828     1.6972 -126.58754   48.18536      99.83         23  0.000e+00
     204917   8538.167      4.112      4.147    15.1178    15.0548  39.648732  39.655817    15.1172    15.0541    31.9390    31.9969    23.5880    23.6462     9.1582     8.4888    279.602    259.151     2.8095     2.4884     0.0488     0.1960     3.0965     0.8828     1.6960 -126.58754   48.18536      99.83         23  0.000e+00
     204918   8538.208      4.065      4.100    15.1175    15.0548  39.648402  39.655751    15.1169    15.0542    31.9390    31.9968    23.5881    23.6461     9.1582     8.4888    279.602    259.149     2.8095     2.4884     0.0488     0.1960     3.0965     0.8828     1.6960 -126.58754   48.18536      99.83         23  0.000e+00
     204919   8538.250      4.065      4.100    15.1169    15.0549  39.648534  39.655223    15.1163    15.0543    31.9396    31.9962    23.5887    23.6456     9.1631     8.4888    279.751    259.150     2.8107     2.4884     0.0501     0.2265     3.0952     0.8828     1.6960 -126.58754   48.18536      99.83         23  0.000e+00
     204920   8538.292      4.112      4.147    15.1172    15.0551  39.648666  39.654496    15.1165    15.0545    31.9395    31.9954    23.5886    23.6450     9.1631     8.4888    279.751    259.152     2.8107     2.4884     0.0488     0.1960     3.0952     0.8828     1.6960 -126.58754   48.18536      99.80         23  0.000e+00
     204921   8538.333      4.112      4.147    15.1168    15.0554  39.648072  39.654364    15.1162    15.0548    31.9392    31.9950    23.5884    23.6446     9.1583     8.4888    279.607    259.150     2.8095     2.4884     0.0488     0.1960     3.0965     0.8828     1.6960 -126.58754   48.18536      99.83         23  0.000e+00
     204954   8539.708      4.065      4.100    15.1190    15.0578  39.650186  39.649873    15.1184    15.0572    31.9393    31.9890    23.5881    23.6395     9.1531     8.4886    279.446    259.147     2.8083     2.4884     0.0488     0.1960     3.0952     0.8816     1.6972 -126.58754   48.18536      99.80         24  0.000e+00
     204955   8539.750      4.065      4.100    15.1194    15.0576  39.650384  39.650137    15.1188    15.0570    31.9392    31.9894    23.5879    23.6398     9.1530     8.4886    279.444    259.147     2.8083     2.4884     0.0488     0.1960     3.0965     0.8816     1.6960 -126.58754   48.18536      99.83         24  0.000e+00
     204956   8539.792      4.112      4.147    15.1193    15.0578  39.650120  39.650467    15.1187    15.0572    31.9390    31.9896    23.5878    23.6399     9.1531     8.4886    279.446    259.147     2.8083     2.4884     0.0501     0.2265     3.0952     0.8816     1.6960 -126.58754   48.18536      99.83         24  0.000e+00
     204957   8539.833      4.019      4.053    15.1195    15.0582  39.650516  39.650335    15.1189    15.0576    31.9392    31.9892    23.5879    23.6395     9.1529     8.4885    279.441    259.143     2.8083     2.4884     0.0488     0.1960     3.0952     0.8816     1.6960 -126.58754   48.18536      99.83         24  0.000e+00
     204958   8539.875      4.065      4.100    15.1195    15.0582  39.650714  39.650467    15.1189    15.0576    31.9394    31.9893    23.5880    23.6396     9.1530     8.4833    279.443    258.985     2.8083     2.4872     0.0488     0.1960     3.0952     0.8816     1.6972 -126.58754   48.18536      99.83         24  0.000e+00
     204959   8539.917      4.065      4.100    15.1199    15.0582  39.650714  39.650797    15.1193    15.0576    31.9391    31.9896    23.5877    23.6398     9.1529     8.4885    279.441    259.144     2.8083     2.4884     0.0501     0.2265     3.0952     0.8816     1.6960 -126.58754   48.18536      99.83         24  0.000e+00
     204960   8539.958      4.019      4.053    15.1199    15.0581  39.650450  39.650401    15.1193    15.0575    31.9389    31.9893    23.5875    23.6396     9.1529     8.4833    279.440    258.984     2.8083     2.4872     0.0488     0.1960     3.0952     0.8816     1.6960 -126.58754   48.18536      99.80         24  0.000e+00
     204961   8540.000      4.019      4.053    15.1202    15.0587  39.650582  39.650665    15.1196    15.0581    31.9387    31.9891    23.5873    23.6393     9.1528     8.4832    279.438    258.981     2.8083     2.4872     0.0501     0.2265     3.0952     0.8816     1.6960 -126.58754   48.18536      99.83         24  0.000e+00
     204962   8540.042      4.019      4.053    15.1199    15.0583  39.650450  39.650929    15.1193    15.0577    31.9389    31.9896    23.5875    23.6398     9.1529     8.4832    279.440    258.982     2.8083     2.4872     0.0488     0.1960     3.0965     0.8816     1.6960 -126.58754   48.18536      99.80         24  0.000e+00
     204963   8540.083      3.966      4.000    15.1199    15.0585  39.650581  39.650995    15.1194    15.0579    31.9390    31.9895    23.5876    23.6397     9.1528     8.4831    279.438    258.979     2.8083     2.4872     0.0501     0.2265     3.0952     0.8816     1.6960 -126.58754   48.18536      99.83         24  0.000e+00
     204964   8540.125      4.019      4.053    15.1197    15.0587  39.650714  39.650863    15.1191    15.0581    31.9393    31.9892    23.5879    23.6395     9.1529     8.4832    279.440    258.981     2.8083     2.4872     0.0488     0.1960     3.0965     0.8816     1.6960 -126.58754   48.18536      99.83         24  0.000e+00
     204965   8540.167      3.966      4.000    15.1200    15.0587  39.650714  39.650929    15.1194    15.0581    31.9390    31.9893    23.5876    23.6395     9.1528     8.4831    279.437    258.979     2.8083     2.4872     0.0501     0.2265     3.0952     0.8828     1.6960 -126.58754   48.18536      99.83         24  0.000e+00
     204966   8540.208      3.966      4.000    15.1200    15.0587  39.650978  39.651457    15.1194    15.0581    31.9392    31.9898    23.5878    23.6399     9.1576     8.4831    279.584    258.978     2.8095     2.4872     0.0488     0.1960     3.0965     0.8816     1.6972 -126.58754   48.18536      99.83         24  0.000e+00
     204967   8540.250      3.920      3.953    15.1202    15.0588  39.651044  39.651325    15.1196    15.0583    31.9392    31.9896    23.5877    23.6397     9.1575     8.4830    279.581    258.976     2.8095     2.4872     0.0488     0.1960     3.0965     0.8816     1.6960 -126.58754   48.18536      99.83         24  0.000e+00
     204968   8540.292      3.920      3.953    15.1204    15.0588  39.651572  39.651061    15.1198    15.0583    31.9395    31.9893    23.5879    23.6395     9.1574     8.4883    279.579    259.136     2.8095     2.4884     0.0501     0.2265     3.0952     0.8816     1.6972 -126.58754   48.18536      99.83         24  0.000e+00
     204969   8540.333      3.920      3.953    15.1201    15.0592  39.651506  39.650995    15.1195    15.0586    31.9397    31.9890    23.5881    23.6391     9.1575     8.4830    279.581    258.975     2.8095     2.4872     0.0488     0.1960     3.0952     0.8816     1.6960 -126.58754   48.18536      99.80         24  0.000e+00
     204970   8540.375      3.920      3.953    15.1204    15.0592  39.651440  39.651655    15.1198    15.0586    31.9394    31.9896    23.5878    23.6396     9.1575     8.4830    279.580    258.974     2.8095     2.4872     0.0488     0.1960     3.0965     0.8816     1.6972 -126.58754   48.18536      99.83         24  0.000e+00
     204971   8540.417      3.920      3.953    15.1210    15.0592  39.651638  39.651721    15.1205    15.0586    31.9390    31.9896    23.5874    23.6397     9.1573     8.4882    279.577    259.133     2.8095     2.4884     0.0501     0.2265     3.0952     0.8816     1.6972 -126.58754   48.18536      99.80         24  0.000e+00
     204972   8540.458      3.821      3.853    15.1212    15.0592  39.651968  39.651325    15.1207    15.0586    31.9392    31.9893    23.5875    23.6394     9.1572     8.4881    279.572    259.131     2.8095     2.4884     0.0488     0.1960     3.0965     0.8816     1.6960 -126.58754   48.18536      99.83         24  0.000e+00
     204973   8540.500      3.920      3.953    15.1214    15.0594  39.651837  39.651523    15.1208    15.0588    31.9389    31.9893    23.5872    23.6394     9.1573     8.4829    279.575    258.973     2.8095     2.4872     0.0501     0.2265     3.0965     0.8828     1.6960 -126.58754   48.18536      99.83         24  0.000e+00
     204974   8540.542      3.821      3.853    15.1214    15.0593  39.651770  39.651391    15.1208    15.0587    31.9389    31.9893    23.5872    23.6394     9.1572     8.4881    279.571    259.130     2.8095     2.4884     0.0488     0.1960     3.0965     0.8816     1.6960 -126.58754   48.18536      99.80         24  0.000e+00
     204975   8540.583      3.774      3.806    15.1210    15.0595  39.651506  39.651721    15.1205    15.0590    31.9390    31.9894    23.5873    23.6394     9.1572     8.4827    279.572    258.968     2.8095     2.4872     0.0501     0.2265     3.0952     0.8816     1.6972 -126.58754   48.18536      99.83         24  0.000e+00
     204976   8540.625      3.867      3.900    15.1210    15.0595  39.651638  39.651457    15.1204    15.0590    31.9391    31.9891    23.5875    23.6392     9.1573     8.4829    279.575    258.971     2.8095     2.4872     0.0488     0.1960     3.0952     0.8816     1.6960 -126.58754   48.18536      99.83         24  0.000e+00
     204977   8540.667      3.821      3.853    15.1214    15.0597  39.651770  39.651325    15.1208    15.0591    31.9389    31.9889    23.5872    23.6390     9.1620     8.4880    279.718    259.129     2.8107     2.4884     0.0488     0.1960     3.0965     0.8816     1.6960 -126.58754   48.18536      99.83         24  0.000e+00
     204978   8540.708      3.774      3.806    15.1210    15.0599  39.651968  39.651258    15.1205    15.0593    31.9394    31.9887    23.5876    23.6388     9.1572     8.4879    279.571    259.126     2.8095     2.4884     0.0501     0.2265     3.0965     0.8816     1.6960 -126.58754   48.18536      99.83         24  0.000e+00
     204979   8540.750      3.821      3.853    15.1212    15.0597  39.651902  39.651523    15.1207    15.0591    31.9392    31.9891    23.5874    23.6391     9.1572     8.4880    279.572    259.128     2.8095     2.4884     0.0488     0.1960     3.0965     0.8816     1.6960 -126.58754   48.18536      99.83         24  0.000e+00
     204980   8540.792      3.721      3.753    15.1210    15.0600  39.651770  39.651853    15.1205    15.0595    31.9392    31.9892    23.5875    23.6391     9.1619     8.4878    279.716    259.123     2.8107     2.4884     0.0488     0.1960     3.0965     0.8816     1.6960 -126.58754   48.18536      99.83         24  0.000e+00
     204981   8540.833      3.821      3.853    15.1210    15.0600  39.651968  39.651655    15.1205    15.0594    31.9394    31.9889    23.5876    23.6389     9.1620     8.4880    279.719    259.127     2.8107     2.4884     0.0488     0.1960     3.0965     0.8816     1.6960 -126.58754   48.18536      99.83         24  0.000e+00
     204982   8540.875      3.721      3.753    15.1212    15.0600  39.651836  39.651588    15.1207    15.0595    31.9391    31.9889    23.5874    23.6389     9.1571     8.4878    279.568    259.124     2.8095     2.4884     0.0488     0.1960     3.0965     0.8816     1.6972 -126.58754   48.18536      99.83         24  0.000e+00
     204983   8540.917      3.721      3.753    15.1210    15.0602  39.651770  39.651588    15.1204    15.0596    31.9393    31.9888    23.5876    23.6388     9.1571     8.4878    279.570    259.123     2.8095     2.4884     0.0488     0.1960     3.0965     0.8816     1.6960 -126.58754   48.18536      99.83         24  0.000e+00
     204984   8540.958      3.721      3.753    15.1214    15.0602  39.651968  39.651588    15.1208    15.0596    31.9391    31.9888    23.5874    23.6388     9.1570     8.4878    279.568    259.123     2.8095     2.4884     0.0501     0.2265     3.0952     0.8816     1.6972 -126.58754   48.18536      99.80         24  0.000e+00
     204985   8541.000      3.721      3.753    15.1216    15.0602  39.651836  39.651654    15.1210    15.0596    31.9389    31.9888    23.5871    23.6388     9.1570     8.4878    279.567    259.123     2.8095     2.4884     0.0501     0.2265     3.0952     0.8816     1.6972 -126.58754   48.18536      99.83         24  0.000e+00
     204986   8541.042      3.721      3.753    15.1214    15.0604  39.651968  39.652315    15.1208    15.0598    31.9391    31.9893    23.5874    23.6391     9.1570     8.4878    279.568    259.121     2.8095     2.4884     0.0488     0.1960     3.0952     0.8816     1.6960 -126.58754   48.18536      99.83         24  0.000e+00
