West Coast/WCOA-7/CTD_Data/RB2102_CTD_128_01.ros
* Sea-Bird SBE 9 Data File:
* FileName = C:\Users\scs.user.rb\CTD\RB2102\Data\RB2102_CTD_128_01.hex
* Software Version Seasave V 7.26.7.107
* Temperature SN = 6202
* Conductivity SN = 4907
* Number of Bytes Per Scan = 41
* Number of Voltage Words = 4
* Number of Scans Averaged by the Deck Unit = 1
* NMEA Latitude = 33 11.04 N
* NMEA Longitude = 118 23.21 W
* NMEA UTC (Time) = Jul 21 2021  08:04:02
* NMEA baud rate = 4800
# nquan = 30
# nvalues = 1176                                  
# units = specified
# name 0 = scan: Scan Count
# name 1 = timeS: Time, Elapsed [seconds]
# name 2 = depSM: Depth [salt water, m]
# name 3 = prDM: Pressure, Digiquartz [db]
# name 4 = t090C: Temperature [ITS-90, deg C]
# name 5 = t190C: Temperature, 2 [ITS-90, deg C]
# name 6 = c0mS/cm: Conductivity [mS/cm]
# name 7 = c1mS/cm: Conductivity, 2 [mS/cm]
# name 8 = potemp090C: Potential Temperature [ITS-90, deg C]
# name 9 = potemp190C: Potential Temperature, 2 [ITS-90, deg C]
# name 10 = sal00: Salinity, Practical [PSU]
# name 11 = sal11: Salinity, Practical, 2 [PSU]
# name 12 = sigma-é00: Density [sigma-theta, kg/m^3]
# name 13 = sigma-é11: Density, 2 [sigma-theta, kg/m^3]
# name 14 = sbeox0Mg/L: Oxygen, SBE 43 [mg/l]
# name 15 = sbeox1Mg/L: Oxygen, SBE 43, 2 [mg/l]
# name 16 = sbox0Mm/Kg: Oxygen, SBE 43 [umol/kg]
# name 17 = sbox1Mm/Kg: Oxygen, SBE 43, 2 [umol/kg]
# name 18 = sbeox0V: Oxygen raw, SBE 43 [V]
# name 19 = sbeox1V: Oxygen raw, SBE 43, 2 [V]
# name 20 = v4: Voltage 4
# name 21 = flECO-AFL: Fluorescence, WET Labs ECO-AFL/FL [mg/m^3]
# name 22 = v3: Voltage 3
# name 23 = v6: Voltage 6
# name 24 = v7: Voltage 7
# name 25 = longitude: Longitude [deg]
# name 26 = latitude: Latitude [deg]
# name 27 = altM: Altimeter [m]
# name 28 = nbf: Bottles Fired
# name 29 = flag:  0.000e+00
# interval = seconds: 0.0416667
# start_time = Jul 21 2021 08:04:02 [NMEA time, header]
# bad_flag = -9.990e-29
*END*
[from data line 871]
     126379   5265.750     40.151     40.441    14.7474    14.7359  40.999982  40.993745    14.7415    14.7300    33.4574    33.4616    24.8386    24.8443     8.6814     8.0899    264.722    246.685     2.6825     2.3907     0.0659     0.6234     3.2308     0.0000     0.0000 -118.38720   33.18196      99.73         18  0.000e+00
     126380   5265.792     40.151     40.441    14.7475    14.7349  40.999781  40.992942    14.7415    14.7289    33.4572    33.4618    24.8384    24.8447     8.6814     8.0901    264.723    246.690     2.6825     2.3907     0.0659     0.6234     3.2295     0.0000     0.0012 -118.38720   33.18194      99.73         18  0.000e+00
     126381   5265.833     40.151     40.441    14.7478    14.7342  41.000250  40.992808    14.7418    14.7283    33.4574    33.4622    24.8385    24.8452     8.6813     8.0902    264.721    246.693     2.6825     2.3907     0.0659     0.6234     3.2308     0.0000     0.0012 -118.38720   33.18194      99.73         18  0.000e+00
     126382   5265.875     40.151     40.441    14.7481    14.7341  41.000116  40.992473    14.7422    14.7281    33.4569    33.4621    24.8381    24.8451     8.6813     8.0902    264.720    246.694     2.6825     2.3907     0.0659     0.6234     3.2295     0.0000     0.0012 -118.38720   33.18194      99.73         18  0.000e+00
     126383   5265.917     40.204     40.494    14.7481    14.7339  40.999647  40.991871    14.7421    14.7279    33.4565    33.4616    24.8378    24.8448     8.6814     8.0956    264.722    246.857     2.6825     2.3919     0.0659     0.6234     3.2295     0.0000     0.0024 -118.38720   33.18194      99.73         18  0.000e+00
     126384   5265.958     40.105     40.394    14.7483    14.7342  40.999982  40.992206    14.7423    14.7283    33.4567    33.4617    24.8379    24.8448     8.6812     8.0902    264.718    246.692     2.6825     2.3907     0.0659     0.6234     3.2295     0.0000     0.0012 -118.38720   33.18194      99.73         18  0.000e+00
     126385   5266.000     40.204     40.494    14.7490    14.7338  41.000317  40.991604    14.7430    14.7278    33.4564    33.4615    24.8375    24.8447     8.6812     8.0904    264.718    246.698     2.6825     2.3907     0.0659     0.6234     3.2295     0.0000     0.0012 -118.38720   33.18194      99.73         18  0.000e+00
     126386   5266.042     40.151     40.441    14.7493    14.7332  41.000183  40.991603    14.7433    14.7273    33.4560    33.4620    24.8372    24.8452     8.6812     8.0904    264.715    246.698     2.6825     2.3907     0.0659     0.6234     3.2308     0.0000     0.0012 -118.38720   33.18194      99.73         18  0.000e+00
     126387   5266.083     40.151     40.441    14.7495    14.7332  41.000718  40.991470    14.7435    14.7273    33.4563    33.4619    24.8374    24.8451     8.6811     8.0904    264.713    246.699     2.6825     2.3907     0.0659     0.6234     3.2308     0.0000     0.0012 -118.38720   33.18194      99.73         18  0.000e+00
     126388   5266.125     40.204     40.494    14.7494    14.7325  41.001053  40.991068    14.7435    14.7266    33.4566    33.4621    24.8376    24.8454     8.6811     8.0905    264.715    246.703     2.6825     2.3907     0.0659     0.6234     3.2308     0.0000     0.0012 -118.38720   33.18194      99.73         18  0.000e+00
     126389   5266.167     40.151     40.441    14.7494    14.7305  41.000919  40.990466    14.7435    14.7246    33.4565    33.4633    24.8375    24.8468     8.6811     8.0908    264.713    246.710     2.6825     2.3907     0.0647     0.5928     3.2308     0.0000     0.0012 -118.38720   33.18194      99.73         18  0.000e+00
     129362   5390.042     30.197     30.414    16.2898    16.2129  42.477714  42.406401    16.2850    16.2081    33.4734    33.4753    24.5087    24.5277     8.7456     8.1602    266.764    248.905     2.7717     2.4701     0.0488     0.1960     3.2259     0.0000     0.0024 -118.38720   33.18188      99.78         19  0.000e+00
     129363   5390.083     30.197     30.414    16.2899    16.2067  42.477714  42.402738    16.2851    16.2019    33.4734    33.4773    24.5087    24.5307     8.7456     8.1612    266.764    248.934     2.7717     2.4701     0.0488     0.1960     3.2259     0.0000     0.0024 -118.38720   33.18188      99.80         19  0.000e+00
     129364   5390.125     30.144     30.361    16.2904    16.2039  42.478190  42.396970    16.2856    16.1992    33.4734    33.4745    24.5086    24.5292     8.7501     8.1617    266.902    248.951     2.7729     2.4701     0.0476     0.1655     3.2259     0.0000     0.0012 -118.38720   33.18188      99.78         19  0.000e+00
     129365   5390.167     30.197     30.414    16.2908    16.2083  42.478122  42.390523    16.2860    16.2035    33.4730    33.4652    24.5081    24.5210     8.7501     8.1615    266.903    248.946     2.7729     2.4701     0.0476     0.1655     3.2259     0.0000     0.0000 -118.38720   33.18188      99.80         19  0.000e+00
     129366   5390.208     30.197     30.414    16.2907    16.2111  42.478597  42.386994    16.2859    16.2064    33.4735    33.4596    24.5086    24.5161     8.7501     8.1613    266.902    248.941     2.7729     2.4701     0.0488     0.1960     3.2271     0.0000     0.0000 -118.38720   33.18188      99.80         19  0.000e+00
     129367   5390.250     30.197     30.414    16.2902    16.2009  42.477646  42.389642    16.2854    16.1961    33.4731    33.4706    24.5084    24.5269     8.7502     8.1625    266.906    248.975     2.7729     2.4701     0.0476     0.1655     3.2259     0.0000     0.0012 -118.38720   33.18188      99.80         19  0.000e+00
     129368   5390.292     30.197     30.414    16.2893    16.1979  42.477850  42.397853    16.2845    16.1931    33.4740    33.4804    24.5093    24.5351     8.7503     8.1625    266.909    248.974     2.7729     2.4701     0.0488     0.1960     3.2259     0.0000     0.0012 -118.38720   33.18188      99.78         19  0.000e+00
     129369   5390.333     30.197     30.414    16.2876    16.2041  42.477239  42.404570    16.2828    16.1993    33.4749    33.4811    24.5103    24.5342     8.7505     8.1614    266.916    248.940     2.7729     2.4701     0.0476     0.1655     3.2259     0.0000     0.0012 -118.38720   33.18188      99.80         19  0.000e+00
     129370   5390.375     30.244     30.461    16.2876    16.2051  42.476967  42.411221    16.2828    16.2003    33.4746    33.4861    24.5101    24.5378     8.7553     8.1610    267.061    248.928     2.7741     2.4701     0.0476     0.1655     3.2271     0.0000     0.0012 -118.38720   33.18188      99.80         19  0.000e+00
     129371   5390.417     30.197     30.414    16.2890    16.2113  42.476967  42.421740    16.2842    16.2065    33.4735    33.4902    24.5090    24.5395     8.7550     8.1597    267.054    248.888     2.7741     2.4701     0.0488     0.1960     3.2259     0.0000     0.0012 -118.38720   33.18188      99.78         19  0.000e+00
     129372   5390.458     30.197     30.414    16.2907    16.2267  42.477714  42.433277    16.2859    16.2219    33.4727    33.4874    24.5080    24.5339     8.7548     8.1573    267.046    248.814     2.7741     2.4701     0.0488     0.1960     3.2271     0.0000     0.0000 -118.38720   33.18188      99.80         19  0.000e+00
     129373   5390.500     30.244     30.461    16.2932    16.2440  42.478801  42.443322    16.2884    16.2392    33.4715    33.4816    24.5065    24.5255     8.7545     8.1547    267.037    248.736     2.7741     2.4701     0.0476     0.1655     3.2271     0.0000     0.0012 -118.38720   33.18188      99.80         19  0.000e+00
     129374   5390.542     30.250     30.468    16.2944    16.2580  42.479684  42.452350    16.2896    16.2532    33.4713    33.4778    24.5060    24.5194     8.7543     8.1525    267.031    248.671     2.7741     2.4701     0.0488     0.1960     3.2259     0.0000     0.0012 -118.38720   33.18188      99.80         19  0.000e+00
     129375   5390.583     30.197     30.414    16.2941    16.2675  42.479276  42.458187    16.2893    16.2627    33.4712    33.4750    24.5061    24.5151     8.7590     8.1459    267.174    248.472     2.7753     2.4689     0.0488     0.1960     3.2259     0.0000     0.0012 -118.38720   33.18188      99.80         19  0.000e+00
     129376   5390.625     30.244     30.461    16.2917    16.2737  42.478529  42.460903    16.2869    16.2689    33.4725    33.4722    24.5076    24.5115     8.7593     8.1450    267.185    248.446     2.7753     2.4689     0.0476     0.1655     3.2259     0.0000     0.0012 -118.38720   33.18188      99.78         19  0.000e+00
     129377   5390.667     30.197     30.414    16.2915    16.2769  42.479752  42.457915    16.2867    16.2721    33.4738    33.4669    24.5086    24.5066     8.7593     8.1447    267.183    248.437     2.7753     2.4689     0.0488     0.1960     3.2271     0.0000     0.0012 -118.38720   33.18188      99.80         19  0.000e+00
     129378   5390.708     30.250     30.468    16.2924    16.2791  42.481587  42.455402    16.2876    16.2743    33.4747    33.4627    24.5091    24.5030     8.7591     8.1496    267.178    248.589     2.7753     2.4701     0.0488     0.1960     3.2259     0.0000     0.0012 -118.38720   33.18188      99.80         19  0.000e+00
     129379   5390.750     30.297     30.515    16.2938    16.2812  42.482334  42.456353    16.2890    16.2764    33.4741    33.4618    24.5084    24.5018     8.7590     8.1494    267.173    248.581     2.7753     2.4701     0.0488     0.1960     3.2259     0.0000     0.0024 -118.38720   33.18188      99.80         19  0.000e+00
     129380   5390.792     30.197     30.414    16.2939    16.2816  42.481043  42.455402    16.2891    16.2768    33.4729    33.4607    24.5074    24.5009     8.7589     8.1493    267.172    248.578     2.7753     2.4701     0.0488     0.1960     3.2259     0.0000     0.0024 -118.38720   33.18188      99.78         19  0.000e+00
     129381   5390.833     30.244     30.461    16.2924    16.2816  42.479481  42.452007    16.2876    16.2768    33.4728    33.4577    24.5077    24.4986     8.7592     8.1495    267.181    248.585     2.7753     2.4701     0.0501     0.2265     3.2259     0.0000     0.0024 -118.38720   33.18188      99.80         19  0.000e+00
     129382   5390.875     30.297     30.515    16.2917    16.2817  42.477511  42.447594    16.2869    16.2769    33.4716    33.4537    24.5069    24.4954     8.7595     8.1497    267.189    248.592     2.7753     2.4701     0.0488     0.1960     3.2271     0.0000     0.0024 -118.38720   33.18188      99.80         19  0.000e+00
     129383   5390.917     30.244     30.461    16.2902    16.2819  42.476152  42.448680    16.2854    16.2771    33.4718    33.4545    24.5074    24.4960     8.7597     8.1496    267.195    248.589     2.7753     2.4701     0.0488     0.1960     3.2259     0.0000     0.0024 -118.38720   33.18188      99.80         19  0.000e+00
     129384   5390.958     30.297     30.515    16.2900    16.2827  42.476424  42.456353    16.2852    16.2779    33.4721    33.4605    24.5077    24.5005     8.7597     8.1441    267.197    248.421     2.7753     2.4689     0.0501     0.2265     3.2259     0.0000     0.0024 -118.38720   33.18188      99.80         19  0.000e+00
     129385   5391.000     30.244     30.461    16.2907    16.2834  42.476016  42.462395    16.2859    16.2786    33.4712    33.4653    24.5068    24.5040     8.7596     8.1437    267.193    248.408     2.7753     2.4689     0.0501     0.2265     3.2259     0.0000     0.0024 -118.38720   33.18188      99.80         19  0.000e+00
     129386   5391.042     30.297     30.515    16.2903    16.2822  42.475269  42.462599    16.2855    16.2774    33.4708    33.4665    24.5066    24.5051     8.7597     8.1439    267.198    248.414     2.7753     2.4689     0.0501     0.2265     3.2271     0.0000     0.0024 -118.38720   33.18188      99.80         19  0.000e+00
     129387   5391.083     30.297     30.515    16.2893    16.2793  42.475133  42.460223    16.2845    16.2745    33.4715    33.4668    24.5074    24.5061     8.7599     8.1444    267.202    248.428     2.7753     2.4689     0.0488     0.1960     3.2271     0.0000     0.0024 -118.38720   33.18188      99.80         19  0.000e+00
     129388   5391.125     30.297     30.515    16.2893    16.2766  42.476492  42.459137    16.2845    16.2718    33.4727    33.4681    24.5083    24.5077     8.7598     8.1448    267.199    248.440     2.7753     2.4689     0.0488     0.1960     3.2259     0.0000     0.0024 -118.38720   33.18188      99.80         19  0.000e+00
     129389   5391.167     30.297     30.515    16.2909    16.2758  42.478258  42.460020    16.2861    16.2710    33.4730    33.4696    24.5082    24.5090     8.7549     8.1449    267.048    248.441     2.7741     2.4689     0.0488     0.1960     3.2259     0.0000     0.0024 -118.38720   33.18188      99.78         19  0.000e+00
     129390   5391.208     30.297     30.515    16.2934    16.2762  42.479549  42.460156    16.2886    16.2714    33.4720    33.4694    24.5068    24.5087     8.7545     8.1448    267.037    248.440     2.7741     2.4689     0.0488     0.1960     3.2271     0.0000     0.0024 -118.38720   33.18188      99.80         19  0.000e+00
     129391   5391.250     30.297     30.515    16.2935    16.2763  42.480432  42.460020    16.2887    16.2715    33.4727    33.4692    24.5073    24.5086     8.7544     8.1448    267.035    248.440     2.7741     2.4689     0.0488     0.1960     3.2271     0.0000     0.0012 -118.38720   33.18188      99.78         19  0.000e+00
     129392   5391.292     30.297     30.515    16.2924    16.2750  42.480840  42.458390    16.2876    16.2702    33.4740    33.4688    24.5086    24.5086     8.7545     8.1450    267.038    248.447     2.7741     2.4689     0.0488     0.1960     3.2259     0.0000     0.0012 -118.38720   33.18188      99.78         19  0.000e+00
     129393   5391.333     30.396     30.615    16.2924    16.2679  42.480704  42.449565    16.2875    16.2631    33.4739    33.4670    24.5085    24.5088     8.7547     8.1464    267.042    248.489     2.7741     2.4689     0.0488     0.1960     3.2259     0.0000     0.0012 -118.38720   33.18188      99.78         19  0.000e+00
     129394   5391.375     30.244     30.462    16.2915    16.2556  42.480296  42.438908    16.2867    16.2508    33.4743    33.4680    24.5090    24.5124     8.7546     8.1483    267.041    248.546     2.7741     2.4689     0.0488     0.1960     3.2271     0.0000     0.0012 -118.38720   33.18188      99.80         19  0.000e+00
     129395   5391.417     30.390     30.608    16.2895    16.2457  42.478802  42.429338    16.2847    16.2409    33.4746    33.4678    24.5097    24.5145     8.7551     8.1501    267.056    248.601     2.7741     2.4689     0.0488     0.1960     3.2259     0.0000     0.0024 -118.38720   33.18188      99.80         19  0.000e+00
     129396   5391.458     30.297     30.515    16.2875    16.2373  42.477579  42.423027    16.2826    16.2325    33.4753    33.4694    24.5107    24.5176     8.7507     8.1565    266.919    248.793     2.7729     2.4701     0.0488     0.1960     3.2259     0.0000     0.0012 -118.38720   33.18188      99.78         19  0.000e+00
     129397   5391.500     30.350     30.568    16.2854    16.2321  42.475881  42.420245    16.2806    16.2273    33.4755    33.4713    24.5113    24.5202     8.7511     8.1573    266.931    248.818     2.7729     2.4701     0.0488     0.1960     3.2271     0.0000     0.0024 -118.38720   33.18188      99.80         19  0.000e+00
