West Coast/WCOA-7/CTD_Data/RB2102_CTD_017_01.ros
* Sea-Bird SBE 9 Data File:
* FileName = C:\Users\scs.user.rb\CTD\RB2102\Data\RB2102_CTD_017_01.hex
* Software Version Seasave V 7.26.7.107
* Temperature SN = 6202
* Conductivity SN = 4907
* Number of Bytes Per Scan = 41
* Number of Voltage Words = 4
* Number of Scans Averaged by the Deck Unit = 1
* NMEA Latitude = 48 21.63 N
* NMEA Longitude = 125 13.18 W
* NMEA UTC (Time) = Jun 28 2021  16:09:28
* NMEA baud rate = 4800
# nquan = 30
# nvalues = 784                                   
# units = specified
# name 0 = scan: Scan Count
# name 1 = timeS: Time, Elapsed [seconds]
# name 2 = depSM: Depth [salt water, m]
# name 3 = prDM: Pressure, Digiquartz [db]
# name 4 = t090C: Temperature [ITS-90, deg C]
# name 5 = t190C: Temperature, 2 [ITS-90, deg C]
# name 6 = c0mS/cm: Conductivity [mS/cm]
# name 7 = c1mS/cm: Conductivity, 2 [mS/cm]
# name 8 = potemp090C: Potential Temperature [ITS-90, deg C]
# name 9 = potemp190C: Potential Temperature, 2 [ITS-90, deg C]
# name 10 = sal00: Salinity, Practical [PSU]
# name 11 = sal11: Salinity, Practical, 2 [PSU]
# name 12 = sigma-é00: Density [sigma-theta, kg/m^3]
# name 13 = sigma-é11: Density, 2 [sigma-theta, kg/m^3]
# name 14 = sbeox0Mg/L: Oxygen, SBE 43 [mg/l]
# name 15 = sbeox1Mg/L: Oxygen, SBE 43, 2 [mg/l]
# name 16 = sbox0Mm/Kg: Oxygen, SBE 43 [umol/kg]
# name 17 = sbox1Mm/Kg: Oxygen, SBE 43, 2 [umol/kg]
# name 18 = sbeox0V: Oxygen raw, SBE 43 [V]
# name 19 = sbeox1V: Oxygen raw, SBE 43, 2 [V]
# name 20 = v4: Voltage 4
# name 21 = flECO-AFL: Fluorescence, WET Labs ECO-AFL/FL [mg/m^3]
# name 22 = v3: Voltage 3
# name 23 = v6: Voltage 6
# name 24 = v7: Voltage 7
# name 25 = longitude: Longitude [deg]
# name 26 = latitude: Latitude [deg]
# name 27 = altM: Altimeter [m]
# name 28 = nbf: Bottles Fired
# name 29 = flag:  0.000e+00
# interval = seconds: 0.0416667
# start_time = Jun 28 2021 16:09:28 [NMEA time, header]
# bad_flag = -9.990e-29
*END*
      23022    959.208    170.478    171.998     6.2760     6.2793  33.765757  33.766968     6.2611     6.2645    33.9575    33.9555    26.6957    26.6937     1.6672     1.6730     50.746     50.923     0.8303     0.8193     0.0415     0.0129     3.2393     1.7778     0.0904 -125.21992   48.36090      10.13          1  0.000e+00
      23023    959.250    170.485    172.005     6.2769     6.2790  33.766005  33.767092     6.2621     6.2642    33.9568    33.9560    26.6950    26.6941     1.6731     1.6730     50.925     50.924     0.8315     0.8193     0.0415     0.0129     3.2393     1.7778     0.0904 -125.21992   48.36090      10.13          1  0.000e+00
      23024    959.292    170.631    172.152     6.2769     6.2790  33.766129  33.767216     6.2621     6.2642    33.9569    33.9560    26.6951    26.6941     1.6672     1.6731     50.746     50.925     0.8303     0.8193     0.0415     0.0129     3.2393     1.7778     0.0904 -125.21992   48.36090      10.13          1  0.000e+00
      23025    959.333    170.485    172.005     6.2774     6.2790  33.766315  33.767402     6.2626     6.2642    33.9567    33.9563    26.6948    26.6943     1.6671     1.6730     50.744     50.923     0.8303     0.8193     0.0415     0.0129     3.2393     1.7778     0.0904 -125.21992   48.36090      10.13          1  0.000e+00
      23026    959.375    170.525    172.045     6.2778     6.2792  33.766563  33.767030     6.2629     6.2643    33.9566    33.9557    26.6947    26.6939     1.6671     1.6730     50.744     50.924     0.8303     0.8193     0.0415     0.0129     3.2405     1.7778     0.0904 -125.21992   48.36090      10.16          1  0.000e+00
      23027    959.417    170.485    172.005     6.2779     6.2792  33.766439  33.767340     6.2631     6.2643    33.9563    33.9561    26.6945    26.6942     1.6612     1.6730     50.563     50.923     0.8291     0.8193     0.0415     0.0129     3.2381     1.7778     0.0904 -125.21992   48.36090      10.13          1  0.000e+00
      23028    959.458    170.531    172.052     6.2779     6.2790  33.766563  33.767526     6.2631     6.2642    33.9565    33.9564    26.6946    26.6944     1.6671     1.6730     50.744     50.924     0.8303     0.8193     0.0415     0.0129     3.2381     1.7778     0.0904 -125.21992   48.36090      10.13          1  0.000e+00
      23029    959.500    170.485    172.005     6.2778     6.2792  33.766687  33.767278     6.2629     6.2643    33.9568    33.9560    26.6949    26.6941     1.6671     1.6665     50.744     50.726     0.8303     0.8181     0.0415     0.0129     3.2405     1.7778     0.0904 -125.21992   48.36090      10.16          1  0.000e+00
      23030    959.542    170.478    171.998     6.2781     6.2792  33.766811  33.766968     6.2632     6.2643    33.9566    33.9557    26.6947    26.6938     1.6671     1.6730     50.743     50.923     0.8303     0.8193     0.0415     0.0129     3.2381     1.7778     0.0904 -125.21992   48.36090      10.13          1  0.000e+00
      23031    959.583    170.531    172.052     6.2781     6.2793  33.766687  33.765295     6.2632     6.2645    33.9565    33.9537    26.6946    26.6922     1.6671     1.6731     50.744     50.924     0.8303     0.8193     0.0415     0.0129     3.2405     1.7778     0.0904 -125.21992   48.36090      10.13          1  0.000e+00
      23032    959.625    170.485    172.005     6.2779     6.2793  33.766873  33.766844     6.2631     6.2645    33.9568    33.9554    26.6949    26.6936     1.6671     1.6730     50.743     50.923     0.8303     0.8193     0.0415     0.0129     3.2381     1.7778     0.0904 -125.21992   48.36090      10.13          1  0.000e+00
      23033    959.667    170.485    172.005     6.2783     6.2794  33.766749  33.767278     6.2634     6.2645    33.9564    33.9558    26.6945    26.6939     1.6671     1.6730     50.743     50.923     0.8303     0.8193     0.0415     0.0129     3.2381     1.7778     0.0904 -125.21992   48.36090      10.13          1  0.000e+00
      23034    959.708    170.525    172.045     6.2783     6.2793  33.766687  33.767216     6.2634     6.2645    33.9563    33.9558    26.6944    26.6939     1.6671     1.6730     50.743     50.924     0.8303     0.8193     0.0415     0.0129     3.2393     1.7778     0.0904 -125.21992   48.36090      10.13          1  0.000e+00
      23035    959.750    170.485    172.005     6.2783     6.2793  33.766873  33.767402     6.2634     6.2645    33.9565    33.9560    26.6946    26.6941     1.6671     1.6730     50.743     50.923     0.8303     0.8193     0.0415     0.0129     3.2381     1.7778     0.0904 -125.21992   48.36090      10.13          1  0.000e+00
      23036    959.792    170.485    172.005     6.2783     6.2795  33.766749  33.767526     6.2634     6.2647    33.9564    33.9560    26.6945    26.6940     1.6671     1.6730     50.743     50.923     0.8303     0.8193     0.0415     0.0129     3.2393     1.7778     0.0904 -125.21992   48.36090      10.13          1  0.000e+00
      23037    959.833    170.531    172.052     6.2781     6.2795  33.766439  33.767526     6.2632     6.2647    33.9562    33.9559    26.6944    26.6940     1.6671     1.6730     50.744     50.923     0.8303     0.8193     0.0415     0.0129     3.2405     1.7790     0.0904 -125.21992   48.36090      10.16          1  0.000e+00
      23038    959.875    170.485    172.005     6.2781     6.2795  33.766935  33.767712     6.2632     6.2647    33.9568    33.9562    26.6948    26.6942     1.6671     1.6730     50.743     50.923     0.8303     0.8193     0.0415     0.0129     3.2405     1.7778     0.0904 -125.21992   48.36090      10.16          1  0.000e+00
      23039    959.917    170.525    172.045     6.2783     6.2795  33.766811  33.767588     6.2634     6.2647    33.9564    33.9560    26.6945    26.6940     1.6612     1.6730     50.563     50.923     0.8291     0.8193     0.0415     0.0129     3.2405     1.7778     0.0904 -125.21992   48.36090      10.16          1  0.000e+00
      23040    959.958    170.485    172.005     6.2781     6.2797  33.766439  33.767278     6.2632     6.2648    33.9562    33.9555    26.6944    26.6936     1.6671     1.6730     50.743     50.923     0.8303     0.8193     0.0415     0.0129     3.2405     1.7778     0.0904 -125.21992   48.36090      10.16          1  0.000e+00
      23041    960.000    170.485    172.005     6.2781     6.2797  33.766563  33.767402     6.2632     6.2648    33.9563    33.9557    26.6945    26.6938     1.6671     1.6730     50.743     50.923     0.8303     0.8193     0.0415     0.0129     3.2393     1.7778     0.0904 -125.21992   48.36090      10.16          1  0.000e+00
      23042    960.042    170.485    172.005     6.2781     6.2797  33.766687  33.767712     6.2632     6.2648    33.9565    33.9560    26.6946    26.6940     1.6671     1.6730     50.743     50.923     0.8303     0.8193     0.0415     0.0129     3.2381     1.7778     0.0904 -125.21992   48.36090      10.16          1  0.000e+00
      23043    960.083    170.525    172.045     6.2783     6.2797  33.767121  33.767836     6.2634     6.2648    33.9568    33.9561    26.6948    26.6941     1.6671     1.6730     50.743     50.923     0.8303     0.8193     0.0415     0.0129     3.2393     1.7778     0.0904 -125.21992   48.36090      10.16          1  0.000e+00
      23044    960.125    170.531    172.052     6.2783     6.2800  33.767059  33.768021     6.2634     6.2651    33.9567    33.9561    26.6947    26.6940     1.6671     1.6730     50.743     50.923     0.8303     0.8193     0.0415     0.0129     3.2405     1.7778     0.0904 -125.21992   48.36090      10.16          1  0.000e+00
      23045    960.167    170.432    171.951     6.2784     6.2800  33.766996  33.767649     6.2636     6.2651    33.9565    33.9557    26.6946    26.6937     1.6671     1.6665     50.743     50.725     0.8303     0.8181     0.0415     0.0129     3.2393     1.7778     0.0904 -125.21992   48.36090      10.16          1  0.000e+00
      23046    960.208    170.531    172.052     6.2785     6.2799  33.767183  33.767712     6.2637     6.2650    33.9565    33.9558    26.6946    26.6938     1.6671     1.6665     50.743     50.726     0.8303     0.8181     0.0415     0.0129     3.2393     1.7778     0.0904 -125.21992   48.36090      10.16          1  0.000e+00
      23047    960.250    170.525    172.045     6.2784     6.2804  33.767679  33.768269     6.2635     6.2656    33.9572    33.9559    26.6951    26.6938     1.6671     1.6665     50.743     50.725     0.8303     0.8181     0.0415     0.0129     3.2405     1.7778     0.0904 -125.21992   48.36090      10.16          1  0.000e+00
      23048    960.292    170.485    172.005     6.2789     6.2804  33.767617  33.768207     6.2640     6.2656    33.9567    33.9558    26.6947    26.6937     1.6671     1.6730     50.742     50.922     0.8303     0.8193     0.0415     0.0129     3.2393     1.7778     0.0904 -125.21992   48.36090      10.16          1  0.000e+00
      23049    960.333    170.531    172.052     6.2790     6.2806  33.767617  33.768331     6.2642     6.2657    33.9565    33.9558    26.6945    26.6937     1.6671     1.6665     50.742     50.725     0.8303     0.8181     0.0415     0.0129     3.2381     1.7778     0.0904 -125.21992   48.36090      10.16          1  0.000e+00
      23050    960.375    170.485    172.005     6.2789     6.2808  33.767121  33.768207     6.2640     6.2659    33.9561    33.9555    26.6942    26.6934     1.6671     1.6730     50.742     50.921     0.8303     0.8193     0.0415     0.0129     3.2393     1.7778     0.0904 -125.21992   48.36090      10.18          1  0.000e+00
      23051    960.417    170.525    172.045     6.2789     6.2805  33.767431  33.768579     6.2640     6.2656    33.9565    33.9561    26.6945    26.6940     1.6671     1.6730     50.743     50.922     0.8303     0.8193     0.0415     0.0129     3.2393     1.7778     0.0904 -125.21992   48.36090      10.18          1  0.000e+00
      23052    960.458    170.531    172.052     6.2789     6.2808  33.767121  33.768269     6.2640     6.2659    33.9561    33.9555    26.6942    26.6935     1.6671     1.6665     50.743     50.725     0.8303     0.8181     0.0415     0.0129     3.2381     1.7778     0.0904 -125.21992   48.36090      10.18          1  0.000e+00
      23053    960.500    170.485    172.005     6.2789     6.2803  33.767183  33.767897     6.2640     6.2654    33.9562    33.9556    26.6943    26.6936     1.6671     1.6665     50.742     50.725     0.8303     0.8181     0.0415     0.0129     3.2393     1.7778     0.0904 -125.21992   48.36090      10.16          1  0.000e+00
      23054    960.542    170.531    172.052     6.2784     6.2804  33.767059  33.768021     6.2635     6.2656    33.9565    33.9556    26.6946    26.6936     1.6671     1.6730     50.743     50.922     0.8303     0.8193     0.0415     0.0129     3.2393     1.7778     0.0904 -125.21992   48.36090      10.18          1  0.000e+00
      23055    960.583    170.531    172.052     6.2784     6.2803  33.767369  33.767897     6.2635     6.2655    33.9569    33.9555    26.6949    26.6935     1.6671     1.6730     50.743     50.922     0.8303     0.8193     0.0415     0.0129     3.2393     1.7778     0.0904 -125.21992   48.36090      10.16          1  0.000e+00
      23056    960.625    170.525    172.045     6.2785     6.2801  33.767307  33.767588     6.2637     6.2653    33.9567    33.9554    26.6947    26.6935     1.6671     1.6665     50.743     50.726     0.8303     0.8181     0.0415     0.0129     3.2393     1.7778     0.0904 -125.21992   48.36090      10.13          1  0.000e+00
      23057    960.667    170.531    172.052     6.2783     6.2801  33.767307  33.767959     6.2634     6.2653    33.9570    33.9558    26.6949    26.6938     1.6671     1.6730     50.743     50.922     0.8303     0.8193     0.0415     0.0129     3.2393     1.7778     0.0904 -125.21992   48.36090      10.13          1  0.000e+00
      23058    960.708    170.531    172.052     6.2784     6.2801  33.767059  33.767898     6.2635     6.2653    33.9565    33.9557    26.6946    26.6937     1.6671     1.6665     50.743     50.725     0.8303     0.8181     0.0415     0.0129     3.2393     1.7778     0.0904 -125.21992   48.36090      10.13          1  0.000e+00
      23059    960.750    170.485    172.005     6.2784     6.2800  33.767183  33.767835     6.2635     6.2651    33.9567    33.9559    26.6947    26.6939     1.6671     1.6665     50.743     50.725     0.8303     0.8181     0.0415     0.0129     3.2381     1.7778     0.0904 -125.21992   48.36090      10.11          1  0.000e+00
      23060    960.792    170.571    172.092     6.2785     6.2801  33.767307  33.767836     6.2637     6.2653    33.9566    33.9556    26.6947    26.6937     1.6671     1.6730     50.743     50.923     0.8303     0.8193     0.0415     0.0129     3.2381     1.7778     0.0904 -125.21992   48.36090      10.13          1  0.000e+00
      23061    960.833    170.532    172.052     6.2787     6.2800  33.767307  33.767836     6.2639     6.2651    33.9565    33.9559    26.6945    26.6939     1.6671     1.6730     50.743     50.923     0.8303     0.8193     0.0403    -0.0177     3.2393     1.7778     0.0904 -125.21992   48.36090      10.11          1  0.000e+00
      23062    960.875    170.532    172.052     6.2787     6.2801  33.767493  33.768269     6.2639     6.2653    33.9567    33.9561    26.6947    26.6941     1.6671     1.6665     50.743     50.725     0.8303     0.8181     0.0415     0.0129     3.2393     1.7778     0.0904 -125.21992   48.36090      10.11          1  0.000e+00
      23063    960.917    170.532    172.052     6.2785     6.2798  33.767369  33.767712     6.2637     6.2650    33.9567    33.9559    26.6947    26.6939     1.6671     1.6665     50.743     50.726     0.8303     0.8181     0.0415     0.0129     3.2393     1.7778     0.0904 -125.21992   48.36090      10.11          1  0.000e+00
      23064    960.958    170.571    172.092     6.2787     6.2799  33.767183  33.767712     6.2639     6.2650    33.9563    33.9558    26.6944    26.6938     1.6612     1.6665     50.563     50.726     0.8291     0.8181     0.0415     0.0129     3.2393     1.7778     0.0904 -125.21992   48.36090      10.11          1  0.000e+00
      23065    961.000    170.532    172.052     6.2787     6.2797  33.766997  33.767836     6.2639     6.2648    33.9561    33.9561    26.6942    26.6941     1.6671     1.6665     50.743     50.726     0.8303     0.8181     0.0415     0.0129     3.2393     1.7778     0.0904 -125.21992   48.36090      10.11          1  0.000e+00
      23066    961.042    170.532    172.052     6.2784     6.2797  33.767183  33.767340     6.2635     6.2648    33.9567    33.9556    26.6947    26.6937     1.6671     1.6730     50.743     50.923     0.8303     0.8193     0.0415     0.0129     3.2381     1.7778     0.0904 -125.21992   48.36090      10.11          1  0.000e+00
      23067    961.083    170.585    172.106     6.2787     6.2792  33.767307  33.766968     6.2639     6.2643    33.9564    33.9556    26.6945    26.6938     1.6612     1.6666     50.563     50.727     0.8291     0.8181     0.0415     0.0129     3.2393     1.7778     0.0904 -125.21992   48.36090      10.11          1  0.000e+00
      23068    961.125    170.525    172.045     6.2785     6.2790  33.767493  33.766720     6.2637     6.2642    33.9569    33.9555    26.6948    26.6937     1.6671     1.6666     50.743     50.727     0.8303     0.8181     0.0415     0.0129     3.2405     1.7778     0.0904 -125.21992   48.36090      10.11          1  0.000e+00
      23069    961.167    170.585    172.106     6.2790     6.2785  33.767121  33.766597     6.2642     6.2637    33.9560    33.9559    26.6940    26.6940     1.6671     1.6731     50.743     50.925     0.8303     0.8193     0.0415     0.0129     3.2393     1.7778     0.0904 -125.21992   48.36090      10.09          1  0.000e+00
