West Coast/WCOA-7/CTD_Data/RB2102_CTD_096_01.ros
* Sea-Bird SBE 9 Data File:
* FileName = C:\Users\scs.user.rb\CTD\RB2102\Data\RB2102_CTD_096_01.hex
* Software Version Seasave V 7.26.7.107
* Temperature SN = 6202
* Conductivity SN = 4907
* Number of Bytes Per Scan = 41
* Number of Voltage Words = 4
* Number of Scans Averaged by the Deck Unit = 1
* NMEA Latitude = 36 17.33 N
* NMEA Longitude = 123 07.82 W
* NMEA UTC (Time) = Jul 14 2021  01:42:58
* NMEA baud rate = 4800
# nquan = 30
# nvalues = 1176                                  
# units = specified
# name 0 = scan: Scan Count
# name 1 = timeS: Time, Elapsed [seconds]
# name 2 = depSM: Depth [salt water, m]
# name 3 = prDM: Pressure, Digiquartz [db]
# name 4 = t090C: Temperature [ITS-90, deg C]
# name 5 = t190C: Temperature, 2 [ITS-90, deg C]
# name 6 = c0mS/cm: Conductivity [mS/cm]
# name 7 = c1mS/cm: Conductivity, 2 [mS/cm]
# name 8 = potemp090C: Potential Temperature [ITS-90, deg C]
# name 9 = potemp190C: Potential Temperature, 2 [ITS-90, deg C]
# name 10 = sal00: Salinity, Practical [PSU]
# name 11 = sal11: Salinity, Practical, 2 [PSU]
# name 12 = sigma-é00: Density [sigma-theta, kg/m^3]
# name 13 = sigma-é11: Density, 2 [sigma-theta, kg/m^3]
# name 14 = sbeox0Mg/L: Oxygen, SBE 43 [mg/l]
# name 15 = sbeox1Mg/L: Oxygen, SBE 43, 2 [mg/l]
# name 16 = sbox0Mm/Kg: Oxygen, SBE 43 [umol/kg]
# name 17 = sbox1Mm/Kg: Oxygen, SBE 43, 2 [umol/kg]
# name 18 = sbeox0V: Oxygen raw, SBE 43 [V]
# name 19 = sbeox1V: Oxygen raw, SBE 43, 2 [V]
# name 20 = v4: Voltage 4
# name 21 = flECO-AFL: Fluorescence, WET Labs ECO-AFL/FL [mg/m^3]
# name 22 = v3: Voltage 3
# name 23 = v6: Voltage 6
# name 24 = v7: Voltage 7
# name 25 = longitude: Longitude [deg]
# name 26 = latitude: Latitude [deg]
# name 27 = altM: Altimeter [m]
# name 28 = nbf: Bottles Fired
# name 29 = flag:  0.000e+00
# interval = seconds: 0.0416667
# start_time = Jul 14 2021 01:42:58 [NMEA time, header]
# bad_flag = -9.990e-29
*END*
[from data line 242]
     164848   6868.625   1485.830   1502.200     2.8739     2.8747  31.836478  31.837306     2.7675     2.7682    34.5467    34.5469    27.5442    27.5443     1.3374     1.3908     40.675     42.298     0.6996     0.7057     0.0403    -0.0177     3.3053     0.0476     0.0000 -123.13208   36.28722     100.00          5  0.000e+00
     164849   6868.667   1485.878   1502.248     2.8739     2.8749  31.836175  31.837367     2.7675     2.7684    34.5463    34.5468    27.5439    27.5442     1.3374     1.3824     40.675     42.042     0.6996     0.7045     0.0403    -0.0177     3.3040     0.0513     0.0000 -123.13208   36.28722     100.00          5  0.000e+00
     164850   6868.708   1485.776   1502.145     2.8736     2.8747  31.836296  31.837063     2.7672     2.7682    34.5468    34.5466    27.5443    27.5441     1.3374     1.3824     40.675     42.042     0.6996     0.7045     0.0403    -0.0177     3.3053     0.0513     0.0000 -123.13208   36.28722     100.00          5  0.000e+00
     182589   7607.833    991.674   1001.408     4.0369     4.0385  32.569884  32.571461     3.9610     3.9626    34.4523    34.4525    27.3545    27.3545     0.5457     0.5828     16.599     17.726     0.5824     0.5971     0.0403    -0.0177     3.3004     0.0476     0.0000 -123.13212   36.28718     100.00          6  0.000e+00
     182590   7607.875    991.567   1001.299     4.0372     4.0384  32.569945  32.571338     3.9612     3.9624    34.4522    34.4526    27.3544    27.3546     0.5457     0.5751     16.599     17.494     0.5824     0.5958     0.0403    -0.0177     3.3004     0.0488     0.0000 -123.13212   36.28718     100.00          6  0.000e+00
     182591   7607.917    991.614   1001.347     4.0370     4.0386  32.569945  32.571460     3.9611     3.9626    34.4523    34.4525    27.3545    27.3545     0.5457     0.5828     16.599     17.726     0.5824     0.5971     0.0403    -0.0177     3.3004     0.0476     0.0000 -123.13212   36.28718     100.00          6  0.000e+00
     182592   7607.958    991.567   1001.299     4.0369     4.0385  32.569945  32.571583     3.9610     3.9626    34.4525    34.4527    27.3546    27.3547     0.5457     0.5827     16.599     17.726     0.5824     0.5971     0.0403    -0.0177     3.3004     0.0488     0.0000 -123.13212   36.28718     100.00          6  0.000e+00
     182593   7608.000    991.513   1001.245     4.0372     4.0383  32.569517  32.571521     3.9612     3.9623    34.4517    34.4529    27.3540    27.3549     0.5457     0.5827     16.599     17.726     0.5824     0.5971     0.0403    -0.0177     3.2991     0.0488     0.0000 -123.13212   36.28718     100.00          6  0.000e+00
     182594   7608.042    991.466   1001.197     4.0373     4.0385  32.569761  32.571154     3.9613     3.9626    34.4519    34.4522    27.3542    27.3543     0.5457     0.5827     16.599     17.726     0.5824     0.5971     0.0403    -0.0177     3.2979     0.0488     0.0000 -123.13212   36.28718     100.00          6  0.000e+00
     182595   7608.083    991.513   1001.245     4.0372     4.0386  32.569945  32.571399     3.9612     3.9626    34.4522    34.4525    27.3544    27.3545     0.5526     0.5751     16.811     17.494     0.5836     0.5958     0.0403    -0.0177     3.2991     0.0488     0.0000 -123.13212   36.28718     100.00          6  0.000e+00
     182596   7608.125    991.365   1001.095     4.0371     4.0387  32.569761  32.571582     3.9611     3.9627    34.4522    34.4526    27.3544    27.3546     0.5526     0.5827     16.810     17.726     0.5836     0.5971     0.0403    -0.0177     3.2991     0.0525     0.0000 -123.13212   36.28718     100.00          6  0.000e+00
     182597   7608.167    991.412   1001.143     4.0372     4.0386  32.569883  32.571521     3.9612     3.9626    34.4522    34.4527    27.3544    27.3546     0.5526     0.5827     16.810     17.726     0.5836     0.5971     0.0403    -0.0177     3.2991     0.0562     0.0000 -123.13212   36.28718     100.00          6  0.000e+00
     182598   7608.208    991.412   1001.143     4.0375     4.0384  32.569761  32.571338     3.9615     3.9624    34.4517    34.4527    27.3540    27.3546     0.5526     0.5751     16.810     17.494     0.5836     0.5958     0.0403    -0.0177     3.2991     0.0525     0.0000 -123.13212   36.28718     100.00          6  0.000e+00
     182599   7608.250    991.265   1000.993     4.0373     4.0386  32.569883  32.571459     3.9613     3.9626    34.4522    34.4527    27.3544    27.3546     0.5526     0.5827     16.810     17.725     0.5836     0.5971     0.0403    -0.0177     3.2991     0.0501     0.0000 -123.13212   36.28718     100.00          6  0.000e+00
     182600   7608.292    991.318   1001.048     4.0373     4.0387  32.570128  32.571337     3.9614     3.9627    34.4524    34.4524    27.3545    27.3544     0.5526     0.5827     16.810     17.726     0.5836     0.5971     0.0403    -0.0177     3.2991     0.0513     0.0000 -123.13212   36.28718     100.00          6  0.000e+00
     182601   7608.333    991.265   1000.993     4.0371     4.0386  32.569822  32.571459     3.9611     3.9626    34.4523    34.4527    27.3545    27.3546     0.5526     0.5751     16.810     17.493     0.5836     0.5958     0.0403    -0.0177     3.3004     0.0501     0.0000 -123.13212   36.28718     100.00          6  0.000e+00
     182602   7608.375    991.265   1000.993     4.0372     4.0385  32.569883  32.571582     3.9612     3.9626    34.4523    34.4529    27.3544    27.3548     0.5526     0.5751     16.810     17.493     0.5836     0.5958     0.0403    -0.0177     3.3004     0.0488     0.0000 -123.13212   36.28718     100.00          6  0.000e+00
     182603   7608.417    991.211   1000.939     4.0373     4.0387  32.569760  32.571520     3.9614     3.9628    34.4520    34.4526    27.3542    27.3545     0.5526     0.5751     16.810     17.493     0.5836     0.5958     0.0403    -0.0177     3.3004     0.0501     0.0000 -123.13212   36.28718     100.00          6  0.000e+00
     182604   7608.458    991.211   1000.939     4.0374     4.0385  32.569883  32.571337     3.9615     3.9626    34.4520    34.4526    27.3542    27.3546     0.5457     0.5827     16.598     17.725     0.5824     0.5971     0.0403    -0.0177     3.2991     0.0501     0.0000 -123.13212   36.28718     100.00          6  0.000e+00
     182605   7608.500    991.110   1000.837     4.0372     4.0387  32.569760  32.570970     3.9613     3.9628    34.4522    34.4520    27.3544    27.3541     0.5526     0.5827     16.810     17.725     0.5836     0.5971     0.0403    -0.0177     3.2979     0.0501     0.0000 -123.13212   36.28718     100.00          6  0.000e+00
     182606   7608.542    991.110   1000.837     4.0374     4.0387  32.569882  32.571214     3.9615     3.9628    34.4521    34.4523    27.3543    27.3543     0.5526     0.5751     16.810     17.493     0.5836     0.5958     0.0403    -0.0177     3.2991     0.0501     0.0000 -123.13212   36.28718     100.00          6  0.000e+00
     182607   7608.583    991.110   1000.837     4.0373     4.0386  32.569760  32.571642     3.9614     3.9627    34.4520    34.4530    27.3543    27.3548     0.5526     0.5827     16.810     17.725     0.5836     0.5971     0.0403    -0.0177     3.2991     0.0488     0.0000 -123.13212   36.28718     100.00          6  0.000e+00
     182608   7608.625    991.063   1000.789     4.0374     4.0387  32.569882  32.571214     3.9615     3.9628    34.4521    34.4524    27.3543    27.3544     0.5526     0.5751     16.810     17.493     0.5836     0.5958     0.0403    -0.0177     3.2991     0.0488     0.0000 -123.13212   36.28718     100.00          6  0.000e+00
     182609   7608.667    991.009   1000.735     4.0375     4.0387  32.569943  32.571153     3.9616     3.9628    34.4522    34.4523    27.3543    27.3543     0.5526     0.5751     16.809     17.493     0.5836     0.5958     0.0403    -0.0177     3.2991     0.0488     0.0000 -123.13212   36.28718     100.00          6  0.000e+00
     182610   7608.708    990.962   1000.687     4.0372     4.0387  32.569760  32.570847     3.9613     3.9628    34.4523    34.4519    27.3545    27.3540     0.5526     0.5827     16.809     17.725     0.5836     0.5971     0.0403    -0.0177     3.2991     0.0513     0.0000 -123.13212   36.28718     100.00          6  0.000e+00
     182611   7608.750    990.962   1000.687     4.0374     4.0385  32.569882  32.571458     3.9615     3.9626    34.4522    34.4529    27.3543    27.3548     0.5526     0.5751     16.809     17.493     0.5836     0.5958     0.0403    -0.0177     3.2991     0.0525     0.0000 -123.13212   36.28718     100.00          6  0.000e+00
     182612   7608.792    990.915   1000.640     4.0372     4.0386  32.569759  32.571214     3.9613     3.9627    34.4523    34.4525    27.3545    27.3545     0.5526     0.5751     16.809     17.493     0.5836     0.5958     0.0403    -0.0177     3.3004     0.0501     0.0000 -123.13212   36.28718     100.00          6  0.000e+00
     182613   7608.833    990.909   1000.633     4.0374     4.0387  32.569882  32.571153     3.9615     3.9628    34.4522    34.4524    27.3544    27.3544     0.5456     0.5827     16.597     17.725     0.5824     0.5971     0.0403    -0.0177     3.2991     0.0513     0.0000 -123.13212   36.28718     100.00          6  0.000e+00
     182614   7608.875    990.909   1000.633     4.0373     4.0384  32.569515  32.570847     3.9614     3.9625    34.4519    34.4523    27.3541    27.3543     0.5456     0.5827     16.597     17.725     0.5824     0.5971     0.0403    -0.0177     3.3004     0.0501     0.0000 -123.13212   36.28718     100.00          6  0.000e+00
     182615   7608.917    990.808   1000.531     4.0373     4.0385  32.569759  32.570602     3.9614     3.9626    34.4522    34.4519    27.3544    27.3540     0.5456     0.5751     16.597     17.493     0.5824     0.5958     0.0403    -0.0177     3.2979     0.0513     0.0000 -123.13212   36.28718     100.00          6  0.000e+00
     182616   7608.958    990.808   1000.531     4.0374     4.0387  32.569943  32.571152     3.9615     3.9628    34.4523    34.4524    27.3545    27.3544     0.5526     0.5827     16.809     17.724     0.5836     0.5971     0.0403    -0.0177     3.2991     0.0513     0.0000 -123.13212   36.28718     100.00          6  0.000e+00
     182617   7609.000    990.808   1000.531     4.0375     4.0385  32.569943  32.571213     3.9616     3.9626    34.4523    34.4527    27.3544    27.3546     0.5456     0.5827     16.597     17.724     0.5824     0.5971     0.0403    -0.0177     3.3004     0.0501     0.0000 -123.13212   36.28718     100.00          6  0.000e+00
     182618   7609.042    990.761   1000.483     4.0374     4.0386  32.569759  32.571274     3.9615     3.9627    34.4521    34.4527    27.3543    27.3546     0.5526     0.5827     16.809     17.724     0.5836     0.5971     0.0403    -0.0177     3.2991     0.0488     0.0000 -123.13212   36.28718     100.00          6  0.000e+00
     182619   7609.083    990.707   1000.429     4.0375     4.0385  32.569881  32.571458     3.9616     3.9626    34.4522    34.4530    27.3544    27.3549     0.5526     0.5827     16.809     17.724     0.5836     0.5971     0.0403    -0.0177     3.2991     0.0501     0.0000 -123.13212   36.28718     100.00          6  0.000e+00
     182620   7609.125    990.707   1000.429     4.0375     4.0387  32.569942  32.571152     3.9616     3.9628    34.4523    34.4524    27.3544    27.3544     0.5526     0.5827     16.809     17.724     0.5836     0.5971     0.0403    -0.0177     3.2991     0.0586     0.0000 -123.13212   36.28718     100.00          6  0.000e+00
     182621   7609.167    990.660   1000.381     4.0374     4.0387  32.569942  32.571396     3.9615     3.9628    34.4524    34.4528    27.3545    27.3547     0.5526     0.5750     16.809     17.492     0.5836     0.5958     0.0403    -0.0177     3.2991     0.0586     0.0000 -123.13212   36.28718     100.00          6  0.000e+00
     182622   7609.208    990.660   1000.381     4.0375     4.0386  32.569759  32.570907     3.9616     3.9627    34.4521    34.4523    27.3543    27.3543     0.5526     0.5827     16.809     17.724     0.5836     0.5971     0.0403    -0.0177     3.2991     0.0562     0.0000 -123.13212   36.28718     100.00          6  0.000e+00
     182623   7609.250    990.606   1000.327     4.0377     4.0385  32.569697  32.571274     3.9618     3.9626    34.4518    34.4528    27.3540    27.3547     0.5526     0.5827     16.808     17.724     0.5836     0.5971     0.0403    -0.0177     3.2991     0.0586     0.0000 -123.13212   36.28718     100.00          6  0.000e+00
     182624   7609.292    990.606   1000.327     4.0375     4.0387  32.569881  32.571152     3.9616     3.9628    34.4523    34.4525    27.3544    27.3544     0.5526     0.5750     16.808     17.492     0.5836     0.5958     0.0403    -0.0177     3.3004     0.0598     0.0000 -123.13212   36.28718     100.00          6  0.000e+00
     182625   7609.333    990.606   1000.327     4.0374     4.0385  32.569758  32.571152     3.9615     3.9626    34.4522    34.4527    27.3544    27.3546     0.5526     0.5750     16.809     17.492     0.5836     0.5958     0.0403    -0.0177     3.3004     0.0598     0.0000 -123.13212   36.28718     100.00          6  0.000e+00
     182626   7609.375    990.512   1000.232     4.0375     4.0384  32.569452  32.571029     3.9616     3.9625    34.4518    34.4527    27.3541    27.3547     0.5526     0.5750     16.808     17.492     0.5836     0.5958     0.0403    -0.0177     3.3004     0.0598     0.0000 -123.13212   36.28718     100.00          6  0.000e+00
     182627   7609.417    990.559   1000.279     4.0373     4.0387  32.569758  32.570907     3.9615     3.9629    34.4523    34.4522    27.3545    27.3542     0.5526     0.5750     16.808     17.492     0.5836     0.5958     0.0403    -0.0177     3.3004     0.0635     0.0000 -123.13212   36.28718     100.00          6  0.000e+00
     182628   7609.458    990.506   1000.225     4.0374     4.0387  32.569758  32.570968     3.9616     3.9628    34.4522    34.4524    27.3544    27.3544     0.5526     0.5827     16.808     17.724     0.5836     0.5971     0.0403    -0.0177     3.3004     0.0635     0.0000 -123.13212   36.28718     100.00          6  0.000e+00
     182629   7609.500    990.506   1000.225     4.0378     4.0387  32.569452  32.571151     3.9619     3.9629    34.4515    34.4525    27.3538    27.3545     0.5526     0.5827     16.808     17.724     0.5836     0.5971     0.0403    -0.0177     3.2991     0.0635     0.0000 -123.13212   36.28718     100.00          6  0.000e+00
     182630   7609.542    990.506   1000.225     4.0374     4.0384  32.569575  32.571029     3.9616     3.9625    34.4520    34.4527    27.3542    27.3547     0.5526     0.5827     16.808     17.724     0.5836     0.5971     0.0403    -0.0177     3.2991     0.0611     0.0000 -123.13212   36.28718     100.00          6  0.000e+00
     182631   7609.583    990.405   1000.123     4.0375     4.0384  32.569452  32.570662     3.9616     3.9626    34.4519    34.4523    27.3541    27.3543     0.5526     0.5750     16.808     17.492     0.5836     0.5958     0.0403    -0.0177     3.3004     0.0623     0.0000 -123.13212   36.28718     100.00          6  0.000e+00
     182632   7609.625    990.459   1000.177     4.0378     4.0385  32.569574  32.570907     3.9619     3.9627    34.4517    34.4525    27.3539    27.3545     0.5526     0.5750     16.808     17.492     0.5836     0.5958     0.0403    -0.0177     3.3004     0.0647     0.0000 -123.13212   36.28718     100.00          6  0.000e+00
     182633   7609.667    990.459   1000.177     4.0376     4.0384  32.570064  32.570907     3.9617     3.9626    34.4525    34.4526    27.3546    27.3546     0.5526     0.5750     16.808     17.492     0.5836     0.5958     0.0403    -0.0177     3.2991     0.0659     0.0000 -123.13212   36.28718     100.00          6  0.000e+00
