West Coast/WCOA-7/CTD_Data/RB2102_CTD_066_01.ros
* Sea-Bird SBE 9 Data File:
* FileName = C:\Users\scs.user.rb\CTD\RB2102\Data\RB2102_CTD_066_01.hex
* Software Version Seasave V 7.26.7.107
* Temperature SN = 6202
* Conductivity SN = 4907
* Number of Bytes Per Scan = 41
* Number of Voltage Words = 4
* Number of Scans Averaged by the Deck Unit = 1
* NMEA Latitude = 41 59.58 N
* NMEA Longitude = 124 19.60 W
* NMEA UTC (Time) = Jul 07 2021  00:30:38
* NMEA baud rate = 4800
# nquan = 30
# nvalues = 441                                   
# units = specified
# name 0 = scan: Scan Count
# name 1 = timeS: Time, Elapsed [seconds]
# name 2 = depSM: Depth [salt water, m]
# name 3 = prDM: Pressure, Digiquartz [db]
# name 4 = t090C: Temperature [ITS-90, deg C]
# name 5 = t190C: Temperature, 2 [ITS-90, deg C]
# name 6 = c0mS/cm: Conductivity [mS/cm]
# name 7 = c1mS/cm: Conductivity, 2 [mS/cm]
# name 8 = potemp090C: Potential Temperature [ITS-90, deg C]
# name 9 = potemp190C: Potential Temperature, 2 [ITS-90, deg C]
# name 10 = sal00: Salinity, Practical [PSU]
# name 11 = sal11: Salinity, Practical, 2 [PSU]
# name 12 = sigma-é00: Density [sigma-theta, kg/m^3]
# name 13 = sigma-é11: Density, 2 [sigma-theta, kg/m^3]
# name 14 = sbeox0Mg/L: Oxygen, SBE 43 [mg/l]
# name 15 = sbeox1Mg/L: Oxygen, SBE 43, 2 [mg/l]
# name 16 = sbox0Mm/Kg: Oxygen, SBE 43 [umol/kg]
# name 17 = sbox1Mm/Kg: Oxygen, SBE 43, 2 [umol/kg]
# name 18 = sbeox0V: Oxygen raw, SBE 43 [V]
# name 19 = sbeox1V: Oxygen raw, SBE 43, 2 [V]
# name 20 = v4: Voltage 4
# name 21 = flECO-AFL: Fluorescence, WET Labs ECO-AFL/FL [mg/m^3]
# name 22 = v3: Voltage 3
# name 23 = v6: Voltage 6
# name 24 = v7: Voltage 7
# name 25 = longitude: Longitude [deg]
# name 26 = latitude: Latitude [deg]
# name 27 = altM: Altimeter [m]
# name 28 = nbf: Bottles Fired
# name 29 = flag:  0.000e+00
# interval = seconds: 0.0416667
# start_time = Jul 07 2021 00:30:38 [NMEA time, header]
# bad_flag = -9.990e-29
*END*
[from data line 339]
      30369   1265.333      4.057      4.089    13.5570    13.2386  39.712519  39.429391    13.5565    13.2381    33.3144    33.3271    24.9757    25.0497    12.2627    12.5350    373.878    382.152     3.5238     3.3443     0.6398    14.9701     3.2295     0.1758     0.1319 -124.32708   41.99274      38.27          7  0.000e+00
      30370   1265.375      4.004      4.036    13.5503    13.2318  39.705445  39.425109    13.5498    13.2312    33.3137    33.3291    24.9765    25.0526    12.2694    12.5367    374.080    382.201     3.5250     3.3443     0.6410    15.0006     3.2283     0.1758     0.1306 -124.32708   41.99274      38.22          7  0.000e+00
      30371   1265.417      4.004      4.036    13.5383    13.2267  39.698174  39.422013    13.5378    13.2262    33.3173    33.3306    24.9818    25.0548    12.2771    12.5379    374.314    382.239     3.5263     3.3443     0.6410    15.0006     3.2271     0.1758     0.1306 -124.32708   41.99274      38.22          7  0.000e+00
      30372   1265.458      4.004      4.036    13.5258    13.2264  39.689780  39.410022    13.5252    13.2258    33.3204    33.3196    24.9867    25.0464    12.2801    12.5335    374.404    382.107     3.5263     3.3431     0.6410    15.0006     3.2283     0.1758     0.1306 -124.32708   41.99274      38.22          7  0.000e+00
      30457   1269.000      3.713      3.742    13.5315    13.4057  39.701347  39.581692    13.5310    13.4052    33.3264    33.3242    24.9902    25.0139    12.7512    12.6443    388.766    385.496     3.6435     3.3797     0.6679    15.6722     3.2283     0.1673     0.1221 -124.32708   41.99272      37.97          8  0.000e+00
      30458   1269.042      3.759      3.789    13.5315    13.4101  39.702603  39.581824    13.5310    13.4095    33.3276    33.3204    24.9911    25.0101    12.7561    12.6488    388.916    385.635     3.6447     3.3810     0.6679    15.6722     3.2283     0.1673     0.1209 -124.32708   41.99272      37.97          8  0.000e+00
      30459   1269.083      3.666      3.695    13.5335    13.4149  39.704718  39.582747    13.5330    13.4144    33.3278    33.3171    24.9909    25.0066    12.7554    12.6529    388.894    385.763     3.6447     3.3822     0.6679    15.6722     3.2283     0.1673     0.1221 -124.32708   41.99272      37.97          8  0.000e+00
      30460   1269.125      3.713      3.742    13.5363    13.4180  39.707627  39.584067    13.5358    13.4175    33.3280    33.3156    24.9905    25.0048    12.7646    12.6576    389.173    385.906     3.6471     3.3834     0.6422    15.0312     3.2283     0.1673     0.1221 -124.32708   41.99272      38.07          8  0.000e+00
      30461   1269.167      3.713      3.742    13.5382    13.4166  39.709412  39.585981    13.5377    13.4161    33.3281    33.3186    24.9901    25.0074    12.7690    12.6631    389.308    386.073     3.6484     3.3846     0.5861    13.6270     3.2271     0.1673     0.1221 -124.32708   41.99272      38.12          8  0.000e+00
      30462   1269.208      3.680      3.709    13.5398    13.4146  39.710734  39.589875    13.5393    13.4141    33.3279    33.3241    24.9896    25.0120    12.7735    12.6686    389.444    386.238     3.6496     3.3858     0.5665    13.1386     3.2283     0.1661     0.1209 -124.32708   41.99272      38.12          8  0.000e+00
      30463   1269.250      3.713      3.742    13.5430    13.4148  39.711593  39.594363    13.5425    13.4143    33.3259    33.3281    24.9875    25.0151    12.7778    12.6790    389.576    386.554     3.6508     3.3883     0.5678    13.1691     3.2271     0.1661     0.1209 -124.32708   41.99272      38.12          8  0.000e+00
      30464   1269.292      3.666      3.695    13.5450    13.4195  39.712783  39.597266    13.5445    13.4190    33.3253    33.3267    24.9866    25.0131    12.7821    12.6831    389.710    386.680     3.6520     3.3895     0.5702    13.2302     3.2283     0.1661     0.1209 -124.32708   41.99272      38.12          8  0.000e+00
      30465   1269.333      3.713      3.742    13.5470    13.4287  39.715362  39.601027    13.5465    13.4282    33.3260    33.3222    24.9867    25.0077    12.7865    12.6863    389.844    386.780     3.6532     3.3907     0.5714    13.2607     3.2271     0.1661     0.1209 -124.32708   41.99272      38.10          8  0.000e+00
      30466   1269.375      3.666      3.695    13.5477    13.4310  39.716485  39.606901    13.5472    13.4305    33.3265    33.3257    24.9869    25.0099    12.7912    12.6907    389.985    386.912     3.6545     3.3919     0.5714    13.2607     3.2283     0.1661     0.1209 -124.32708   41.99272      38.10          8  0.000e+00
      30467   1269.417      3.666      3.695    13.5479    13.4322  39.716684  39.614559    13.5473    13.4317    33.3265    33.3318    24.9869    25.0144    12.7961    12.6952    390.134    387.049     3.6557     3.3932     0.5714    13.2607     3.2283     0.1661     0.1209 -124.32708   41.99272      38.10          8  0.000e+00
      30468   1269.458      3.666      3.695    13.5473    13.4379  39.716089  39.624196    13.5468    13.4374    33.3264    33.3359    24.9870    25.0164    12.7962    12.6987    390.139    387.154     3.6557     3.3944     0.5714    13.2607     3.2283     0.1648     0.1209 -124.32708   41.99272      38.10          8  0.000e+00
      30469   1269.500      3.713      3.742    13.5460    13.4465  39.714502  39.632184    13.5455    13.4460    33.3261    33.3359    24.9870    25.0147    12.8016    12.7017    390.303    387.247     3.6569     3.3956     0.5714    13.2607     3.2283     0.1648     0.1197 -124.32708   41.99272      38.10          8  0.000e+00
      30470   1269.542      3.613      3.642    13.5425    13.4576  39.713378  39.638785    13.5420    13.4571    33.3281    33.3324    24.9892    25.0098    12.8072    12.7095    390.472    387.485     3.6581     3.3980     0.5702    13.2302     3.2283     0.1648     0.1209 -124.32708   41.99272      38.10          8  0.000e+00
      30471   1269.583      3.666      3.695    13.5411    13.4710  39.715494  39.642746    13.5406    13.4705    33.3312    33.3243    24.9919    25.0008    12.8123    12.7118    390.627    387.559     3.6593     3.3993     0.5714    13.2607     3.2283     0.1636     0.1197 -124.32708   41.99272      38.10          8  0.000e+00
      30472   1269.625      3.666      3.695    13.5427    13.4740  39.717544  39.641359    13.5421    13.4735    33.3318    33.3204    24.9921    24.9971    12.8118    12.7166    390.613    387.708     3.6593     3.4005     0.5714    13.2607     3.2295     0.1636     0.1197 -124.32708   41.99272      38.19          8  0.000e+00
      30473   1269.667      3.613      3.642    13.5448    13.4680  39.718403  39.639246    13.5443    13.4675    33.3308    33.3237    24.9908    25.0010    12.8162    12.7233    390.746    387.911     3.6606     3.4017     0.5702    13.2302     3.2295     0.1636     0.1197 -124.32708   41.99272      38.24          8  0.000e+00
      30474   1269.708      3.666      3.695    13.5467    13.4623  39.719461  39.638785    13.5462    13.4618    33.3301    33.3282    24.9899    25.0056    12.8207    12.7354    390.885    388.276     3.6618     3.4042     0.5714    13.2607     3.2271     0.1636     0.1197 -124.32708   41.99272      38.24          8  0.000e+00
      30475   1269.750      3.633      3.662    13.5485    13.4569  39.725478  39.637861    13.5480    13.4564    33.3342    33.3321    24.9927    25.0097    12.8199    12.7419    390.858    388.473     3.6618     3.4054     0.5714    13.2607     3.2271     0.1624     0.1197 -124.32708   41.99272      38.24          8  0.000e+00
      30476   1269.792      3.613      3.642    13.5547    13.4545  39.734140  39.640305    13.5542    13.4540    33.3369    33.3365    24.9935    25.0136    12.8229    12.7422    390.950    388.481     3.6630     3.4054     0.5714    13.2607     3.2295     0.1624     0.1197 -124.32708   41.99272      38.24          8  0.000e+00
      30477   1269.833      3.613      3.642    13.5637    13.4562  39.741083  39.644200    13.5632    13.4557    33.3355    33.3387    24.9907    25.0149    12.8255    12.7522    391.030    388.787     3.6642     3.4078     0.5714    13.2607     3.2271     0.1624     0.1184 -124.32708   41.99272      38.22          8  0.000e+00
      30478   1269.875      3.613      3.642    13.5705    13.4645  39.744654  39.648095    13.5700    13.4640    33.3329    33.3351    24.9872    25.0105    12.8239    12.7556    390.982    388.891     3.6642     3.4090     0.5714    13.2607     3.2271     0.1612     0.1184 -124.32708   41.99272      38.14          8  0.000e+00
      30479   1269.917      3.613      3.642    13.5647    13.4734  39.729973  39.649877    13.5642    13.4729    33.3242    33.3290    24.9817    25.0039    12.8311    12.7589    391.203    388.995     3.6654     3.4103     0.5714    13.2607     3.2271     0.1612     0.1184 -124.32708   41.99272      38.12          8  0.000e+00
      30480   1269.958      3.613      3.642    13.5335    13.4799  39.706173  39.652386    13.5330    13.4794    33.3292    33.3256    24.9919    25.0000    12.8391    12.7627    391.444    389.112     3.6654     3.4115     0.5714    13.2607     3.2271     0.1612     0.1172 -124.32708   41.99272      38.12          8  0.000e+00
      30481   1270.000      3.567      3.595    13.5105    13.4847  39.696259  39.656546    13.5100    13.4842    33.3401    33.3254    25.0050    24.9989    12.8493    12.7613    391.750    389.070     3.6667     3.4115     0.5714    13.2607     3.2283     0.1600     0.1184 -124.32708   41.99272      38.14          8  0.000e+00
      30482   1270.042      3.613      3.642    13.4907    13.4860  39.685751  39.661037    13.4902    13.4855    33.3474    33.3284    25.0147    25.0010    12.8541    12.7661    391.893    389.216     3.6667     3.4127     0.5702    13.2302     3.2283     0.1587     0.1172 -124.32708   41.99272      38.14          8  0.000e+00
      30483   1270.083      3.613      3.642    13.4564    13.4877  39.669496  39.663150    13.4559    13.4872    33.3622    33.3289    25.0330    25.0009    12.8622    12.7710    392.133    389.364     3.6667     3.4139     0.5702    13.2302     3.2283     0.1587     0.1172 -124.32708   41.99272      38.14          8  0.000e+00
      30484   1270.125      3.521      3.549    13.4323    13.4895  39.662494  39.663546    13.4318    13.4890    33.3768    33.3277    25.0492    24.9997    12.8674    12.7758    392.286    389.511     3.6667     3.4151     0.5714    13.2607     3.2283     0.1587     0.1172 -124.32708   41.99272      38.17          8  0.000e+00
      30485   1270.167      3.613      3.642    13.4323    13.4954  39.667318  39.662489    13.4318    13.4949    33.3813    33.3216    25.0527    24.9937    12.8672    12.7801    392.279    389.645     3.6667     3.4164     0.5702    13.2302     3.2283     0.1587     0.1172 -124.32708   41.99272      38.17          8  0.000e+00
      30486   1270.208      3.567      3.595    13.4384    13.4962  39.670820  39.658724    13.4379    13.4957    33.3792    33.3173    25.0498    24.9903    12.8656    12.7801    392.232    389.647     3.6667     3.4164     0.5678    13.1691     3.2283     0.1575     0.1160 -124.32708   41.99272      38.17          8  0.000e+00
      30487   1270.250      3.567      3.595    13.4420    13.4890  39.675710  39.655092    13.4415    13.4885    33.3807    33.3202    25.0503    24.9940    12.8646    12.7873    392.199    389.864     3.6667     3.4176     0.5519    12.7723     3.2283     0.1575     0.1160 -124.32708   41.99272      38.17          8  0.000e+00
      30488   1270.292      3.567      3.595    13.4575    13.4816  39.686020  39.650668    13.4570    13.4811    33.3768    33.3225    25.0441    24.9973    12.8656    12.7945    392.233    390.084     3.6679     3.4188     0.5470    12.6502     3.2271     0.1563     0.1160 -124.32708   41.99272      38.17          8  0.000e+00
      30489   1270.333      3.534      3.562    13.4731    13.4710  39.692231  39.644925    13.4726    13.4705    33.3690    33.3264    25.0349    25.0024    12.8620    12.7972    392.125    390.162     3.6679     3.4188     0.5458    12.6197     3.2283     0.1563     0.1148 -124.32708   41.99272      38.19          8  0.000e+00
      30490   1270.375      3.567      3.595    13.4850    13.4700  39.695733  39.640434    13.4845    13.4695    33.3618    33.3231    25.0270    25.0001    12.8594    12.8031    392.049    390.345     3.6679     3.4200     0.5470    12.6502     3.2283     0.1563     0.1148 -124.32708   41.99272      38.27          8  0.000e+00
      30491   1270.417      3.521      3.549    13.4983    13.4745  39.699698  39.638849    13.4978    13.4740    33.3539    33.3177    25.0182    24.9949    12.8514    12.8076    391.809    390.482     3.6667     3.4212     0.5470    12.6502     3.2283     0.1551     0.1148 -124.32708   41.99272      38.32          8  0.000e+00
      30492   1270.458      3.567      3.595    13.5066    13.4708  39.701218  39.637925    13.5061    13.4703    33.3481    33.3200    25.0120    24.9975    12.8497    12.8085    391.760    390.510     3.6667     3.4212     0.5470    12.6502     3.2283     0.1538     0.1148 -124.32708   41.99272      38.32          8  0.000e+00
      30493   1270.500      3.521      3.549    13.5096    13.4690  39.700093  39.636142    13.5091    13.4685    33.3444    33.3200    25.0085    24.9979    12.8491    12.8143    391.743    390.687     3.6667     3.4225     0.5470    12.6502     3.2283     0.1538     0.1136 -124.32708   41.99272      38.32          8  0.000e+00
      30494   1270.542      3.567      3.595    13.5077    13.4685  39.698507  39.635548    13.5072    13.4680    33.3446    33.3198    25.0090    24.9978    12.8497    12.8145    391.760    390.693     3.6667     3.4225     0.5470    12.6502     3.2271     0.1538     0.1136 -124.32708   41.99272      38.29          8  0.000e+00
      30495   1270.583      3.521      3.549    13.5079    13.4712  39.696722  39.634888    13.5075    13.4707    33.3427    33.3169    25.0075    24.9950    12.8497    12.8193    391.761    390.840     3.6667     3.4237     0.5470    12.6502     3.2283     0.1526     0.1123 -124.32708   41.99272      38.29          8  0.000e+00
      30496   1270.625      3.521      3.549    13.5115    13.4749  39.693350  39.633699    13.5110    13.4744    33.3365    33.3125    25.0020    24.9909    12.8492    12.8186    391.749    390.820     3.6667     3.4237     0.5470    12.6502     3.2283     0.1526     0.1123 -124.32708   41.99272      38.32          8  0.000e+00
      30497   1270.667      3.521      3.549    13.5137    13.4763  39.689780  39.630991    13.5132    13.4758    33.3312    33.3088    24.9974    24.9877    12.8441    12.8185    391.595    390.819     3.6654     3.4237     0.5470    12.6502     3.2283     0.1526     0.1123 -124.32708   41.99272      38.32          8  0.000e+00
      30498   1270.708      3.567      3.595    13.5146    13.4707  39.686343  39.628087    13.5141    13.4702    33.3271    33.3109    24.9941    24.9905    12.8443    12.8253    391.601    391.026     3.6654     3.4249     0.5470    12.6502     3.2271     0.1514     0.1123 -124.32708   41.99272      38.34          8  0.000e+00
      30499   1270.750      3.521      3.549    13.5136    13.4636  39.683897  39.625183    13.5131    13.4631    33.3257    33.3144    24.9933    24.9946    12.8446    12.8270    391.611    391.074     3.6654     3.4249     0.5470    12.6502     3.2283     0.1514     0.1111 -124.32708   41.99272      38.34          8  0.000e+00
