West Coast/WCOA-7/CTD_Data/RB2102_CTD_125_01.ros
* Sea-Bird SBE 9 Data File:
* FileName = C:\Users\scs.user.rb\CTD\RB2102\Data\RB2102_CTD_125_01.hex
* Software Version Seasave V 7.26.7.107
* Temperature SN = 6202
* Conductivity SN = 4907
* Number of Bytes Per Scan = 41
* Number of Voltage Words = 4
* Number of Scans Averaged by the Deck Unit = 1
* NMEA Latitude = 33 29.43 N
* NMEA Longitude = 117 45.04 W
* NMEA UTC (Time) = Jul 20 2021  14:37:18
* NMEA baud rate = 4800
# nquan = 30
# nvalues = 469                                   
# units = specified
# name 0 = scan: Scan Count
# name 1 = timeS: Time, Elapsed [seconds]
# name 2 = depSM: Depth [salt water, m]
# name 3 = prDM: Pressure, Digiquartz [db]
# name 4 = t090C: Temperature [ITS-90, deg C]
# name 5 = t190C: Temperature, 2 [ITS-90, deg C]
# name 6 = c0mS/cm: Conductivity [mS/cm]
# name 7 = c1mS/cm: Conductivity, 2 [mS/cm]
# name 8 = potemp090C: Potential Temperature [ITS-90, deg C]
# name 9 = potemp190C: Potential Temperature, 2 [ITS-90, deg C]
# name 10 = sal00: Salinity, Practical [PSU]
# name 11 = sal11: Salinity, Practical, 2 [PSU]
# name 12 = sigma-é00: Density [sigma-theta, kg/m^3]
# name 13 = sigma-é11: Density, 2 [sigma-theta, kg/m^3]
# name 14 = sbeox0Mg/L: Oxygen, SBE 43 [mg/l]
# name 15 = sbeox1Mg/L: Oxygen, SBE 43, 2 [mg/l]
# name 16 = sbox0Mm/Kg: Oxygen, SBE 43 [umol/kg]
# name 17 = sbox1Mm/Kg: Oxygen, SBE 43, 2 [umol/kg]
# name 18 = sbeox0V: Oxygen raw, SBE 43 [V]
# name 19 = sbeox1V: Oxygen raw, SBE 43, 2 [V]
# name 20 = v4: Voltage 4
# name 21 = flECO-AFL: Fluorescence, WET Labs ECO-AFL/FL [mg/m^3]
# name 22 = v3: Voltage 3
# name 23 = v6: Voltage 6
# name 24 = v7: Voltage 7
# name 25 = longitude: Longitude [deg]
# name 26 = latitude: Latitude [deg]
# name 27 = altM: Altimeter [m]
# name 28 = nbf: Bottles Fired
# name 29 = flag:  0.000e+00
# interval = seconds: 0.0416667
# start_time = Jul 20 2021 14:37:18 [NMEA time, header]
# bad_flag = -9.990e-29
*END*
[from data line 97]
      15076    628.125     19.622     19.763    14.7735    14.7554  41.029303  41.005309    14.7706    14.7525    33.4699    33.4636    24.8420    24.8410     8.5575     7.9716    260.942    243.079     2.6581     2.3687     0.1172     1.9054     3.2943     0.0000     0.0879 -117.75070   33.49058      16.90          3  0.000e+00
      15077    628.167     19.668     19.810    14.7805    14.7489  41.036404  40.998080    14.7776    14.7460    33.4703    33.4625    24.8408    24.8416     8.5563     7.9728    260.906    243.115     2.6581     2.3687     0.1172     1.9054     3.2943     0.0000     0.0867 -117.75070   33.49058      16.92          3  0.000e+00
      15078    628.208     19.622     19.763    14.7888    14.7420  41.041361  40.992190    14.7859    14.7391    33.4677    33.4631    24.8370    24.8435     8.5597     7.9792    261.012    243.307     2.6593     2.3700     0.1184     1.9359     3.2930     0.0000     0.0867 -117.75070   33.49058      16.90          3  0.000e+00
      15079    628.250     19.622     19.763    14.7857    14.7363  41.034930  40.989581    14.7828    14.7334    33.4644    33.4656    24.8352    24.8467     8.5556     7.9800    260.887    243.333     2.6581     2.3700     0.1172     1.9054     3.2943     0.0000     0.0879 -117.75070   33.49058      16.90          3  0.000e+00
      15080    628.292     19.622     19.763    14.7674    14.7354  41.017581  40.989179    14.7645    14.7325    33.4644    33.4660    24.8391    24.8472     8.5588     7.9749    260.984    243.177     2.6581     2.3687     0.1172     1.9054     3.2943     0.0000     0.0904 -117.75070   33.49058      16.90          3  0.000e+00
      15081    628.333     19.668     19.810    14.7513    14.7357  41.002378  40.988376    14.7484    14.7328    33.4644    33.4650    24.8425    24.8463     8.5665     7.9802    261.218    243.338     2.6593     2.3700     0.1172     1.9054     3.2943     0.0000     0.0904 -117.75070   33.49058      16.90          3  0.000e+00
      15082    628.375     19.622     19.763    14.7426    14.7347  40.989923  40.987506    14.7397    14.7318    33.4605    33.4651    24.8414    24.8466     8.5682     7.9803    261.269    243.342     2.6593     2.3700     0.1172     1.9054     3.2930     0.0000     0.0879 -117.75070   33.49058      16.90          3  0.000e+00
      15083    628.417     19.622     19.763    14.7339    14.7331  40.979678  40.986636    14.7310    14.7302    33.4586    33.4657    24.8418    24.8475     8.5698     7.9806    261.318    243.349     2.6593     2.3700     0.1172     1.9054     3.2930     0.0000     0.0879 -117.75070   33.49058      16.90          3  0.000e+00
      15084    628.458     19.622     19.763    14.7257    14.7312  40.973854  40.984763    14.7228    14.7283    33.4604    33.4657    24.8450    24.8478     8.5712     7.9757    261.359    243.200     2.6593     2.3687     0.1172     1.9054     3.2943     0.0000     0.0867 -117.75070   33.49058      16.92          3  0.000e+00
      15085    628.500     19.622     19.763    14.7216    14.7300  40.970573  40.983625    14.7187    14.7271    33.4609    33.4656    24.8462    24.8481     8.5718     7.9811    261.380    243.365     2.6593     2.3700     0.1172     1.9054     3.2930     0.0000     0.0842 -117.75070   33.49058      16.92          3  0.000e+00
      15086    628.542     19.668     19.810    14.7182    14.7322  40.966958  40.985097    14.7153    14.7293    33.4605    33.4651    24.8467    24.8471     8.5725     7.9808    261.400    243.356     2.6593     2.3700     0.1172     1.9054     3.2943     0.0000     0.0842 -117.75070   33.49058      16.92          3  0.000e+00
      15087    628.583     19.576     19.716    14.7123    14.7354  40.962741  40.985833    14.7095    14.7325    33.4618    33.4630    24.8489    24.8449     8.5734     7.9802    261.426    243.340     2.6593     2.3700     0.1172     1.9054     3.2943     0.0000     0.0842 -117.75070   33.49058      16.92          3  0.000e+00
      15088    628.625     19.622     19.763    14.7082    14.7351  40.960398  40.985164    14.7053    14.7321    33.4632    33.4627    24.8508    24.8447     8.5741     7.9804    261.447    243.344     2.6593     2.3700     0.1172     1.9054     3.2930     0.0000     0.0855 -117.75070   33.49058      16.92          3  0.000e+00
      15089    628.667     19.668     19.810    14.7066    14.7324  40.960466  40.985967    14.7037    14.7295    33.4646    33.4657    24.8523    24.8476     8.5792     7.9807    261.601    243.354     2.6606     2.3700     0.1172     1.9054     3.2930     0.0000     0.0867 -117.75070   33.49058      16.92          3  0.000e+00
      15090    628.708     19.622     19.763    14.7066    14.7305  40.961671  40.991657    14.7037    14.7276    33.4657    33.4725    24.8532    24.8532     8.5790     7.9807    261.597    243.351     2.6606     2.3700     0.1172     1.9054     3.2943     0.0000     0.0867 -117.75070   33.49058      16.90          3  0.000e+00
      15091    628.750     19.622     19.763    14.7075    14.7330  40.962340  41.000023    14.7046    14.7301    33.4656    33.4780    24.8529    24.8569     8.5789     7.9800    261.593    243.329     2.6606     2.3700     0.1172     1.9054     3.2930     0.0000     0.0867 -117.75070   33.49058      16.90          3  0.000e+00
      15092    628.792     19.622     19.763    14.7086    14.7371  40.964884  41.005177    14.7057    14.7342    33.4670    33.4792    24.8537    24.8570     8.5786     7.9792    261.585    243.306     2.6606     2.3700     0.1172     1.9054     3.2943     0.0000     0.0855 -117.75070   33.49058      16.90          3  0.000e+00
      15093    628.833     19.569     19.710    14.7177    14.7400  40.981689  41.008524    14.7148    14.7371    33.4745    33.4797    24.8575    24.8568     8.5766     7.9786    261.521    243.288     2.6606     2.3700     0.1172     1.9054     3.2943     0.0000     0.0842 -117.75070   33.49058      16.90          3  0.000e+00
      15094    628.875     19.668     19.810    14.7504    14.7437  41.013765  41.014415    14.7475    14.7408    33.4755    33.4819    24.8513    24.8576     8.5709     7.9780    261.349    243.268     2.6606     2.3700     0.1172     1.9054     3.2930     0.0000     0.0842 -117.75070   33.49058      16.90          3  0.000e+00
      15095    628.917     19.569     19.710    14.7975    14.7496  41.047658  41.021644    14.7946    14.7467    33.4659    33.4834    24.8338    24.8576     8.5678     7.9768    261.261    243.232     2.6618     2.3700     0.1172     1.9054     3.2930     0.0000     0.0855 -117.75070   33.49058      16.90          3  0.000e+00
      15096    628.958     19.622     19.763    14.8341    14.7543  41.073521  41.027469    14.8312    14.7514    33.4579    33.4846    24.8197    24.8575     8.5571     7.9708    260.937    243.048     2.6606     2.3687     0.1172     1.9054     3.2930     0.0000     0.0855 -117.75070   33.49058      16.90          3  0.000e+00
      15097    629.000     19.668     19.810    14.8456    14.7632  41.086523  41.036240    14.8426    14.7603    33.4599    33.4850    24.8188    24.8559     8.5550     7.9745    260.874    243.163     2.6606     2.3700     0.1172     1.9054     3.2930     0.0000     0.0842 -117.75070   33.49058      16.92          3  0.000e+00
      15098    629.042     19.569     19.710    14.8468    14.7770  41.084177  41.048292    14.8438    14.7741    33.4568    33.4841    24.8161    24.8522     8.5597     7.9721    261.017    243.090     2.6618     2.3700     0.1172     1.9054     3.2930     0.0000     0.0842 -117.75070   33.49058      16.92          3  0.000e+00
      15099    629.083     19.622     19.763    14.8445    14.7924  41.079351  41.057599    14.8416    14.7895    33.4543    33.4793    24.8147    24.8452     8.5555     7.9645    260.888    242.861     2.6606     2.3687     0.1172     1.9054     3.2943     0.0000     0.0842 -117.75070   33.49058      16.90          3  0.000e+00
      15100    629.125     19.622     19.763    14.8390    14.8051  41.075598  41.064161    14.8361    14.8022    33.4556    33.4744    24.8169    24.8386     8.5564     7.9626    260.915    242.804     2.6606     2.3687     0.1184     1.9359     3.2943     0.0000     0.0842 -117.75070   33.49058      16.92          3  0.000e+00
      15101    629.167     19.622     19.763    14.8363    14.8163  41.075197  41.071796    14.8334    14.8134    33.4576    33.4717    24.8190    24.8342     8.5567     7.9608    260.926    242.751     2.6606     2.3687     0.1221     2.0275     3.2930     0.0000     0.0842 -117.75070   33.49058      16.90          3  0.000e+00
      15102    629.208     19.622     19.763    14.8385    14.8272  41.079754  41.078292    14.8356    14.8243    33.4599    33.4683    24.8203    24.8292     8.5610     7.9591    261.057    242.701     2.6618     2.3687     0.1233     2.0580     3.2943     0.0000     0.0855 -117.75070   33.49058      16.87          3  0.000e+00
      15103    629.250     19.622     19.763    14.8452    14.8307  41.083507  41.077957    14.8423    14.8278    33.4575    33.4649    24.8170    24.8258     8.5552     7.9639    260.879    242.847     2.6606     2.3700     0.1233     2.0580     3.2930     0.0000     0.0867 -117.75070   33.49058      16.87          3  0.000e+00
      15104    629.292     19.576     19.716    14.8432    14.8258  41.085116  41.069383    14.8403    14.8229    33.4607    33.4614    24.8199    24.8242     8.5601     7.9597    261.029    242.718     2.6618     2.3687     0.1233     2.0580     3.2930     0.0000     0.0879 -117.75070   33.49058      16.87          3  0.000e+00
      15105    629.333     19.668     19.810    14.8424    14.8221  41.085988  41.059806    14.8395    14.8192    33.4622    33.4558    24.8212    24.8207     8.5603     7.9659    261.034    242.908     2.6618     2.3700     0.1245     2.0886     3.2930     0.0000     0.0879 -117.75070   33.49058      16.87          3  0.000e+00
      15106    629.375     19.576     19.716    14.8403    14.8146  41.084781  41.054850    14.8374    14.8117    33.4629    33.4577    24.8222    24.8238     8.5605     7.9670    261.040    242.941     2.6618     2.3700     0.1233     2.0580     3.2930     0.0000     0.0891 -117.75070   33.49058      16.87          3  0.000e+00
      15107    629.417     19.622     19.763    14.8359    14.8119  41.076336  41.059539    14.8330    14.8090    33.4590    33.4643    24.8201    24.8295     8.5615     7.9672    261.072    242.945     2.6618     2.3700     0.1245     2.0886     3.2930     0.0000     0.0879 -117.75070   33.49058      16.87          3  0.000e+00
      15108    629.458     19.622     19.763    14.8212    14.8187  41.059784  41.069920    14.8183    14.8158    33.4566    33.4679    24.8215    24.8308     8.5594     7.9658    261.008    242.904     2.6606     2.3700     0.1233     2.0580     3.2943     0.0000     0.0891 -117.75070   33.49058      16.90          3  0.000e+00
      15109    629.500     19.622     19.763    14.8045    14.8272  41.045848  41.078627    14.8016    14.8243    33.4582    33.4686    24.8263    24.8294     8.5671     7.9643    261.239    242.859     2.6618     2.3700     0.1233     2.0580     3.2943     0.0000     0.0879 -117.75070   33.49058      16.90          3  0.000e+00
      15110    629.542     19.622     19.763    14.7918    14.8341  41.037140  41.083785    14.7889    14.8312    33.4612    33.4673    24.8314    24.8269     8.5643     7.9632    261.154    242.826     2.6606     2.3700     0.1233     2.0580     3.2943     0.0000     0.0891 -117.75070   33.49058      16.90          3  0.000e+00
      15111    629.583     19.622     19.763    14.7860    14.8384  41.031848  41.088273    14.7831    14.8355    33.4613    33.4676    24.8327    24.8263     8.5701     7.9625    261.331    242.803     2.6618     2.3700     0.1245     2.0886     3.2930     0.0000     0.0891 -117.75070   33.49058      16.90          3  0.000e+00
      15112    629.625     19.576     19.716    14.7832    14.8424  41.030173  41.091555    14.7803    14.8395    33.4623    33.4672    24.8341    24.8251     8.5705     7.9618    261.343    242.782     2.6618     2.3700     0.1233     2.0580     3.2943     0.0000     0.0879 -117.75070   33.49058      16.90          3  0.000e+00
      15113    629.667     19.622     19.763    14.7814    14.8433  41.031848  41.093297    14.7785    14.8404    33.4654    33.4681    24.8368    24.8256     8.5659     7.9616    261.202    242.777     2.6606     2.3700     0.1233     2.0580     3.2943     0.0000     0.0879 -117.75070   33.49058      16.90          3  0.000e+00
      15114    629.708     19.622     19.763    14.7810    14.8433  41.036203  41.092493    14.7781    14.8404    33.4697    33.4673    24.8402    24.8250     8.5754     7.9669    261.490    242.937     2.6630     2.3712     0.1245     2.0886     3.2930     0.0000     0.0867 -117.75070   33.49058      16.90          3  0.000e+00
      17668    736.125     15.122     15.231    16.8447    16.8711  43.005821  43.046339    16.8423    16.8686    33.4769    33.4902    24.3825    24.3865     9.2107     8.5577    280.986    261.065     2.9243     2.5983     0.0855     1.1118     3.2845     0.0000     0.0696 -117.75074   33.49060      21.32          4  0.000e+00
      17669    736.167     15.069     15.178    16.8358    16.8726  43.003364  43.044085    16.8334    16.8702    33.4822    33.4869    24.3886    24.3837     9.2119     8.5575    281.023    261.061     2.9243     2.5983     0.0855     1.1118     3.2845     0.0000     0.0696 -117.75074   33.49060      21.29          4  0.000e+00
      17670    736.208     15.016     15.124    16.8341    16.8750  43.005002  43.044494    16.8317    16.8726    33.4850    33.4853    24.3912    24.3819     9.2120     8.5571    281.025    261.049     2.9243     2.5983     0.0855     1.1118     3.2845     0.0000     0.0708 -117.75074   33.49060      21.27          4  0.000e+00
      17671    736.250     15.122     15.231    16.8364    16.8755  43.006095  43.044290    16.8339    16.8731    33.4841    33.4847    24.3900    24.3813     9.2072     8.5572    280.877    261.051     2.9231     2.5983     0.0855     1.1118     3.2845     0.0000     0.0708 -117.75074   33.49060      21.27          4  0.000e+00
      17672    736.292     15.069     15.178    16.8389    16.8735  43.008348  43.042788    16.8364    16.8710    33.4840    33.4851    24.3893    24.3821     9.2020     8.5575    280.721    261.060     2.9219     2.5983     0.0855     1.1118     3.2857     0.0000     0.0696 -117.75074   33.49060      21.27          4  0.000e+00
      17673    736.333     15.069     15.178    16.8418    16.8759  43.012514  43.046201    16.8394    16.8734    33.4852    33.4861    24.3895    24.3823     9.1968     8.5570    280.562    261.045     2.9206     2.5983     0.0855     1.1118     3.2833     0.0000     0.0708 -117.75074   33.49060      21.27          4  0.000e+00
      17674    736.375     15.116     15.224    16.8452    16.8826  43.016952  43.054668    16.8428    16.8801    33.4861    33.4878    24.3895    24.3820     9.1962     8.5558    280.543    261.008     2.9206     2.5983     0.0855     1.1118     3.2845     0.0000     0.0696 -117.75074   33.49060      21.27          4  0.000e+00
      17675    736.417     15.069     15.178    16.8486    16.8884  43.020025  43.059515    16.8461    16.8859    33.4860    33.4872    24.3886    24.3802     9.1956     8.5547    280.524    260.977     2.9206     2.5983     0.0855     1.1118     3.2833     0.0000     0.0708 -117.75074   33.49060      21.27          4  0.000e+00
      17676    736.458     15.069     15.178    16.8521    16.8868  43.021869  43.055145    16.8496    16.8844    33.4848    33.4847    24.3868    24.3786     9.1904     8.5551    280.367    260.989     2.9194     2.5983     0.0855     1.1118     3.2845     0.0000     0.0696 -117.75074   33.49060      21.29          4  0.000e+00
