West Coast/WCOA-7/CTD_Data/RB2102_CTD_068_01.ros
* Sea-Bird SBE 9 Data File:
* FileName = C:\Users\scs.user.rb\CTD\RB2102\Data\RB2102_CTD_068_01.hex
* Software Version Seasave V 7.26.7.107
* Temperature SN = 6202
* Conductivity SN = 4907
* Number of Bytes Per Scan = 41
* Number of Voltage Words = 4
* Number of Scans Averaged by the Deck Unit = 1
* NMEA Latitude = 41 35.86 N
* NMEA Longitude = 124 09.19 W
* NMEA UTC (Time) = Jul 07 2021  05:05:10
* NMEA baud rate = 4800
# nquan = 30
# nvalues = 588                                   
# units = specified
# name 0 = scan: Scan Count
# name 1 = timeS: Time, Elapsed [seconds]
# name 2 = depSM: Depth [salt water, m]
# name 3 = prDM: Pressure, Digiquartz [db]
# name 4 = t090C: Temperature [ITS-90, deg C]
# name 5 = t190C: Temperature, 2 [ITS-90, deg C]
# name 6 = c0mS/cm: Conductivity [mS/cm]
# name 7 = c1mS/cm: Conductivity, 2 [mS/cm]
# name 8 = potemp090C: Potential Temperature [ITS-90, deg C]
# name 9 = potemp190C: Potential Temperature, 2 [ITS-90, deg C]
# name 10 = sal00: Salinity, Practical [PSU]
# name 11 = sal11: Salinity, Practical, 2 [PSU]
# name 12 = sigma-é00: Density [sigma-theta, kg/m^3]
# name 13 = sigma-é11: Density, 2 [sigma-theta, kg/m^3]
# name 14 = sbeox0Mg/L: Oxygen, SBE 43 [mg/l]
# name 15 = sbeox1Mg/L: Oxygen, SBE 43, 2 [mg/l]
# name 16 = sbox0Mm/Kg: Oxygen, SBE 43 [umol/kg]
# name 17 = sbox1Mm/Kg: Oxygen, SBE 43, 2 [umol/kg]
# name 18 = sbeox0V: Oxygen raw, SBE 43 [V]
# name 19 = sbeox1V: Oxygen raw, SBE 43, 2 [V]
# name 20 = v4: Voltage 4
# name 21 = flECO-AFL: Fluorescence, WET Labs ECO-AFL/FL [mg/m^3]
# name 22 = v3: Voltage 3
# name 23 = v6: Voltage 6
# name 24 = v7: Voltage 7
# name 25 = longitude: Longitude [deg]
# name 26 = latitude: Latitude [deg]
# name 27 = altM: Altimeter [m]
# name 28 = nbf: Bottles Fired
# name 29 = flag:  0.000e+00
# interval = seconds: 0.0416667
# start_time = Jul 07 2021 05:05:10 [NMEA time, header]
# bad_flag = -9.990e-29
*END*
[from data line 484]
      24201   1008.333      4.114      4.146    13.0220    13.0202  39.119839  39.119568    13.0215    13.0196    33.2246    33.2260    25.0135    25.0149    10.4985    10.8106    320.075    329.590     3.0562     2.9402     0.4640    10.5745     3.3333     0.0733     0.0000 -124.15316   41.59786      31.58         10  0.000e+00
      24202   1008.375      4.160      4.193    13.0224    13.0207  39.119314  39.119568    13.0218    13.0201    33.2238    33.2255    25.0128    25.0145    10.4985    10.8105    320.077    329.590     3.0562     2.9402     0.5153    11.8566     3.3333     0.0733     0.0000 -124.15316   41.59786      31.62         10  0.000e+00
      24203   1008.417      4.114      4.146    13.0224    13.0212  39.119182  39.120159    13.0218    13.0207    33.2237    33.2256    25.0127    25.0144    10.4984    10.8158    320.075    329.749     3.0562     2.9414     0.5324    12.2839     3.3333     0.0745     0.0000 -124.15316   41.59786      31.65         10  0.000e+00
      24204   1008.458      4.114      4.146    13.0224    13.0218  39.118590  39.120487    13.0218    13.0213    33.2231    33.2254    25.0123    25.0141    10.5035    10.8156    320.228    329.745     3.0574     2.9414     0.5311    12.2534     3.3321     0.0745     0.0000 -124.15316   41.59786      31.65         10  0.000e+00
      24205   1008.500      4.127      4.159    13.0220    13.0227  39.117802  39.120881    13.0215    13.0221    33.2227    33.2250    25.0120    25.0137    10.5036    10.8155    320.232    329.740     3.0574     2.9414     0.5287    12.1923     3.3333     0.0745     0.0000 -124.15316   41.59786      31.65         10  0.000e+00
      24206   1008.542      4.114      4.146    13.0217    13.0235  39.117736  39.121209    13.0212    13.0230    33.2229    33.2246    25.0122    25.0132    10.5036    10.8153    320.233    329.734     3.0574     2.9414     0.5287    12.1923     3.3333     0.0745     0.0000 -124.15316   41.59786      31.65         10  0.000e+00
      24246   1010.208      3.624      3.652    13.0102    13.0123  39.110507  39.112539    13.0098    13.0118    33.2263    33.2265    25.0171    25.0168    10.4854    10.8172    319.675    329.791     3.0525     2.9414     0.4139     9.3230     3.3333     0.1136     0.0000 -124.15316   41.59786      31.62         11  0.000e+00
      24247   1010.250      3.577      3.605    13.0102    13.0123  39.110638  39.112539    13.0098    13.0118    33.2265    33.2265    25.0172    25.0169    10.4853    10.8171    319.673    329.789     3.0525     2.9414     0.4139     9.3230     3.3333     0.1148     0.0000 -124.15316   41.59786      31.62         11  0.000e+00
      24248   1010.292      3.624      3.652    13.0102    13.0124  39.110967  39.112474    13.0098    13.0119    33.2268    33.2263    25.0175    25.0167    10.4853    10.8172    319.674    329.791     3.0525     2.9414     0.4139     9.3230     3.3333     0.1172     0.0000 -124.15316   41.59786      31.62         11  0.000e+00
      24249   1010.333      3.690      3.719    13.0105    13.0121  39.110967  39.112211    13.0100    13.0116    33.2265    33.2263    25.0172    25.0167    10.4854    10.8173    319.675    329.795     3.0525     2.9414     0.4151     9.3535     3.3333     0.1172     0.0000 -124.15316   41.59786      31.62         11  0.000e+00
      24250   1010.375      3.577      3.605    13.0104    13.0121  39.111164  39.112539    13.0099    13.0116    33.2269    33.2266    25.0175    25.0170    10.4852    10.8117    319.671    329.625     3.0525     2.9402     0.4139     9.3230     3.3333     0.1148     0.0000 -124.15316   41.59786      31.60         11  0.000e+00
      24251   1010.417      3.577      3.605    13.0106    13.0122  39.111492  39.112539    13.0101    13.0117    33.2270    33.2266    25.0176    25.0169    10.4902    10.8171    319.821    329.790     3.0537     2.9414     0.4139     9.3230     3.3333     0.1123     0.0000 -124.15316   41.59786      31.58         11  0.000e+00
      24252   1010.458      3.624      3.652    13.0107    13.0123  39.111230  39.112474    13.0102    13.0118    33.2266    33.2264    25.0172    25.0168    10.4902    10.8118    319.823    329.626     3.0537     2.9402     0.4151     9.3535     3.3333     0.1099     0.0000 -124.15316   41.59786      31.58         11  0.000e+00
      24253   1010.500      3.577      3.605    13.0109    13.0121  39.111230  39.112867    13.0104    13.0116    33.2265    33.2269    25.0171    25.0172    10.4851    10.8117    319.668    329.624     3.0525     2.9402     0.4151     9.3535     3.3333     0.1087     0.0000 -124.15316   41.59786      31.58         11  0.000e+00
      24254   1010.542      3.670      3.699    13.0109    13.0124  39.111296  39.112868    13.0104    13.0119    33.2265    33.2267    25.0171    25.0170    10.4853    10.8118    319.672    329.627     3.0525     2.9402     0.4249     9.5977     3.3333     0.1074     0.0000 -124.15316   41.59786      31.58         11  0.000e+00
      24255   1010.583      3.624      3.652    13.0111    13.0124  39.111361  39.113065    13.0106    13.0120    33.2264    33.2268    25.0170    25.0171    10.4852    10.8117    319.669    329.624     3.0525     2.9402     0.4298     9.7198     3.3333     0.1026     0.0000 -124.15316   41.59786      31.58         11  0.000e+00
      24256   1010.625      3.624      3.652    13.0112    13.0130  39.111033  39.113590    13.0107    13.0125    33.2260    33.2269    25.0167    25.0170    10.4902    10.8116    319.821    329.620     3.0537     2.9402     0.4310     9.7503     3.3333     0.1013     0.0000 -124.15316   41.59786      31.55         11  0.000e+00
      24257   1010.667      3.624      3.652    13.0111    13.0128  39.111164  39.113327    13.0106    13.0123    33.2262    33.2268    25.0169    25.0170    10.4902    10.8062    319.821    329.456     3.0537     2.9389     0.4298     9.7198     3.3333     0.1001     0.0000 -124.15316   41.59786      31.50         11  0.000e+00
      24258   1010.708      3.624      3.652    13.0109    13.0124  39.111493  39.112408    13.0104    13.0119    33.2267    33.2263    25.0173    25.0167    10.4902    10.8063    319.822    329.461     3.0537     2.9389     0.4298     9.7198     3.3333     0.1001     0.0000 -124.15316   41.59786      31.53         11  0.000e+00
      24259   1010.750      3.670      3.699    13.0114    13.0126  39.112216  39.113130    13.0109    13.0121    33.2269    33.2267    25.0174    25.0170    10.4901    10.8063    319.820    329.460     3.0537     2.9389     0.4298     9.7198     3.3333     0.1001     0.0000 -124.15316   41.59786      31.53         11  0.000e+00
      24260   1010.792      3.723      3.752    13.0117    13.0138  39.112084  39.114707    13.0112    13.0133    33.2265    33.2271    25.0170    25.0170    10.4901    10.8006    319.821    329.287     3.0537     2.9377     0.4298     9.7198     3.3333     0.1001     0.0000 -124.15316   41.59786      31.53         11  0.000e+00
      24261   1010.833      3.690      3.719    13.0121    13.0155  39.112018  39.115692    13.0116    13.0150    33.2261    33.2266    25.0166    25.0163    10.4900    10.8056    319.818    329.440     3.0537     2.9389     0.4298     9.7198     3.3333     0.0989     0.0000 -124.15316   41.59786      31.53         11  0.000e+00
      24262   1010.875      3.769      3.799    13.0119    13.0163  39.111690  39.115889    13.0114    13.0158    33.2259    33.2261    25.0165    25.0157    10.4902    10.8002    319.822    329.273     3.0537     2.9377     0.4298     9.7198     3.3333     0.1001     0.0000 -124.15316   41.59786      31.50         11  0.000e+00
      24263   1010.917      3.723      3.752    13.0119    13.0163  39.112019  39.115035    13.0114    13.0158    33.2263    33.2253    25.0168    25.0151    10.4901    10.8002    319.820    329.273     3.0537     2.9377     0.4298     9.7198     3.3321     0.1001     0.0000 -124.15316   41.59786      31.50         11  0.000e+00
      24264   1010.958      3.769      3.799    13.0121    13.0152  39.112544  39.114575    13.0116    13.0147    33.2266    33.2258    25.0170    25.0157    10.4901    10.8005    319.820    329.282     3.0537     2.9377     0.4298     9.7198     3.3321     0.1001     0.0000 -124.15316   41.59786      31.48         11  0.000e+00
      24265   1011.000      3.769      3.799    13.0122    13.0148  39.112676  39.115035    13.0117    13.0143    33.2266    33.2266    25.0170    25.0164    10.4901    10.8005    319.819    329.283     3.0537     2.9377     0.4298     9.7198     3.3333     0.1001     0.0000 -124.15316   41.59786      31.50         11  0.000e+00
      24266   1011.042      3.769      3.799    13.0124    13.0150  39.112413  39.115364    13.0119    13.0145    33.2262    33.2267    25.0166    25.0165    10.4901    10.8005    319.819    329.282     3.0537     2.9377     0.4298     9.7198     3.3346     0.1001     0.0000 -124.15316   41.59786      31.50         11  0.000e+00
      24267   1011.083      3.822      3.852    13.0126    13.0152  39.112413  39.115495    13.0120    13.0147    33.2260    33.2266    25.0164    25.0164    10.4901    10.8005    319.820    329.282     3.0537     2.9377     0.4298     9.7198     3.3346     0.1001     0.0000 -124.15316   41.59786      31.50         11  0.000e+00
      24268   1011.125      3.822      3.852    13.0126    13.0155  39.112085  39.115758    13.0120    13.0149    33.2257    33.2267    25.0162    25.0163    10.4951    10.7950    319.973    329.115     3.0549     2.9365     0.4298     9.7198     3.3321     0.0989     0.0000 -124.15316   41.59786      31.50         11  0.000e+00
      24269   1011.167      3.915      3.946    13.0126    13.0156  39.111691  39.116284    13.0120    13.0151    33.2253    33.2270    25.0159    25.0166    10.4953    10.8005    319.977    329.282     3.0549     2.9377     0.4298     9.7198     3.3321     0.0989     0.0000 -124.15316   41.59786      31.50         11  0.000e+00
      24270   1011.208      3.822      3.852    13.0122    13.0163  39.112150  39.116809    13.0117    13.0158    33.2261    33.2269    25.0166    25.0164    10.4952    10.7948    319.974    329.109     3.0549     2.9365     0.4298     9.7198     3.3333     0.0977     0.0000 -124.15316   41.59786      31.50         11  0.000e+00
      24271   1011.250      3.915      3.946    13.0122    13.0167  39.112414  39.117137    13.0117    13.0162    33.2263    33.2268    25.0167    25.0162    10.4953    10.7948    319.978    329.110     3.0549     2.9365     0.4298     9.7198     3.3321     0.0952     0.0000 -124.15316   41.59786      31.50         11  0.000e+00
      24272   1011.292      3.935      3.966    13.0126    13.0175  39.113399  39.117663    13.0120    13.0170    33.2269    33.2266    25.0171    25.0159    10.4952    10.7947    319.975    329.105     3.0549     2.9365     0.4298     9.7198     3.3321     0.0928     0.0000 -124.15316   41.59786      31.50         11  0.000e+00
      24273   1011.333      3.968      3.999    13.0130    13.0182  39.113399  39.118648    13.0125    13.0176    33.2265    33.2270    25.0167    25.0161    10.4952    10.7945    319.974    329.101     3.0549     2.9365     0.4298     9.7198     3.3321     0.0916     0.0000 -124.15316   41.59786      31.50         11  0.000e+00
      24274   1011.375      3.968      3.999    13.0132    13.0192  39.113859  39.119173    13.0127    13.0186    33.2268    33.2266    25.0169    25.0155    10.4901    10.7943    319.820    329.095     3.0537     2.9365     0.4298     9.7198     3.3333     0.0891     0.0000 -124.15316   41.59786      31.36         11  0.000e+00
      24275   1011.417      4.014      4.046    13.0136    13.0192  39.114385  39.118714    13.0130    13.0186    33.2269    33.2261    25.0169    25.0152    10.4951    10.7944    319.971    329.097     3.0549     2.9365     0.4298     9.7198     3.3333     0.0879     0.0000 -124.15316   41.59786      31.23         11  0.000e+00
      24276   1011.458      4.014      4.046    13.0142    13.0192  39.115700  39.118057    13.0137    13.0186    33.2276    33.2255    25.0173    25.0147    10.4949    10.7944    319.965    329.099     3.0549     2.9365     0.4298     9.7198     3.3333     0.0867     0.0000 -124.15316   41.59786      31.21         11  0.000e+00
      24277   1011.500      4.067      4.099    13.0147    13.0190  39.115568  39.117138    13.0142    13.0185    33.2270    33.2247    25.0168    25.0141    10.4949    10.7892    319.965    328.939     3.0549     2.9353     0.4298     9.7198     3.3333     0.0842     0.0000 -124.15316   41.59786      31.21         11  0.000e+00
      24278   1011.542      4.067      4.099    13.0155    13.0186  39.116160  39.117400    13.0150    13.0181    33.2269    33.2253    25.0165    25.0147    10.4947    10.7892    319.960    328.940     3.0549     2.9353     0.4298     9.7198     3.3333     0.0830     0.0000 -124.15316   41.59786      31.23         11  0.000e+00
      24279   1011.583      4.113      4.146    13.0162    13.0185  39.117014  39.116744    13.0157    13.0180    33.2270    33.2248    25.0165    25.0143    10.4946    10.7894    319.957    328.944     3.0549     2.9353     0.4298     9.7198     3.3333     0.0818     0.0000 -124.15316   41.59786      31.21         11  0.000e+00
      24280   1011.625      4.113      4.146    13.0169    13.0182  39.118131  39.117072    13.0163    13.0176    33.2275    33.2254    25.0168    25.0148    10.4894    10.7894    319.799    328.945     3.0537     2.9353     0.4029     9.0483     3.3321     0.0806     0.0000 -124.15316   41.59786      31.16         11  0.000e+00
      24281   1011.667      4.160      4.193    13.0181    13.0185  39.119248  39.118255    13.0175    13.0180    33.2275    33.2262    25.0165    25.0154    10.4942    10.7893    319.945    328.943     3.0549     2.9353     0.3822     8.5293     3.3333     0.0794     0.0000 -124.15316   41.59786      31.14         11  0.000e+00
      24282   1011.708      4.180      4.213    13.0187    13.0185  39.118986  39.118255    13.0182    13.0180    33.2267    33.2262    25.0158    25.0154    10.4892    10.7894    319.791    328.944     3.0537     2.9353     0.3797     8.4683     3.3321     0.0781     0.0000 -124.15316   41.59786      31.14         11  0.000e+00
      24283   1011.750      4.160      4.193    13.0192    13.0189  39.119183  39.118780    13.0187    13.0183    33.2264    33.2264    25.0154    25.0155    10.4890    10.7892    319.788    328.940     3.0537     2.9353     0.3810     8.4988     3.3321     0.0769     0.0000 -124.15316   41.59786      31.14         11  0.000e+00
      24284   1011.792      4.213      4.246    13.0197    13.0186  39.119183  39.118714    13.0192    13.0181    33.2260    33.2265    25.0150    25.0156    10.4890    10.7948    319.788    329.109     3.0537     2.9365     0.3822     8.5293     3.3333     0.0745     0.0000 -124.15316   41.59786      31.14         11  0.000e+00
      24285   1011.833      4.259      4.293    13.0204    13.0190  39.117868  39.119503    13.0198    13.0184    33.2242    33.2269    25.0135    25.0159    10.4941    10.7947    319.941    329.107     3.0549     2.9365     0.3822     8.5293     3.3333     0.0733     0.0000 -124.15316   41.59786      31.14         11  0.000e+00
      24286   1011.875      4.213      4.246    13.0210    13.0197  39.120234  39.119634    13.0205    13.0191    33.2258    33.2264    25.0146    25.0153    10.4888    10.7945    319.779    329.101     3.0537     2.9365     0.3822     8.5293     3.3333     0.0708     0.0000 -124.15316   41.59786      31.09         11  0.000e+00
