West Coast/WCOA-7/CTD_Data/RB2102_CTD_007_01.ros
* Sea-Bird SBE 9 Data File:
* FileName = C:\Users\scs.user.rb\CTD\RB2102\Data\RB2102_CTD_007_01.hex
* Software Version Seasave V 7.26.7.107
* Temperature SN = 6202
* Conductivity SN = 4907
* Number of Bytes Per Scan = 41
* Number of Voltage Words = 4
* Number of Scans Averaged by the Deck Unit = 1
* NMEA Latitude = 48 11.07 N
* NMEA Longitude = 126 35.91 W
* NMEA UTC (Time) = Jun 27 2021  11:49:03
* NMEA baud rate = 4800
# nquan = 30
# nvalues = 1176                                  
# units = specified
# name 0 = scan: Scan Count
# name 1 = timeS: Time, Elapsed [seconds]
# name 2 = depSM: Depth [salt water, m]
# name 3 = prDM: Pressure, Digiquartz [db]
# name 4 = t090C: Temperature [ITS-90, deg C]
# name 5 = t190C: Temperature, 2 [ITS-90, deg C]
# name 6 = c0mS/cm: Conductivity [mS/cm]
# name 7 = c1mS/cm: Conductivity, 2 [mS/cm]
# name 8 = potemp090C: Potential Temperature [ITS-90, deg C]
# name 9 = potemp190C: Potential Temperature, 2 [ITS-90, deg C]
# name 10 = sal00: Salinity, Practical [PSU]
# name 11 = sal11: Salinity, Practical, 2 [PSU]
# name 12 = sigma-é00: Density [sigma-theta, kg/m^3]
# name 13 = sigma-é11: Density, 2 [sigma-theta, kg/m^3]
# name 14 = sbeox0Mg/L: Oxygen, SBE 43 [mg/l]
# name 15 = sbeox1Mg/L: Oxygen, SBE 43, 2 [mg/l]
# name 16 = sbox0Mm/Kg: Oxygen, SBE 43 [umol/kg]
# name 17 = sbox1Mm/Kg: Oxygen, SBE 43, 2 [umol/kg]
# name 18 = sbeox0V: Oxygen raw, SBE 43 [V]
# name 19 = sbeox1V: Oxygen raw, SBE 43, 2 [V]
# name 20 = v4: Voltage 4
# name 21 = flECO-AFL: Fluorescence, WET Labs ECO-AFL/FL [mg/m^3]
# name 22 = v3: Voltage 3
# name 23 = v6: Voltage 6
# name 24 = v7: Voltage 7
# name 25 = longitude: Longitude [deg]
# name 26 = latitude: Latitude [deg]
# name 27 = altM: Altimeter [m]
# name 28 = nbf: Bottles Fired
# name 29 = flag:  0.000e+00
# interval = seconds: 0.0416667
# start_time = Jun 27 2021 11:49:03 [NMEA time, header]
# bad_flag = -9.990e-29
*END*
[from data line 49]
      89940   3747.458   2467.292   2503.048     1.7762     1.7768  31.353730  31.354117     1.5999     1.6005    34.6356    34.6354    27.7104    27.7102     2.3291     2.2989     70.822     69.904     0.8022     0.7875     0.0403    -0.0177     3.1074     1.6789     0.8242 -126.59630   48.18476      11.48          2  0.000e+00
      89941   3747.500   2467.402   2503.160     1.7759     1.7770  31.354032  31.353877     1.5996     1.6007    34.6362    34.6348    27.7109    27.7097     2.3291     2.2989     70.823     69.905     0.8022     0.7875     0.0427     0.0434     3.1087     1.6789     0.8242 -126.59630   48.18476      11.45          2  0.000e+00
      89942   3747.542   2467.293   2503.048     1.7761     1.7771  31.353971  31.353997     1.5998     1.6008    34.6360    34.6349    27.7107    27.7098     2.3291     2.2989     70.822     69.904     0.8022     0.7875     0.0415     0.0129     3.1074     1.6789     0.8242 -126.59630   48.18476      11.45          2  0.000e+00
      89943   3747.583   2467.293   2503.048     1.7760     1.7768  31.353971  31.354057     1.5997     1.6005    34.6360    34.6353    27.7108    27.7101     2.3291     2.2890     70.822     69.603     0.8022     0.7863     0.0403    -0.0177     3.1074     1.6789     0.8254 -126.59630   48.18476      11.48          2  0.000e+00
      89944   3747.625   2467.347   2503.104     1.7761     1.7772  31.353911  31.354057     1.5998     1.6009    34.6359    34.6349    27.7106    27.7097     2.3291     2.2890     70.822     69.603     0.8022     0.7863     0.0415     0.0129     3.1087     1.6789     0.8242 -126.59630   48.18476      11.45          2  0.000e+00
      89945   3747.667   2467.347   2503.104     1.7760     1.7769  31.354273  31.354057     1.5997     1.6006    34.6364    34.6351    27.7110    27.7100     2.3201     2.2989     70.548     69.904     0.8010     0.7875     0.0415     0.0129     3.1074     1.6789     0.8254 -126.59630   48.18476      11.45          2  0.000e+00
      89946   3747.708   2467.402   2503.160     1.7759     1.7769  31.354514  31.354298     1.5996     1.6006    34.6368    34.6354    27.7114    27.7102     2.3201     2.2989     70.548     69.905     0.8010     0.7875     0.0403    -0.0177     3.1087     1.6789     0.8242 -126.59630   48.18476      11.43          2  0.000e+00
      89947   3747.750   2467.348   2503.104     1.7761     1.7770  31.354695  31.354358     1.5998     1.6007    34.6368    34.6354    27.7114    27.7102     2.3200     2.2989     70.547     69.904     0.8010     0.7875     0.0415     0.0129     3.1087     1.6789     0.8242 -126.59630   48.18476      11.43          2  0.000e+00
      89948   3747.792   2467.403   2503.160     1.7760     1.7769  31.354273  31.354118     1.5997     1.6006    34.6364    34.6352    27.7110    27.7100     2.3201     2.2989     70.548     69.905     0.8010     0.7875     0.0415     0.0129     3.1087     1.6801     0.8242 -126.59630   48.18476      11.43          2  0.000e+00
      89949   3747.833   2467.457   2503.216     1.7758     1.7769  31.354454  31.354238     1.5995     1.6006    34.6368    34.6353    27.7114    27.7101     2.3201     2.2989     70.549     69.905     0.8010     0.7875     0.0415     0.0129     3.1074     1.6789     0.8242 -126.59630   48.18476      11.43          2  0.000e+00
      89950   3747.875   2467.403   2503.160     1.7761     1.7770  31.354213  31.354178     1.5998     1.6007    34.6362    34.6352    27.7109    27.7100     2.3291     2.2890     70.822     69.604     0.8022     0.7863     0.0403    -0.0177     3.1087     1.6789     0.8242 -126.59630   48.18476      11.43          2  0.000e+00
      89951   3747.917   2467.458   2503.216     1.7760     1.7768  31.354153  31.354299     1.5997     1.6004    34.6362    34.6356    27.7109    27.7103     2.3201     2.2989     70.549     69.905     0.8010     0.7875     0.0415     0.0129     3.1074     1.6789     0.8242 -126.59630   48.18476      11.43          2  0.000e+00
      89952   3747.958   2467.458   2503.217     1.7762     1.7769  31.354213  31.354720     1.5999     1.6006    34.6360    34.6359    27.7107    27.7106     2.3291     2.2890     70.823     69.604     0.8022     0.7863     0.0403    -0.0177     3.1074     1.6789     0.8242 -126.59630   48.18476      11.40          2  0.000e+00
      89953   3748.000   2467.506   2503.266     1.7763     1.7769  31.354153  31.354238     1.6000     1.6005    34.6358    34.6354    27.7106    27.7101     2.3201     2.2890     70.549     69.605     0.8010     0.7863     0.0403    -0.0177     3.1074     1.6789     0.8242 -126.59630   48.18476      11.38          2  0.000e+00
      89954   3748.042   2467.506   2503.266     1.7759     1.7773  31.354334  31.354058     1.5996     1.6009    34.6365    34.6347    27.7111    27.7096     2.3201     2.2989     70.549     69.905     0.8010     0.7875     0.0415     0.0129     3.1062     1.6789     0.8242 -126.59630   48.18476      11.38          2  0.000e+00
      89955   3748.083   2467.506   2503.266     1.7759     1.7769  31.354273  31.354058     1.5996     1.6006    34.6364    34.6351    27.7111    27.7100     2.3291     2.2890     70.824     69.605     0.8022     0.7863     0.0403    -0.0177     3.1074     1.6789     0.8242 -126.59630   48.18476      11.40          2  0.000e+00
      89956   3748.125   2467.506   2503.266     1.7760     1.7769  31.353972  31.354058     1.5997     1.6006    34.6359    34.6351    27.7107    27.7099     2.3201     2.2890     70.549     69.605     0.8010     0.7863     0.0403    -0.0177     3.1074     1.6789     0.8242 -126.59630   48.18476      11.38          2  0.000e+00
      89957   3748.167   2467.561   2503.322     1.7761     1.7768  31.354093  31.354239     1.5998     1.6004    34.6360    34.6354    27.7107    27.7102     2.3291     2.2891     70.824     69.606     0.8022     0.7863     0.0415     0.0129     3.1074     1.6801     0.8132 -126.59630   48.18476      11.40          2  0.000e+00
      89958   3748.208   2467.616   2503.378     1.7758     1.7769  31.354213  31.354359     1.5994     1.6005    34.6365    34.6354    27.7111    27.7102     2.3202     2.2891     70.551     69.606     0.8010     0.7863     0.0391    -0.0482     3.1074     1.6801     0.8010 -126.59630   48.18476      11.33          2  0.000e+00
      89959   3748.250   2467.561   2503.322     1.7760     1.7771  31.354394  31.354178     1.5997     1.6008    34.6364    34.6350    27.7111    27.7099     2.3291     2.2891     70.824     69.605     0.8022     0.7863     0.0391    -0.0482     3.1087     1.6801     0.7985 -126.59630   48.18476      11.31          2  0.000e+00
      89960   3748.292   2467.664   2503.427     1.7761     1.7769  31.354033  31.354480     1.5997     1.6006    34.6359    34.6355    27.7106    27.7103     2.3292     2.2990     70.825     69.907     0.8022     0.7875     0.0415     0.0129     3.1074     1.6789     0.7998 -126.59630   48.18476      11.28          2  0.000e+00
      89961   3748.333   2467.616   2503.378     1.7760     1.7767  31.354153  31.354660     1.5997     1.6004    34.6361    34.6360    27.7108    27.7107     2.3201     2.2990     70.550     69.907     0.8010     0.7875     0.0391    -0.0482     3.1074     1.6789     0.7998 -126.59630   48.18476      11.31          2  0.000e+00
      89962   3748.375   2467.664   2503.427     1.7761     1.7771  31.354153  31.354179     1.5997     1.6007    34.6360    34.6350    27.7107    27.7098     2.3292     2.2990     70.825     69.907     0.8022     0.7875     0.0403    -0.0177     3.1074     1.6801     0.8010 -126.59630   48.18476      11.31          2  0.000e+00
      89963   3748.417   2467.664   2503.427     1.7758     1.7768  31.354153  31.354058     1.5994     1.6004    34.6364    34.6352    27.7110    27.7100     2.3202     2.2990     70.551     69.908     0.8010     0.7875     0.0391    -0.0482     3.1087     1.6789     0.7998 -126.59630   48.18476      11.31          2  0.000e+00
      89964   3748.458   2467.719   2503.483     1.7759     1.7770  31.354455  31.354058     1.5995     1.6007    34.6366    34.6349    27.7112    27.7097     2.3202     2.2990     70.551     69.908     0.8010     0.7875     0.0391    -0.0482     3.1087     1.6789     0.7998 -126.59630   48.18476      11.21          2  0.000e+00
      89965   3748.500   2467.719   2503.483     1.7761     1.7768  31.354214  31.354299     1.5997     1.6004    34.6361    34.6354    27.7108    27.7102     2.3202     2.2990     70.551     69.908     0.8010     0.7875     0.0403    -0.0177     3.1062     1.6789     0.7998 -126.59630   48.18476      11.18          2  0.000e+00
      89966   3748.542   2467.774   2503.539     1.7761     1.7771  31.354576  31.354540     1.5997     1.6007    34.6365    34.6354    27.7111    27.7101     2.3202     2.2990     70.552     69.908     0.8010     0.7875     0.0403    -0.0177     3.1087     1.6789     0.7998 -126.59630   48.18476      11.16          2  0.000e+00
      89967   3748.583   2467.774   2503.539     1.7759     1.7769  31.354515  31.354661     1.5995     1.6005    34.6366    34.6357    27.7113    27.7105     2.3382     2.2990     71.100     69.908     0.8034     0.7875     0.0403    -0.0177     3.1087     1.6789     0.7998 -126.59630   48.18476      11.16          2  0.000e+00
      89968   3748.625   2467.822   2503.588     1.7761     1.7771  31.354274  31.354239     1.5997     1.6007    34.6361    34.6350    27.7108    27.7098     2.3292     2.2891     70.826     69.608     0.8022     0.7863     0.0391    -0.0482     3.1074     1.6789     0.7998 -126.59630   48.18476      11.16          2  0.000e+00
      89969   3748.667   2467.822   2503.588     1.7762     1.7769  31.354395  31.354300     1.5998     1.6006    34.6361    34.6352    27.7108    27.7100     2.3202     2.2990     70.552     69.909     0.8010     0.7875     0.0403    -0.0177     3.1074     1.6789     0.7998 -126.59630   48.18476      11.16          2  0.000e+00
      89970   3748.708   2467.877   2503.644     1.7761     1.7770  31.354636  31.354541     1.5997     1.6007    34.6365    34.6354    27.7111    27.7102     2.3202     2.2990     70.553     69.909     0.8010     0.7875     0.0415     0.0129     3.1074     1.6789     0.8010 -126.59630   48.18476      11.11          2  0.000e+00
      89971   3748.750   2467.877   2503.644     1.7761     1.7769  31.354214  31.354420     1.5997     1.6006    34.6360    34.6353    27.7107    27.7101     2.3202     2.2990     70.553     69.909     0.8010     0.7875     0.0403    -0.0177     3.1087     1.6789     0.7998 -126.59630   48.18476      11.09          2  0.000e+00
      89972   3748.792   2467.932   2503.700     1.7759     1.7769  31.354094  31.354722     1.5995     1.6005    34.6360    34.6357    27.7108    27.7105     2.3203     2.2991     70.554     69.910     0.8010     0.7875     0.0403    -0.0177     3.1074     1.6789     0.8010 -126.59630   48.18476      11.06          2  0.000e+00
      89973   3748.833   2467.987   2503.756     1.7759     1.7771  31.354154  31.354541     1.5996     1.6007    34.6360    34.6353    27.7108    27.7101     2.3293     2.2991     70.828     69.910     0.8022     0.7875     0.0415     0.0129     3.1074     1.6789     0.8010 -126.59630   48.18476      11.06          2  0.000e+00
      89974   3748.875   2467.932   2503.700     1.7758     1.7768  31.354214  31.354119     1.5994     1.6004    34.6363    34.6351    27.7110    27.7100     2.3293     2.2991     70.828     69.910     0.8022     0.7875     0.0403    -0.0177     3.1074     1.6789     0.8010 -126.59630   48.18476      11.06          2  0.000e+00
      89975   3748.917   2468.035   2503.806     1.7759     1.7770  31.353974  31.354481     1.5995     1.6007    34.6358    34.6352    27.7106    27.7100     2.3203     2.2991     70.555     69.910     0.8010     0.7875     0.0403    -0.0177     3.1087     1.6789     0.7998 -126.59630   48.18476      11.06          2  0.000e+00
      89976   3748.958   2467.987   2503.757     1.7759     1.7769  31.354275  31.354421     1.5996     1.6006    34.6362    34.6353    27.7109    27.7101     2.3203     2.2991     70.554     69.910     0.8010     0.7875     0.0403    -0.0177     3.1087     1.6789     0.8010 -126.59630   48.18476      10.96          2  0.000e+00
      89977   3749.000   2468.090   2503.862     1.7759     1.7766  31.354516  31.354541     1.5995     1.6002    34.6365    34.6357    27.7111    27.7105     2.3293     2.2991     70.829     69.912     0.8022     0.7875     0.0403    -0.0177     3.1087     1.6789     0.7998 -126.59630   48.18476      10.92          2  0.000e+00
      89978   3749.042   2468.090   2503.862     1.7759     1.7770  31.354456  31.354842     1.5996     1.6007    34.6364    34.6356    27.7110    27.7104     2.3203     2.2991     70.555     69.911     0.8010     0.7875     0.0415     0.0129     3.1074     1.6789     0.8010 -126.59630   48.18476      10.92          2  0.000e+00
      89979   3749.083   2468.145   2503.918     1.7759     1.7769  31.354878  31.354722     1.5995     1.6005    34.6369    34.6356    27.7114    27.7103     2.3203     2.2991     70.555     69.911     0.8010     0.7875     0.0403    -0.0177     3.1087     1.6789     0.7998 -126.59630   48.18476      10.92          2  0.000e+00
      89980   3749.125   2468.145   2503.918     1.7759     1.7769  31.354456  31.354843     1.5995     1.6005    34.6364    34.6357    27.7111    27.7104     2.3203     2.2991     70.556     69.911     0.8010     0.7875     0.0415     0.0129     3.1074     1.6789     0.8010 -126.59630   48.18476      10.92          2  0.000e+00
      89981   3749.167   2468.193   2503.967     1.7761     1.7769  31.354396  31.354481     1.5997     1.6005    34.6361    34.6353    27.7108    27.7101     2.3203     2.2893     70.556     69.611     0.8010     0.7863     0.0391    -0.0482     3.1074     1.6789     0.7998 -126.59630   48.18476      10.92          2  0.000e+00
      89982   3749.208   2468.248   2504.023     1.7759     1.7769  31.354456  31.354361     1.5995     1.6005    34.6363    34.6351    27.7110    27.7099     2.3294     2.2992     70.831     69.913     0.8022     0.7875     0.0391    -0.0482     3.1074     1.6789     0.7998 -126.59630   48.18476      10.79          2  0.000e+00
      89983   3749.250   2468.248   2504.023     1.7762     1.7771  31.354517  31.354361     1.5998     1.6007    34.6361    34.6349    27.7108    27.7098     2.3293     2.2992     70.830     69.912     0.8022     0.7875     0.0403    -0.0177     3.1074     1.6789     0.7998 -126.59630   48.18476      10.74          2  0.000e+00
      89984   3749.292   2468.303   2504.079     1.7759     1.7769  31.354216  31.354723     1.5995     1.6005    34.6360    34.6356    27.7107    27.7103     2.3294     2.2992     70.831     69.913     0.8022     0.7875     0.0403    -0.0177     3.1074     1.6789     0.7998 -126.59630   48.18476      10.74          2  0.000e+00
      89985   3749.333   2468.351   2504.128     1.7759     1.7768  31.354577  31.354904     1.5995     1.6004    34.6364    34.6359    27.7111    27.7106     2.3294     2.2893     70.832     69.613     0.8022     0.7863     0.0391    -0.0482     3.1074     1.6789     0.7998 -126.59630   48.18476      10.74          2  0.000e+00
      89986   3749.375   2468.303   2504.079     1.7758     1.7769  31.354396  31.354903     1.5994     1.6005    34.6363    34.6358    27.7110    27.7105     2.3204     2.2893     70.557     69.612     0.8010     0.7863     0.0403    -0.0177     3.1074     1.6789     0.7998 -126.59630   48.18476      10.74          2  0.000e+00
